wavelength,flux,ivar,model,targetid,clase_aprox,teff,logg,feh
4000.000000000091,76.57477569580078,0.1064528375864029,66.5881118774414,39627697021783607,F,6020.1,3.889,-1.0256
4000.800000000091,77.4168930053711,0.10087466984987259,70.07508850097656,39627697021783607,F,6020.1,3.889,-1.0256
4001.6000000000913,72.0020523071289,0.11402184516191483,70.20881652832031,39627697021783607,F,6020.1,3.889,-1.0256
4002.4000000000915,73.96855163574219,0.11899212002754211,68.95801544189453,39627697021783607,F,6020.1,3.889,-1.0256
4003.2000000000917,68.27640533447266,0.1175207644701004,68.57141876220703,39627697021783607,F,6020.1,3.889,-1.0256
4004.000000000092,74.72339630126953,0.11550946533679962,69.22606658935547,39627697021783607,F,6020.1,3.889,-1.0256
4004.800000000092,67.49775695800781,0.10516685247421265,68.74942016601562,39627697021783607,F,6020.1,3.889,-1.0256
4005.600000000092,66.12430572509766,0.11768721044063568,64.69708251953125,39627697021783607,F,6020.1,3.889,-1.0256
4006.4000000000924,65.22831726074219,0.1366906315088272,61.0189208984375,39627697021783607,F,6020.1,3.889,-1.0256
4007.2000000000926,56.824947357177734,0.13469767570495605,64.40194702148438,39627697021783607,F,6020.1,3.889,-1.0256
4008.0000000000928,65.50911712646484,0.12459653615951538,69.07331085205078,39627697021783607,F,6020.1,3.889,-1.0256
4008.800000000093,69.36219024658203,0.10657759755849838,72.41629028320312,39627697021783607,F,6020.1,3.889,-1.0256
4009.600000000093,73.69709014892578,0.10990007221698761,72.14241790771484,39627697021783607,F,6020.1,3.889,-1.0256
4010.4000000000933,71.08281707763672,0.12332957237958908,70.50131225585938,39627697021783607,F,6020.1,3.889,-1.0256
4011.2000000000935,73.52943420410156,0.11680668592453003,71.4531478881836,39627697021783607,F,6020.1,3.889,-1.0256
4012.0000000000937,77.35221099853516,0.11168229579925537,71.03677368164062,39627697021783607,F,6020.1,3.889,-1.0256
4012.800000000094,73.83500671386719,0.10912089794874191,68.2696533203125,39627697021783607,F,6020.1,3.889,-1.0256
4013.600000000094,67.8265609741211,0.11713836342096329,68.11724090576172,39627697021783607,F,6020.1,3.889,-1.0256
4014.400000000094,72.4741439819336,0.12281346321105957,68.99251556396484,39627697021783607,F,6020.1,3.889,-1.0256
4015.2000000000944,67.38218688964844,0.12039510905742645,68.5903549194336,39627697021783607,F,6020.1,3.889,-1.0256
4016.0000000000946,70.23685455322266,0.11813819408416748,70.28372955322266,39627697021783607,F,6020.1,3.889,-1.0256
4016.8000000000948,70.73550415039062,0.11631108820438385,71.43142700195312,39627697021783607,F,6020.1,3.889,-1.0256
4017.600000000095,74.52957153320312,0.11912751942873001,69.56843566894531,39627697021783607,F,6020.1,3.889,-1.0256
4018.400000000095,69.53297424316406,0.12033934891223907,67.70573425292969,39627697021783607,F,6020.1,3.889,-1.0256
4019.2000000000953,74.56108093261719,0.1130681037902832,68.8939208984375,39627697021783607,F,6020.1,3.889,-1.0256
4020.0000000000955,81.72406768798828,0.11108146607875824,72.23226165771484,39627697021783607,F,6020.1,3.889,-1.0256
4020.8000000000957,70.90996551513672,0.10972943902015686,72.95276641845703,39627697021783607,F,6020.1,3.889,-1.0256
4021.600000000096,73.96647644042969,0.1079413965344429,71.34685516357422,39627697021783607,F,6020.1,3.889,-1.0256
4022.400000000096,73.91259002685547,0.11570572853088379,69.43760681152344,39627697021783607,F,6020.1,3.889,-1.0256
4023.200000000096,70.49958038330078,0.11741334199905396,69.93148040771484,39627697021783607,F,6020.1,3.889,-1.0256
4024.0000000000964,64.58480072021484,0.11792033910751343,70.24011993408203,39627697021783607,F,6020.1,3.889,-1.0256
4024.8000000000966,68.08394622802734,0.12432701885700226,67.35680389404297,39627697021783607,F,6020.1,3.889,-1.0256
4025.6000000000968,66.96720123291016,0.12757939100265503,64.41914367675781,39627697021783607,F,6020.1,3.889,-1.0256
4026.400000000097,70.55670928955078,0.10946537554264069,67.81048583984375,39627697021783607,F,6020.1,3.889,-1.0256
4027.200000000097,79.31543731689453,0.11093846708536148,71.9120101928711,39627697021783607,F,6020.1,3.889,-1.0256
4028.0000000000973,78.22900390625,0.11335766315460205,73.320556640625,39627697021783607,F,6020.1,3.889,-1.0256
4028.8000000000975,76.49332427978516,0.11663791537284851,72.7935791015625,39627697021783607,F,6020.1,3.889,-1.0256
4029.6000000000977,74.59920501708984,0.1185942143201828,71.92058563232422,39627697021783607,F,6020.1,3.889,-1.0256
4030.400000000098,72.71410369873047,0.12604914605617523,68.07219696044922,39627697021783607,F,6020.1,3.889,-1.0256
4031.200000000098,64.24445343017578,0.14119771122932434,62.75636291503906,39627697021783607,F,6020.1,3.889,-1.0256
4032.000000000098,61.967529296875,0.13771116733551025,62.22433853149414,39627697021783607,F,6020.1,3.889,-1.0256
4032.8000000000984,67.62298583984375,0.13009414076805115,63.00193786621094,39627697021783607,F,6020.1,3.889,-1.0256
4033.6000000000986,69.38239288330078,0.12656471133232117,62.220088958740234,39627697021783607,F,6020.1,3.889,-1.0256
4034.4000000000988,67.43831634521484,0.1341145783662796,64.52798461914062,39627697021783607,F,6020.1,3.889,-1.0256
4035.200000000099,67.76707458496094,0.13418680429458618,66.58683013916016,39627697021783607,F,6020.1,3.889,-1.0256
4036.000000000099,66.58084106445312,0.12358134239912033,69.4255142211914,39627697021783607,F,6020.1,3.889,-1.0256
4036.8000000000993,69.63995361328125,0.1238127201795578,70.40945434570312,39627697021783607,F,6020.1,3.889,-1.0256
4037.6000000000995,71.56266784667969,0.12618526816368103,72.00588989257812,39627697021783607,F,6020.1,3.889,-1.0256
4038.4000000000997,70.91841125488281,0.12333352863788605,73.27088928222656,39627697021783607,F,6020.1,3.889,-1.0256
4039.2000000001,65.88221740722656,0.1306452751159668,73.46006774902344,39627697021783607,F,6020.1,3.889,-1.0256
4040.0000000001,76.7362289428711,0.11243797838687897,73.85787963867188,39627697021783607,F,6020.1,3.889,-1.0256
4040.8000000001,69.6772689819336,0.1213378831744194,73.0549545288086,39627697021783607,F,6020.1,3.889,-1.0256
4041.6000000001004,69.26527404785156,0.12378507852554321,69.80867767333984,39627697021783607,F,6020.1,3.889,-1.0256
4042.4000000001006,69.32191467285156,0.12780754268169403,69.2939453125,39627697021783607,F,6020.1,3.889,-1.0256
4043.2000000001008,73.69696044921875,0.120904341340065,72.6482162475586,39627697021783607,F,6020.1,3.889,-1.0256
4044.000000000101,75.73445892333984,0.11437474191188812,72.21717071533203,39627697021783607,F,6020.1,3.889,-1.0256
4044.800000000101,70.55349731445312,0.11909182369709015,66.72623443603516,39627697021783607,F,6020.1,3.889,-1.0256
4045.6000000001013,59.89512634277344,0.15927663445472717,60.290687561035156,39627697021783607,F,6020.1,3.889,-1.0256
4046.4000000001015,55.112464904785156,0.16519556939601898,55.545921325683594,39627697021783607,F,6020.1,3.889,-1.0256
4047.2000000001017,62.97866439819336,0.1581040769815445,61.82046890258789,39627697021783607,F,6020.1,3.889,-1.0256
4048.000000000102,71.98651123046875,0.13480764627456665,70.83011627197266,39627697021783607,F,6020.1,3.889,-1.0256
4048.800000000102,66.83645629882812,0.12538987398147583,72.9193115234375,39627697021783607,F,6020.1,3.889,-1.0256
4049.600000000102,65.97621154785156,0.12947484850883484,70.06049346923828,39627697021783607,F,6020.1,3.889,-1.0256
4050.4000000001024,69.79339599609375,0.12884405255317688,70.93272399902344,39627697021783607,F,6020.1,3.889,-1.0256
4051.2000000001026,75.11531829833984,0.1107715368270874,71.94660949707031,39627697021783607,F,6020.1,3.889,-1.0256
4052.000000000103,68.95258331298828,0.12997719645500183,71.15841674804688,39627697021783607,F,6020.1,3.889,-1.0256
4052.800000000103,78.29202270507812,0.11563649773597717,70.72225189208984,39627697021783607,F,6020.1,3.889,-1.0256
4053.600000000103,72.554931640625,0.12903434038162231,70.64092254638672,39627697021783607,F,6020.1,3.889,-1.0256
4054.4000000001033,73.5655288696289,0.1286708414554596,69.22539520263672,39627697021783607,F,6020.1,3.889,-1.0256
4055.2000000001035,67.1112289428711,0.13331452012062073,67.11090087890625,39627697021783607,F,6020.1,3.889,-1.0256
4056.0000000001037,64.39666748046875,0.13316747546195984,65.93583679199219,39627697021783607,F,6020.1,3.889,-1.0256
4056.800000000104,69.62167358398438,0.1308421790599823,68.83667755126953,39627697021783607,F,6020.1,3.889,-1.0256
4057.600000000104,66.52659606933594,0.1453634649515152,70.05455780029297,39627697021783607,F,6020.1,3.889,-1.0256
4058.4000000001042,65.38853454589844,0.14238949120044708,67.2266845703125,39627697021783607,F,6020.1,3.889,-1.0256
4059.2000000001044,66.22510528564453,0.1393524706363678,67.55278778076172,39627697021783607,F,6020.1,3.889,-1.0256
4060.0000000001046,70.6335678100586,0.13037952780723572,69.4164810180664,39627697021783607,F,6020.1,3.889,-1.0256
4060.800000000105,71.33883666992188,0.12350280582904816,71.47789001464844,39627697021783607,F,6020.1,3.889,-1.0256
4061.600000000105,71.8111572265625,0.1351451426744461,72.44458770751953,39627697021783607,F,6020.1,3.889,-1.0256
4062.400000000105,75.38787841796875,0.11507374048233032,70.51716613769531,39627697021783607,F,6020.1,3.889,-1.0256
4063.2000000001053,64.07581329345703,0.14903375506401062,65.46001434326172,39627697021783607,F,6020.1,3.889,-1.0256
4064.0000000001055,61.49367141723633,0.14711908996105194,61.007720947265625,39627697021783607,F,6020.1,3.889,-1.0256
4064.8000000001057,66.17979431152344,0.15328194200992584,61.643978118896484,39627697021783607,F,6020.1,3.889,-1.0256
4065.600000000106,68.75833129882812,0.15287676453590393,67.34009552001953,39627697021783607,F,6020.1,3.889,-1.0256
4066.400000000106,65.61149597167969,0.14311324059963226,69.95417785644531,39627697021783607,F,6020.1,3.889,-1.0256
4067.2000000001062,64.93724822998047,0.1378762573003769,67.18046569824219,39627697021783607,F,6020.1,3.889,-1.0256
4068.0000000001064,61.654380798339844,0.1477210819721222,63.687801361083984,39627697021783607,F,6020.1,3.889,-1.0256
4068.8000000001066,67.59969329833984,0.13236016035079956,66.1253890991211,39627697021783607,F,6020.1,3.889,-1.0256
4069.600000000107,73.2464828491211,0.13003742694854736,69.87018585205078,39627697021783607,F,6020.1,3.889,-1.0256
4070.400000000107,79.02889251708984,0.11803576350212097,70.27778625488281,39627697021783607,F,6020.1,3.889,-1.0256
4071.200000000107,68.76311492919922,0.13124263286590576,68.17687225341797,39627697021783607,F,6020.1,3.889,-1.0256
4072.0000000001073,61.29824447631836,0.14802874624729156,64.16276550292969,39627697021783607,F,6020.1,3.889,-1.0256
4072.8000000001075,64.52156829833984,0.15189427137374878,62.372737884521484,39627697021783607,F,6020.1,3.889,-1.0256
4073.6000000001077,73.25012969970703,0.13963064551353455,66.82156372070312,39627697021783607,F,6020.1,3.889,-1.0256
4074.400000000108,65.30480194091797,0.14155280590057373,69.73114776611328,39627697021783607,F,6020.1,3.889,-1.0256
4075.200000000108,72.08024597167969,0.13106709718704224,69.74044799804688,39627697021783607,F,6020.1,3.889,-1.0256
4076.0000000001082,71.75527954101562,0.13401997089385986,67.62916564941406,39627697021783607,F,6020.1,3.889,-1.0256
4076.8000000001084,64.58951568603516,0.1425749659538269,63.216644287109375,39627697021783607,F,6020.1,3.889,-1.0256
4077.6000000001086,66.16624450683594,0.14549905061721802,58.08932876586914,39627697021783607,F,6020.1,3.889,-1.0256
4078.400000000109,59.29558181762695,0.1459592580795288,57.713348388671875,39627697021783607,F,6020.1,3.889,-1.0256
4079.200000000109,63.430328369140625,0.1415967345237732,61.976070404052734,39627697021783607,F,6020.1,3.889,-1.0256
4080.000000000109,67.55419921875,0.13406409323215485,65.00230407714844,39627697021783607,F,6020.1,3.889,-1.0256
4080.8000000001093,69.49606323242188,0.12404827028512955,67.02433776855469,39627697021783607,F,6020.1,3.889,-1.0256
4081.6000000001095,73.31660461425781,0.1283137947320938,68.63843536376953,39627697021783607,F,6020.1,3.889,-1.0256
4082.4000000001097,76.41010284423828,0.12239201366901398,67.68134307861328,39627697021783607,F,6020.1,3.889,-1.0256
4083.20000000011,74.57492065429688,0.12752558290958405,67.1632080078125,39627697021783607,F,6020.1,3.889,-1.0256
4084.00000000011,70.4144287109375,0.12832441926002502,66.67874908447266,39627697021783607,F,6020.1,3.889,-1.0256
4084.8000000001102,65.8286361694336,0.14766144752502441,65.3302993774414,39627697021783607,F,6020.1,3.889,-1.0256
4085.6000000001104,61.90644454956055,0.14518731832504272,64.261962890625,39627697021783607,F,6020.1,3.889,-1.0256
4086.4000000001106,69.495849609375,0.13190241158008575,65.03914642333984,39627697021783607,F,6020.1,3.889,-1.0256
4087.200000000111,69.12460327148438,0.1313813328742981,67.06037902832031,39627697021783607,F,6020.1,3.889,-1.0256
4088.000000000111,77.63288116455078,0.12177927792072296,68.76490783691406,39627697021783607,F,6020.1,3.889,-1.0256
4088.800000000111,78.24456024169922,0.11992466449737549,70.26758575439453,39627697021783607,F,6020.1,3.889,-1.0256
4089.6000000001113,68.85974884033203,0.1335783451795578,70.08907318115234,39627697021783607,F,6020.1,3.889,-1.0256
4090.4000000001115,69.29492950439453,0.12419900298118591,69.647705078125,39627697021783607,F,6020.1,3.889,-1.0256
4091.2000000001117,70.71720123291016,0.1298133134841919,68.7783432006836,39627697021783607,F,6020.1,3.889,-1.0256
4092.000000000112,72.96743774414062,0.12339024245738983,68.07239532470703,39627697021783607,F,6020.1,3.889,-1.0256
4092.800000000112,62.60976028442383,0.14905491471290588,66.50526428222656,39627697021783607,F,6020.1,3.889,-1.0256
4093.6000000001122,76.10813903808594,0.1257157027721405,65.56954956054688,39627697021783607,F,6020.1,3.889,-1.0256
4094.4000000001124,74.71437072753906,0.12430988997220993,67.16693878173828,39627697021783607,F,6020.1,3.889,-1.0256
4095.2000000001126,70.864501953125,0.14032602310180664,66.49113464355469,39627697021783607,F,6020.1,3.889,-1.0256
4096.000000000113,64.89846801757812,0.14570951461791992,63.523250579833984,39627697021783607,F,6020.1,3.889,-1.0256
4096.800000000113,59.64912033081055,0.14899316430091858,61.97611999511719,39627697021783607,F,6020.1,3.889,-1.0256
4097.600000000113,62.9365234375,0.1492069661617279,61.94660568237305,39627697021783607,F,6020.1,3.889,-1.0256
4098.400000000113,60.774627685546875,0.14527921378612518,60.64962387084961,39627697021783607,F,6020.1,3.889,-1.0256
4099.2000000001135,58.199867248535156,0.14522123336791992,57.549766540527344,39627697021783607,F,6020.1,3.889,-1.0256
4100.000000000114,56.898338317871094,0.1514352709054947,55.406524658203125,39627697021783607,F,6020.1,3.889,-1.0256
4100.800000000114,54.06801223754883,0.16114601492881775,50.69233703613281,39627697021783607,F,6020.1,3.889,-1.0256
4101.600000000114,43.518741607666016,0.18527434766292572,41.892738342285156,39627697021783607,F,6020.1,3.889,-1.0256
4102.400000000114,34.889007568359375,0.2203359603881836,35.15705108642578,39627697021783607,F,6020.1,3.889,-1.0256
4103.200000000114,39.05854415893555,0.20306971669197083,37.902626037597656,39627697021783607,F,6020.1,3.889,-1.0256
4104.000000000115,50.78489685058594,0.1728142499923706,45.86233139038086,39627697021783607,F,6020.1,3.889,-1.0256
4104.800000000115,52.693145751953125,0.16224908828735352,52.986106872558594,39627697021783607,F,6020.1,3.889,-1.0256
4105.600000000115,60.990318298339844,0.14753928780555725,57.732303619384766,39627697021783607,F,6020.1,3.889,-1.0256
4106.400000000115,66.02764892578125,0.14350304007530212,60.76328659057617,39627697021783607,F,6020.1,3.889,-1.0256
4107.200000000115,64.08969116210938,0.1493673026561737,61.59972381591797,39627697021783607,F,6020.1,3.889,-1.0256
4108.0000000001155,65.45774841308594,0.1305919885635376,61.975128173828125,39627697021783607,F,6020.1,3.889,-1.0256
4108.800000000116,69.15082550048828,0.13903318345546722,62.349666595458984,39627697021783607,F,6020.1,3.889,-1.0256
4109.600000000116,61.594581604003906,0.14395365118980408,62.215789794921875,39627697021783607,F,6020.1,3.889,-1.0256
4110.400000000116,61.562782287597656,0.14772804081439972,62.33830642700195,39627697021783607,F,6020.1,3.889,-1.0256
4111.200000000116,66.26866149902344,0.13999685645103455,63.52177047729492,39627697021783607,F,6020.1,3.889,-1.0256
4112.000000000116,69.22392272949219,0.15264792740345,64.18960571289062,39627697021783607,F,6020.1,3.889,-1.0256
4112.800000000117,70.83959197998047,0.14133235812187195,64.48255157470703,39627697021783607,F,6020.1,3.889,-1.0256
4113.600000000117,72.58330535888672,0.13737961649894714,64.92428588867188,39627697021783607,F,6020.1,3.889,-1.0256
4114.400000000117,67.28401947021484,0.14473052322864532,66.56744384765625,39627697021783607,F,6020.1,3.889,-1.0256
4115.200000000117,70.58355712890625,0.13018611073493958,67.83584594726562,39627697021783607,F,6020.1,3.889,-1.0256
4116.000000000117,76.38485717773438,0.12901368737220764,69.26234436035156,39627697021783607,F,6020.1,3.889,-1.0256
4116.8000000001175,71.95518493652344,0.13059668242931366,71.1795654296875,39627697021783607,F,6020.1,3.889,-1.0256
4117.600000000118,76.64431762695312,0.12159513682126999,71.81098175048828,39627697021783607,F,6020.1,3.889,-1.0256
4118.400000000118,73.27240753173828,0.11329976469278336,70.0395278930664,39627697021783607,F,6020.1,3.889,-1.0256
4119.200000000118,63.725154876708984,0.13258081674575806,66.28086853027344,39627697021783607,F,6020.1,3.889,-1.0256
4120.000000000118,71.2477798461914,0.14017532765865326,66.4371566772461,39627697021783607,F,6020.1,3.889,-1.0256
4120.800000000118,70.20067596435547,0.1386032998561859,68.69802856445312,39627697021783607,F,6020.1,3.889,-1.0256
4121.600000000119,67.69059753417969,0.1398918628692627,69.58157348632812,39627697021783607,F,6020.1,3.889,-1.0256
4122.400000000119,68.25556182861328,0.1309387981891632,67.55006408691406,39627697021783607,F,6020.1,3.889,-1.0256
4123.200000000119,67.95011138916016,0.13239504396915436,66.82757568359375,39627697021783607,F,6020.1,3.889,-1.0256
4124.000000000119,69.05603790283203,0.1475386917591095,68.00827026367188,39627697021783607,F,6020.1,3.889,-1.0256
4124.800000000119,71.65796661376953,0.12065615504980087,69.38751220703125,39627697021783607,F,6020.1,3.889,-1.0256
4125.6000000001195,76.19942474365234,0.12571612000465393,70.32177734375,39627697021783607,F,6020.1,3.889,-1.0256
4126.40000000012,65.7998046875,0.1276603490114212,70.02149200439453,39627697021783607,F,6020.1,3.889,-1.0256
4127.20000000012,68.72589874267578,0.1395042985677719,69.1349105834961,39627697021783607,F,6020.1,3.889,-1.0256
4128.00000000012,66.16334533691406,0.1393774449825287,67.32640838623047,39627697021783607,F,6020.1,3.889,-1.0256
4128.80000000012,67.59440612792969,0.14556987583637238,64.60995483398438,39627697021783607,F,6020.1,3.889,-1.0256
4129.60000000012,70.95475769042969,0.1510823667049408,66.55821228027344,39627697021783607,F,6020.1,3.889,-1.0256
4130.400000000121,65.02522277832031,0.1506289541721344,69.02284240722656,39627697021783607,F,6020.1,3.889,-1.0256
4131.200000000121,72.03934478759766,0.13761042058467865,69.82225036621094,39627697021783607,F,6020.1,3.889,-1.0256
4132.000000000121,67.34092712402344,0.14210733771324158,67.14653015136719,39627697021783607,F,6020.1,3.889,-1.0256
4132.800000000121,67.3104019165039,0.14598652720451355,62.787864685058594,39627697021783607,F,6020.1,3.889,-1.0256
4133.600000000121,67.341064453125,0.16011270880699158,64.03199768066406,39627697021783607,F,6020.1,3.889,-1.0256
4134.4000000001215,65.50424194335938,0.1671447455883026,66.83045196533203,39627697021783607,F,6020.1,3.889,-1.0256
4135.200000000122,72.99139404296875,0.1388326734304428,67.02711486816406,39627697021783607,F,6020.1,3.889,-1.0256
4136.000000000122,67.96619415283203,0.14288344979286194,69.9281997680664,39627697021783607,F,6020.1,3.889,-1.0256
4136.800000000122,71.93441772460938,0.13631533086299896,72.45787048339844,39627697021783607,F,6020.1,3.889,-1.0256
4137.600000000122,74.32054901123047,0.11834202706813812,70.9481201171875,39627697021783607,F,6020.1,3.889,-1.0256
4138.400000000122,63.75627517700195,0.13539163768291473,70.7446517944336,39627697021783607,F,6020.1,3.889,-1.0256
4139.200000000123,75.01290893554688,0.1173209622502327,72.92671203613281,39627697021783607,F,6020.1,3.889,-1.0256
4140.000000000123,76.04685974121094,0.1289941668510437,74.50048828125,39627697021783607,F,6020.1,3.889,-1.0256
4140.800000000123,73.92228698730469,0.1364746391773224,73.87541961669922,39627697021783607,F,6020.1,3.889,-1.0256
4141.600000000123,70.44817352294922,0.14731565117835999,73.59574127197266,39627697021783607,F,6020.1,3.889,-1.0256
4142.400000000123,77.14022827148438,0.09895466268062592,72.78951263427734,39627697021783607,F,6020.1,3.889,-1.0256
4143.2000000001235,73.06636047363281,0.15117645263671875,69.75374603271484,39627697021783607,F,6020.1,3.889,-1.0256
4144.000000000124,63.60575866699219,0.16502200067043304,65.03101348876953,39627697021783607,F,6020.1,3.889,-1.0256
4144.800000000124,61.562095642089844,0.16460004448890686,63.705078125,39627697021783607,F,6020.1,3.889,-1.0256
4145.600000000124,66.38817596435547,0.15329617261886597,69.92586517333984,39627697021783607,F,6020.1,3.889,-1.0256
4146.400000000124,75.2114486694336,0.14102330803871155,73.17603302001953,39627697021783607,F,6020.1,3.889,-1.0256
4147.200000000124,74.82225799560547,0.1315613090991974,72.9142074584961,39627697021783607,F,6020.1,3.889,-1.0256
4148.000000000125,75.94294738769531,0.13019421696662903,72.43238067626953,39627697021783607,F,6020.1,3.889,-1.0256
4148.800000000125,69.84254455566406,0.14417007565498352,72.01312255859375,39627697021783607,F,6020.1,3.889,-1.0256
4149.600000000125,73.83258819580078,0.1374615728855133,71.61965942382812,39627697021783607,F,6020.1,3.889,-1.0256
4150.400000000125,69.45648956298828,0.14336995780467987,69.64910888671875,39627697021783607,F,6020.1,3.889,-1.0256
4151.200000000125,72.31048583984375,0.15336483716964722,70.2399673461914,39627697021783607,F,6020.1,3.889,-1.0256
4152.0000000001255,71.35672760009766,0.15269501507282257,72.38300323486328,39627697021783607,F,6020.1,3.889,-1.0256
4152.800000000126,76.52936553955078,0.13670288026332855,73.15614318847656,39627697021783607,F,6020.1,3.889,-1.0256
4153.600000000126,74.54408264160156,0.14277708530426025,73.1531753540039,39627697021783607,F,6020.1,3.889,-1.0256
4154.400000000126,74.74697875976562,0.14978952705860138,69.48526763916016,39627697021783607,F,6020.1,3.889,-1.0256
4155.200000000126,63.02425003051758,0.153370663523674,66.32980346679688,39627697021783607,F,6020.1,3.889,-1.0256
4156.000000000126,71.28657531738281,0.14369270205497742,69.02461242675781,39627697021783607,F,6020.1,3.889,-1.0256
4156.800000000127,67.51000213623047,0.15028175711631775,70.05792999267578,39627697021783607,F,6020.1,3.889,-1.0256
4157.600000000127,61.33230972290039,0.17307201027870178,67.95785522460938,39627697021783607,F,6020.1,3.889,-1.0256
4158.400000000127,67.99742126464844,0.14220237731933594,69.6302719116211,39627697021783607,F,6020.1,3.889,-1.0256
4159.200000000127,70.0816650390625,0.14927729964256287,71.83482360839844,39627697021783607,F,6020.1,3.889,-1.0256
4160.000000000127,71.57169342041016,0.13188013434410095,73.433349609375,39627697021783607,F,6020.1,3.889,-1.0256
4160.8000000001275,71.4427261352539,0.13932198286056519,74.21189880371094,39627697021783607,F,6020.1,3.889,-1.0256
4161.600000000128,69.26886749267578,0.14401623606681824,71.88504028320312,39627697021783607,F,6020.1,3.889,-1.0256
4162.400000000128,72.07811737060547,0.12982246279716492,70.47632598876953,39627697021783607,F,6020.1,3.889,-1.0256
4163.200000000128,71.0501708984375,0.1223410815000534,72.74826049804688,39627697021783607,F,6020.1,3.889,-1.0256
4164.000000000128,68.580810546875,0.14410102367401123,73.05921936035156,39627697021783607,F,6020.1,3.889,-1.0256
4164.800000000128,72.85189819335938,0.13832423090934753,72.34298706054688,39627697021783607,F,6020.1,3.889,-1.0256
4165.600000000129,70.36166381835938,0.14509984850883484,73.45842742919922,39627697021783607,F,6020.1,3.889,-1.0256
4166.400000000129,73.89229583740234,0.1454719752073288,74.1203842163086,39627697021783607,F,6020.1,3.889,-1.0256
4167.200000000129,74.66259002685547,0.13728201389312744,73.44439697265625,39627697021783607,F,6020.1,3.889,-1.0256
4168.000000000129,72.27958679199219,0.14682209491729736,70.91011810302734,39627697021783607,F,6020.1,3.889,-1.0256
4168.800000000129,69.12493896484375,0.14159727096557617,71.81200408935547,39627697021783607,F,6020.1,3.889,-1.0256
4169.6000000001295,68.09379577636719,0.15834957361221313,73.40494537353516,39627697021783607,F,6020.1,3.889,-1.0256
4170.40000000013,69.66959381103516,0.14484131336212158,73.5200424194336,39627697021783607,F,6020.1,3.889,-1.0256
4171.20000000013,73.3174819946289,0.14712372422218323,72.44440460205078,39627697021783607,F,6020.1,3.889,-1.0256
4172.00000000013,66.72273254394531,0.16065898537635803,68.85018157958984,39627697021783607,F,6020.1,3.889,-1.0256
4172.80000000013,61.958866119384766,0.16396847367286682,64.1940689086914,39627697021783607,F,6020.1,3.889,-1.0256
4173.60000000013,62.45671463012695,0.17011946439743042,62.62767028808594,39627697021783607,F,6020.1,3.889,-1.0256
4174.400000000131,64.6373519897461,0.15551388263702393,62.8939094543457,39627697021783607,F,6020.1,3.889,-1.0256
4175.200000000131,70.75802612304688,0.17010247707366943,66.37918853759766,39627697021783607,F,6020.1,3.889,-1.0256
4176.000000000131,71.71907043457031,0.14329347014427185,69.09426879882812,39627697021783607,F,6020.1,3.889,-1.0256
4176.800000000131,68.73219299316406,0.15659448504447937,69.9765396118164,39627697021783607,F,6020.1,3.889,-1.0256
4177.600000000131,67.61334991455078,0.15893793106079102,68.81255340576172,39627697021783607,F,6020.1,3.889,-1.0256
4178.4000000001315,65.48766326904297,0.15548181533813477,66.91747283935547,39627697021783607,F,6020.1,3.889,-1.0256
4179.200000000132,67.07706451416016,0.14878763258457184,67.858154296875,39627697021783607,F,6020.1,3.889,-1.0256
4180.000000000132,73.0259017944336,0.1473369598388672,69.22865295410156,39627697021783607,F,6020.1,3.889,-1.0256
4180.800000000132,76.08675384521484,0.14936861395835876,72.04068756103516,39627697021783607,F,6020.1,3.889,-1.0256
4181.600000000132,73.93504333496094,0.13855627179145813,71.13145446777344,39627697021783607,F,6020.1,3.889,-1.0256
4182.400000000132,73.01410675048828,0.14016246795654297,68.29279327392578,39627697021783607,F,6020.1,3.889,-1.0256
4183.200000000133,64.90196990966797,0.16432231664657593,69.26331329345703,39627697021783607,F,6020.1,3.889,-1.0256
4184.000000000133,69.4349594116211,0.15872645378112793,71.54570770263672,39627697021783607,F,6020.1,3.889,-1.0256
4184.800000000133,70.27529907226562,0.16568684577941895,71.681640625,39627697021783607,F,6020.1,3.889,-1.0256
4185.600000000133,70.61332702636719,0.15800082683563232,70.9471206665039,39627697021783607,F,6020.1,3.889,-1.0256
4186.400000000133,70.5922622680664,0.15784743428230286,72.41584014892578,39627697021783607,F,6020.1,3.889,-1.0256
4187.2000000001335,67.83389282226562,0.1655808836221695,70.30998229980469,39627697021783607,F,6020.1,3.889,-1.0256
4188.000000000134,59.403778076171875,0.1726057380437851,65.57682037353516,39627697021783607,F,6020.1,3.889,-1.0256
4188.800000000134,67.357177734375,0.17084220051765442,65.47817993164062,39627697021783607,F,6020.1,3.889,-1.0256
4189.600000000134,70.65725708007812,0.16374653577804565,69.73497009277344,39627697021783607,F,6020.1,3.889,-1.0256
4190.400000000134,68.28166198730469,0.1546761691570282,72.15764617919922,39627697021783607,F,6020.1,3.889,-1.0256
4191.200000000134,75.83049774169922,0.15615195035934448,71.10054779052734,39627697021783607,F,6020.1,3.889,-1.0256
4192.000000000135,63.96009826660156,0.16023141145706177,69.3298110961914,39627697021783607,F,6020.1,3.889,-1.0256
4192.800000000135,69.81132507324219,0.14830012619495392,70.3409652709961,39627697021783607,F,6020.1,3.889,-1.0256
4193.600000000135,73.45413208007812,0.14875586330890656,74.18110656738281,39627697021783607,F,6020.1,3.889,-1.0256
4194.400000000135,71.38343048095703,0.15307188034057617,75.93286895751953,39627697021783607,F,6020.1,3.889,-1.0256
4195.200000000135,69.06867218017578,0.13781127333641052,74.70602416992188,39627697021783607,F,6020.1,3.889,-1.0256
4196.0000000001355,65.65028381347656,0.14761686325073242,70.84452819824219,39627697021783607,F,6020.1,3.889,-1.0256
4196.800000000136,68.25927734375,0.16629695892333984,69.79096984863281,39627697021783607,F,6020.1,3.889,-1.0256
4197.600000000136,76.52416229248047,0.16289590299129486,71.70555114746094,39627697021783607,F,6020.1,3.889,-1.0256
4198.400000000136,67.05648040771484,0.16694924235343933,70.2837142944336,39627697021783607,F,6020.1,3.889,-1.0256
4199.200000000136,61.98483657836914,0.16567879915237427,63.81752395629883,39627697021783607,F,6020.1,3.889,-1.0256
4200.000000000136,63.88826370239258,0.18215790390968323,63.92819595336914,39627697021783607,F,6020.1,3.889,-1.0256
4200.800000000137,68.5877914428711,0.17406275868415833,68.87065124511719,39627697021783607,F,6020.1,3.889,-1.0256
4201.600000000137,71.35368347167969,0.1750880777835846,69.88932037353516,39627697021783607,F,6020.1,3.889,-1.0256
4202.400000000137,61.63398742675781,0.17585335671901703,67.90078735351562,39627697021783607,F,6020.1,3.889,-1.0256
4203.200000000137,68.59063720703125,0.1701134741306305,66.06207275390625,39627697021783607,F,6020.1,3.889,-1.0256
4204.000000000137,73.82384490966797,0.16090025007724762,67.2319564819336,39627697021783607,F,6020.1,3.889,-1.0256
4204.8000000001375,66.35306549072266,0.16373737156391144,67.066650390625,39627697021783607,F,6020.1,3.889,-1.0256
4205.600000000138,67.41484069824219,0.16280338168144226,68.28514862060547,39627697021783607,F,6020.1,3.889,-1.0256
4206.400000000138,70.18690490722656,0.15853658318519592,69.47483825683594,39627697021783607,F,6020.1,3.889,-1.0256
4207.200000000138,65.2553939819336,0.16431990265846252,70.53385925292969,39627697021783607,F,6020.1,3.889,-1.0256
4208.000000000138,71.90080261230469,0.14817291498184204,71.47669982910156,39627697021783607,F,6020.1,3.889,-1.0256
4208.800000000138,75.9538345336914,0.14258506894111633,74.2110595703125,39627697021783607,F,6020.1,3.889,-1.0256
4209.600000000139,69.78340148925781,0.15635156631469727,74.043212890625,39627697021783607,F,6020.1,3.889,-1.0256
4210.400000000139,73.08934783935547,0.1435866355895996,71.80082702636719,39627697021783607,F,6020.1,3.889,-1.0256
4211.200000000139,66.58545684814453,0.17655527591705322,69.77718353271484,39627697021783607,F,6020.1,3.889,-1.0256
4212.000000000139,72.50768280029297,0.15306268632411957,72.09142303466797,39627697021783607,F,6020.1,3.889,-1.0256
4212.800000000139,73.3318862915039,0.15503190457820892,73.9294204711914,39627697021783607,F,6020.1,3.889,-1.0256
4213.6000000001395,68.49867248535156,0.1669415682554245,74.13023376464844,39627697021783607,F,6020.1,3.889,-1.0256
4214.40000000014,70.11365509033203,0.15263491868972778,73.52986145019531,39627697021783607,F,6020.1,3.889,-1.0256
4215.20000000014,67.88815307617188,0.16586607694625854,72.83979034423828,39627697021783607,F,6020.1,3.889,-1.0256
4216.00000000014,64.04375457763672,0.16209083795547485,68.49030303955078,39627697021783607,F,6020.1,3.889,-1.0256
4216.80000000014,60.955894470214844,0.18765044212341309,65.24927520751953,39627697021783607,F,6020.1,3.889,-1.0256
4217.60000000014,65.10420227050781,0.17192378640174866,67.56033325195312,39627697021783607,F,6020.1,3.889,-1.0256
4218.400000000141,70.16764068603516,0.15672659873962402,70.54578399658203,39627697021783607,F,6020.1,3.889,-1.0256
4219.200000000141,73.6019058227539,0.1579551100730896,72.53732299804688,39627697021783607,F,6020.1,3.889,-1.0256
4220.000000000141,67.84112548828125,0.1614503264427185,71.46853637695312,39627697021783607,F,6020.1,3.889,-1.0256
4220.800000000141,69.14828491210938,0.16611352562904358,72.11080169677734,39627697021783607,F,6020.1,3.889,-1.0256
4221.600000000141,69.55944061279297,0.15241006016731262,74.06803894042969,39627697021783607,F,6020.1,3.889,-1.0256
4222.4000000001415,69.97776794433594,0.16429376602172852,73.49748992919922,39627697021783607,F,6020.1,3.889,-1.0256
4223.200000000142,68.77999114990234,0.16942718625068665,70.93252563476562,39627697021783607,F,6020.1,3.889,-1.0256
4224.000000000142,66.518798828125,0.1640845239162445,70.8643569946289,39627697021783607,F,6020.1,3.889,-1.0256
4224.800000000142,67.22386932373047,0.16482964158058167,69.02056884765625,39627697021783607,F,6020.1,3.889,-1.0256
4225.600000000142,67.60476684570312,0.1825716346502304,66.21229553222656,39627697021783607,F,6020.1,3.889,-1.0256
4226.400000000142,57.14456558227539,0.2087928056716919,61.37982940673828,39627697021783607,F,6020.1,3.889,-1.0256
4227.200000000143,47.399871826171875,0.2387849986553192,54.9503288269043,39627697021783607,F,6020.1,3.889,-1.0256
4228.000000000143,50.220890045166016,0.24739880859851837,54.84945297241211,39627697021783607,F,6020.1,3.889,-1.0256
4228.800000000143,61.426822662353516,0.1966024786233902,64.72772216796875,39627697021783607,F,6020.1,3.889,-1.0256
4229.600000000143,73.77263641357422,0.16717565059661865,72.58367156982422,39627697021783607,F,6020.1,3.889,-1.0256
4230.400000000143,72.70012664794922,0.16544336080551147,73.43510437011719,39627697021783607,F,6020.1,3.889,-1.0256
4231.2000000001435,72.0116958618164,0.15702006220817566,74.39414978027344,39627697021783607,F,6020.1,3.889,-1.0256
4232.000000000144,70.67706298828125,0.169409841299057,75.02589416503906,39627697021783607,F,6020.1,3.889,-1.0256
4232.800000000144,71.11549377441406,0.16160732507705688,73.21495056152344,39627697021783607,F,6020.1,3.889,-1.0256
4233.600000000144,67.2974624633789,0.1642436385154724,68.48583221435547,39627697021783607,F,6020.1,3.889,-1.0256
4234.400000000144,66.64693450927734,0.17063327133655548,65.74954986572266,39627697021783607,F,6020.1,3.889,-1.0256
4235.200000000144,68.48003387451172,0.15969419479370117,68.91752624511719,39627697021783607,F,6020.1,3.889,-1.0256
4236.000000000145,68.03718566894531,0.16446003317832947,67.75079345703125,39627697021783607,F,6020.1,3.889,-1.0256
4236.800000000145,67.57783508300781,0.18529850244522095,65.32120513916016,39627697021783607,F,6020.1,3.889,-1.0256
4237.600000000145,66.54802703857422,0.18443916738033295,69.22148895263672,39627697021783607,F,6020.1,3.889,-1.0256
4238.400000000145,70.5391616821289,0.16964979469776154,71.75568389892578,39627697021783607,F,6020.1,3.889,-1.0256
4239.200000000145,66.28524780273438,0.1865883767604828,70.12599182128906,39627697021783607,F,6020.1,3.889,-1.0256
4240.0000000001455,65.28958129882812,0.17032957077026367,67.62293243408203,39627697021783607,F,6020.1,3.889,-1.0256
4240.800000000146,74.45661163330078,0.16680456697940826,67.12861633300781,39627697021783607,F,6020.1,3.889,-1.0256
4241.600000000146,70.6874771118164,0.166948601603508,70.51844024658203,39627697021783607,F,6020.1,3.889,-1.0256
4242.400000000146,70.08883666992188,0.1642950475215912,72.3443374633789,39627697021783607,F,6020.1,3.889,-1.0256
4243.200000000146,65.20684814453125,0.1687467098236084,70.05309295654297,39627697021783607,F,6020.1,3.889,-1.0256
4244.000000000146,67.5560073852539,0.1826423704624176,71.02729034423828,39627697021783607,F,6020.1,3.889,-1.0256
4244.800000000147,70.82942199707031,0.17029958963394165,73.28704833984375,39627697021783607,F,6020.1,3.889,-1.0256
4245.600000000147,70.52082824707031,0.16065487265586853,73.20172119140625,39627697021783607,F,6020.1,3.889,-1.0256
4246.400000000147,70.3974609375,0.15634402632713318,70.68992614746094,39627697021783607,F,6020.1,3.889,-1.0256
4247.200000000147,60.650962829589844,0.16314852237701416,67.8960189819336,39627697021783607,F,6020.1,3.889,-1.0256
4248.000000000147,58.49317932128906,0.17252078652381897,65.7181167602539,39627697021783607,F,6020.1,3.889,-1.0256
4248.8000000001475,71.13372802734375,0.17631074786186218,68.34147644042969,39627697021783607,F,6020.1,3.889,-1.0256
4249.600000000148,68.42530822753906,0.1812801957130432,70.78392028808594,39627697021783607,F,6020.1,3.889,-1.0256
4250.400000000148,63.53784942626953,0.20048071444034576,68.86161041259766,39627697021783607,F,6020.1,3.889,-1.0256
4251.200000000148,69.13150024414062,0.17872919142246246,65.01726531982422,39627697021783607,F,6020.1,3.889,-1.0256
4252.000000000148,66.06739044189453,0.17141243815422058,67.1292495727539,39627697021783607,F,6020.1,3.889,-1.0256
4252.800000000148,75.04945373535156,0.16382993757724762,72.21891784667969,39627697021783607,F,6020.1,3.889,-1.0256
4253.600000000149,69.22262573242188,0.1563766449689865,73.34442138671875,39627697021783607,F,6020.1,3.889,-1.0256
4254.400000000149,68.5909652709961,0.1719779223203659,70.60623931884766,39627697021783607,F,6020.1,3.889,-1.0256
4255.200000000149,62.65894317626953,0.18724799156188965,67.31277465820312,39627697021783607,F,6020.1,3.889,-1.0256
4256.000000000149,62.330650329589844,0.20346754789352417,69.56114196777344,39627697021783607,F,6020.1,3.889,-1.0256
4256.800000000149,74.10075378417969,0.17141684889793396,72.40818786621094,39627697021783607,F,6020.1,3.889,-1.0256
4257.6000000001495,70.3651351928711,0.16971322894096375,74.1658935546875,39627697021783607,F,6020.1,3.889,-1.0256
4258.40000000015,74.04043579101562,0.16610273718833923,72.61344909667969,39627697021783607,F,6020.1,3.889,-1.0256
4259.20000000015,69.33088684082031,0.1711834967136383,69.17936706542969,39627697021783607,F,6020.1,3.889,-1.0256
4260.00000000015,72.85289001464844,0.1755041480064392,68.61868286132812,39627697021783607,F,6020.1,3.889,-1.0256
4260.80000000015,60.36398696899414,0.18836680054664612,65.91502380371094,39627697021783607,F,6020.1,3.889,-1.0256
4261.60000000015,69.38163757324219,0.20850276947021484,64.39053344726562,39627697021783607,F,6020.1,3.889,-1.0256
4262.400000000151,67.55294036865234,0.18063762784004211,68.34758758544922,39627697021783607,F,6020.1,3.889,-1.0256
4263.200000000151,68.49067687988281,0.17765429615974426,72.3604965209961,39627697021783607,F,6020.1,3.889,-1.0256
4264.000000000151,73.68550109863281,0.16545754671096802,73.66732788085938,39627697021783607,F,6020.1,3.889,-1.0256
4264.800000000151,68.03504180908203,0.15972308814525604,73.2662353515625,39627697021783607,F,6020.1,3.889,-1.0256
4265.600000000151,63.71122741699219,0.17326176166534424,73.37136840820312,39627697021783607,F,6020.1,3.889,-1.0256
4266.4000000001515,72.81454467773438,0.1557633876800537,74.06285095214844,39627697021783607,F,6020.1,3.889,-1.0256
4267.200000000152,69.35368347167969,0.15551802515983582,73.78330993652344,39627697021783607,F,6020.1,3.889,-1.0256
4268.000000000152,67.18583679199219,0.14120686054229736,72.08282470703125,39627697021783607,F,6020.1,3.889,-1.0256
4268.800000000152,63.987884521484375,0.18041634559631348,70.82400512695312,39627697021783607,F,6020.1,3.889,-1.0256
4269.600000000152,62.530975341796875,0.19849982857704163,70.7960433959961,39627697021783607,F,6020.1,3.889,-1.0256
4270.400000000152,72.41384887695312,0.1749226301908493,70.52477264404297,39627697021783607,F,6020.1,3.889,-1.0256
4271.200000000153,64.83222961425781,0.20449993014335632,68.09748077392578,39627697021783607,F,6020.1,3.889,-1.0256
4272.000000000153,56.9945068359375,0.20983469486236572,62.524810791015625,39627697021783607,F,6020.1,3.889,-1.0256
4272.800000000153,56.57394027709961,0.22402457892894745,61.95279312133789,39627697021783607,F,6020.1,3.889,-1.0256
4273.600000000153,64.96142578125,0.20822131633758545,67.74983978271484,39627697021783607,F,6020.1,3.889,-1.0256
4274.400000000153,60.99931716918945,0.2146196812391281,69.06794738769531,39627697021783607,F,6020.1,3.889,-1.0256
4275.2000000001535,64.20331573486328,0.20407634973526,67.74921417236328,39627697021783607,F,6020.1,3.889,-1.0256
4276.000000000154,62.620262145996094,0.21187469363212585,66.86532592773438,39627697021783607,F,6020.1,3.889,-1.0256
4276.800000000154,72.76959991455078,0.14084367454051971,69.6112060546875,39627697021783607,F,6020.1,3.889,-1.0256
4277.600000000154,67.56255340576172,0.1650102734565735,71.67442321777344,39627697021783607,F,6020.1,3.889,-1.0256
4278.400000000154,70.3260269165039,0.190357968211174,72.19831085205078,39627697021783607,F,6020.1,3.889,-1.0256
4279.200000000154,71.31665802001953,0.18617507815361023,72.52694702148438,39627697021783607,F,6020.1,3.889,-1.0256
4280.000000000155,64.23101043701172,0.15555882453918457,72.18220520019531,39627697021783607,F,6020.1,3.889,-1.0256
4280.800000000155,62.9561882019043,0.1805117428302765,70.33000183105469,39627697021783607,F,6020.1,3.889,-1.0256
4281.600000000155,65.90090942382812,0.1784096509218216,70.17974090576172,39627697021783607,F,6020.1,3.889,-1.0256
4282.400000000155,67.64511108398438,0.18736311793327332,70.48524475097656,39627697021783607,F,6020.1,3.889,-1.0256
4283.200000000155,61.24148178100586,0.2029927670955658,67.69900512695312,39627697021783607,F,6020.1,3.889,-1.0256
4284.0000000001555,69.23196411132812,0.17817234992980957,67.61820220947266,39627697021783607,F,6020.1,3.889,-1.0256
4284.800000000156,66.77389526367188,0.18401145935058594,70.01322937011719,39627697021783607,F,6020.1,3.889,-1.0256
4285.600000000156,65.62570190429688,0.186198890209198,69.8395767211914,39627697021783607,F,6020.1,3.889,-1.0256
4286.400000000156,61.678436279296875,0.19759440422058105,68.90581512451172,39627697021783607,F,6020.1,3.889,-1.0256
4287.200000000156,65.65950012207031,0.19337746500968933,69.13531494140625,39627697021783607,F,6020.1,3.889,-1.0256
4288.000000000156,62.914161682128906,0.20278754830360413,68.95126342773438,39627697021783607,F,6020.1,3.889,-1.0256
4288.800000000157,61.25606155395508,0.195855975151062,66.4323959350586,39627697021783607,F,6020.1,3.889,-1.0256
4289.600000000157,63.180931091308594,0.19845950603485107,63.25891876220703,39627697021783607,F,6020.1,3.889,-1.0256
4290.400000000157,58.50007247924805,0.22190389037132263,58.717918395996094,39627697021783607,F,6020.1,3.889,-1.0256
4291.200000000157,59.021121978759766,0.2347230762243271,59.18360137939453,39627697021783607,F,6020.1,3.889,-1.0256
4292.000000000157,61.05794143676758,0.198790043592453,64.13245391845703,39627697021783607,F,6020.1,3.889,-1.0256
4292.8000000001575,67.3276138305664,0.18904083967208862,68.82106018066406,39627697021783607,F,6020.1,3.889,-1.0256
4293.600000000158,69.68563842773438,0.18318510055541992,71.1135482788086,39627697021783607,F,6020.1,3.889,-1.0256
4294.400000000158,66.36009979248047,0.19628161191940308,69.69145202636719,39627697021783607,F,6020.1,3.889,-1.0256
4295.200000000158,66.88204193115234,0.2024829387664795,66.82657623291016,39627697021783607,F,6020.1,3.889,-1.0256
4296.000000000158,62.204219818115234,0.2129836082458496,67.7726058959961,39627697021783607,F,6020.1,3.889,-1.0256
4296.800000000158,69.39495849609375,0.19880272448062897,68.26001739501953,39627697021783607,F,6020.1,3.889,-1.0256
4297.600000000159,59.73735809326172,0.2095487266778946,67.00169372558594,39627697021783607,F,6020.1,3.889,-1.0256
4298.400000000159,59.220848083496094,0.22651025652885437,66.44790649414062,39627697021783607,F,6020.1,3.889,-1.0256
4299.200000000159,61.0142707824707,0.22142870724201202,62.51588821411133,39627697021783607,F,6020.1,3.889,-1.0256
4300.000000000159,52.24905014038086,0.2489689439535141,57.170528411865234,39627697021783607,F,6020.1,3.889,-1.0256
4300.800000000159,50.50386047363281,0.2558590769767761,57.62570571899414,39627697021783607,F,6020.1,3.889,-1.0256
4301.6000000001595,55.17639923095703,0.26269716024398804,60.41825485229492,39627697021783607,F,6020.1,3.889,-1.0256
4302.40000000016,59.65409851074219,0.24644190073013306,61.204288482666016,39627697021783607,F,6020.1,3.889,-1.0256
4303.20000000016,55.437416076660156,0.22297507524490356,58.87469482421875,39627697021783607,F,6020.1,3.889,-1.0256
4304.00000000016,56.24247360229492,0.23131543397903442,60.762306213378906,39627697021783607,F,6020.1,3.889,-1.0256
4304.80000000016,62.12141036987305,0.22387459874153137,64.84473419189453,39627697021783607,F,6020.1,3.889,-1.0256
4305.60000000016,63.92052459716797,0.21310441195964813,65.06024169921875,39627697021783607,F,6020.1,3.889,-1.0256
4306.400000000161,59.98162841796875,0.2109862118959427,63.54743957519531,39627697021783607,F,6020.1,3.889,-1.0256
4307.200000000161,57.343196868896484,0.23060598969459534,64.65348052978516,39627697021783607,F,6020.1,3.889,-1.0256
4308.000000000161,60.10196304321289,0.2312544733285904,61.70344543457031,39627697021783607,F,6020.1,3.889,-1.0256
4308.800000000161,47.913970947265625,0.26640474796295166,56.23968505859375,39627697021783607,F,6020.1,3.889,-1.0256
4309.600000000161,55.02354431152344,0.2515503168106079,59.2461051940918,39627697021783607,F,6020.1,3.889,-1.0256
4310.4000000001615,56.136077880859375,0.26787713170051575,62.20193862915039,39627697021783607,F,6020.1,3.889,-1.0256
4311.200000000162,54.996952056884766,0.23316119611263275,65.55987548828125,39627697021783607,F,6020.1,3.889,-1.0256
4312.000000000162,59.766597747802734,0.23619776964187622,68.00865173339844,39627697021783607,F,6020.1,3.889,-1.0256
4312.800000000162,57.76369857788086,0.22981509566307068,67.81835174560547,39627697021783607,F,6020.1,3.889,-1.0256
4313.600000000162,60.015106201171875,0.21594509482383728,66.27722930908203,39627697021783607,F,6020.1,3.889,-1.0256
4314.400000000162,63.137672424316406,0.19311639666557312,65.9487533569336,39627697021783607,F,6020.1,3.889,-1.0256
4315.200000000163,63.041683197021484,0.17998558282852173,62.63860321044922,39627697021783607,F,6020.1,3.889,-1.0256
4316.000000000163,64.2400894165039,0.11972105503082275,62.597801208496094,39627697021783607,F,6020.1,3.889,-1.0256
4316.800000000163,68.09235382080078,0.1228221207857132,68.70013427734375,39627697021783607,F,6020.1,3.889,-1.0256
4317.600000000163,72.23461151123047,0.16254150867462158,71.31261444091797,39627697021783607,F,6020.1,3.889,-1.0256
4318.400000000163,72.44000244140625,0.12046843767166138,71.34730529785156,39627697021783607,F,6020.1,3.889,-1.0256
4319.2000000001635,72.55059814453125,0.13224996626377106,70.39276885986328,39627697021783607,F,6020.1,3.889,-1.0256
4320.000000000164,69.59429168701172,0.1858753263950348,70.3519287109375,39627697021783607,F,6020.1,3.889,-1.0256
4320.800000000164,68.42113494873047,0.16814041137695312,69.17469024658203,39627697021783607,F,6020.1,3.889,-1.0256
4321.600000000164,67.33939361572266,0.17311465740203857,66.3984375,39627697021783607,F,6020.1,3.889,-1.0256
4322.400000000164,69.66458892822266,0.164714053273201,68.74514770507812,39627697021783607,F,6020.1,3.889,-1.0256
4323.200000000164,61.657447814941406,0.11949712038040161,70.67308044433594,39627697021783607,F,6020.1,3.889,-1.0256
4324.000000000165,68.26622009277344,0.18007789552211761,68.67090606689453,39627697021783607,F,6020.1,3.889,-1.0256
4324.800000000165,59.33094787597656,0.21121200919151306,65.42825317382812,39627697021783607,F,6020.1,3.889,-1.0256
4325.600000000165,61.49763107299805,0.22613245248794556,60.75185775756836,39627697021783607,F,6020.1,3.889,-1.0256
4326.400000000165,55.32929229736328,0.2389480471611023,56.39110565185547,39627697021783607,F,6020.1,3.889,-1.0256
4327.200000000165,63.4648551940918,0.21787801384925842,59.55104446411133,39627697021783607,F,6020.1,3.889,-1.0256
4328.0000000001655,69.30674743652344,0.19104282557964325,64.51322174072266,39627697021783607,F,6020.1,3.889,-1.0256
4328.800000000166,67.85964965820312,0.18281126022338867,67.85150146484375,39627697021783607,F,6020.1,3.889,-1.0256
4329.600000000166,70.86837005615234,0.17510904371738434,69.17601013183594,39627697021783607,F,6020.1,3.889,-1.0256
4330.400000000166,72.7203598022461,0.16857361793518066,67.82997131347656,39627697021783607,F,6020.1,3.889,-1.0256
4331.200000000166,65.23389434814453,0.18277910351753235,64.8624038696289,39627697021783607,F,6020.1,3.889,-1.0256
4332.000000000166,66.23695373535156,0.18227002024650574,64.5169906616211,39627697021783607,F,6020.1,3.889,-1.0256
4332.800000000167,70.89591217041016,0.18207162618637085,65.54999542236328,39627697021783607,F,6020.1,3.889,-1.0256
4333.600000000167,71.50497436523438,0.17571762204170227,65.48847198486328,39627697021783607,F,6020.1,3.889,-1.0256
4334.400000000167,71.81771087646484,0.19255118072032928,64.8777084350586,39627697021783607,F,6020.1,3.889,-1.0256
4335.200000000167,71.06314849853516,0.17794209718704224,64.62139892578125,39627697021783607,F,6020.1,3.889,-1.0256
4336.000000000167,65.6994400024414,0.17754974961280823,63.99610137939453,39627697021783607,F,6020.1,3.889,-1.0256
4336.8000000001675,62.275352478027344,0.18015633523464203,61.831642150878906,39627697021783607,F,6020.1,3.889,-1.0256
4337.600000000168,52.52229309082031,0.19165906310081482,57.02149963378906,39627697021783607,F,6020.1,3.889,-1.0256
4338.400000000168,50.36456298828125,0.2272956669330597,51.992008209228516,39627697021783607,F,6020.1,3.889,-1.0256
4339.200000000168,50.034400939941406,0.23360483348369598,49.07450866699219,39627697021783607,F,6020.1,3.889,-1.0256
4340.000000000168,46.2767219543457,0.2571612000465393,44.0374641418457,39627697021783607,F,6020.1,3.889,-1.0256
4340.800000000168,31.985008239746094,0.30368274450302124,36.48773956298828,39627697021783607,F,6020.1,3.889,-1.0256
4341.600000000169,30.425617218017578,0.34780430793762207,34.24675369262695,39627697021783607,F,6020.1,3.889,-1.0256
4342.400000000169,41.978511810302734,0.2534366846084595,41.01185989379883,39627697021783607,F,6020.1,3.889,-1.0256
4343.200000000169,53.52342224121094,0.19869858026504517,49.7164421081543,39627697021783607,F,6020.1,3.889,-1.0256
4344.000000000169,55.41630172729492,0.18918246030807495,54.042396545410156,39627697021783607,F,6020.1,3.889,-1.0256
4344.800000000169,63.70722579956055,0.16221340000629425,55.67860412597656,39627697021783607,F,6020.1,3.889,-1.0256
4345.6000000001695,55.335784912109375,0.17197586596012115,58.02925491333008,39627697021783607,F,6020.1,3.889,-1.0256
4346.40000000017,61.585723876953125,0.16979750990867615,61.58096694946289,39627697021783607,F,6020.1,3.889,-1.0256
4347.20000000017,63.5410270690918,0.16704252362251282,63.50118637084961,39627697021783607,F,6020.1,3.889,-1.0256
4348.00000000017,66.18167877197266,0.1528947353363037,64.35982513427734,39627697021783607,F,6020.1,3.889,-1.0256
4348.80000000017,68.42992401123047,0.13809645175933838,64.80419158935547,39627697021783607,F,6020.1,3.889,-1.0256
4349.60000000017,64.7723388671875,0.13190656900405884,65.6307373046875,39627697021783607,F,6020.1,3.889,-1.0256
4350.400000000171,74.38212585449219,0.11614863574504852,66.52206420898438,39627697021783607,F,6020.1,3.889,-1.0256
4351.200000000171,63.622825622558594,0.13621117174625397,64.91361236572266,39627697021783607,F,6020.1,3.889,-1.0256
4352.000000000171,62.74738693237305,0.13356322050094604,59.70393753051758,39627697021783607,F,6020.1,3.889,-1.0256
4352.800000000171,58.72673416137695,0.12496842443943024,56.42930603027344,39627697021783607,F,6020.1,3.889,-1.0256
4353.600000000171,60.23394012451172,0.12490435689687729,61.24073028564453,39627697021783607,F,6020.1,3.889,-1.0256
4354.4000000001715,66.56582641601562,0.10670372098684311,66.7707748413086,39627697021783607,F,6020.1,3.889,-1.0256
4355.200000000172,72.87629699707031,0.09366798400878906,67.38905334472656,39627697021783607,F,6020.1,3.889,-1.0256
4356.000000000172,71.36710357666016,0.09121459722518921,67.35132598876953,39627697021783607,F,6020.1,3.889,-1.0256
4356.800000000172,60.312889099121094,0.0878148227930069,69.4014663696289,39627697021783607,F,6020.1,3.889,-1.0256
4357.600000000172,65.7214584350586,0.08693796396255493,70.87769317626953,39627697021783607,F,6020.1,3.889,-1.0256
4358.400000000172,65.49268341064453,0.07537895441055298,70.33770751953125,39627697021783607,F,6020.1,3.889,-1.0256
4359.200000000173,73.68829345703125,0.07870574295520782,68.0250473022461,39627697021783607,F,6020.1,3.889,-1.0256
4360.000000000173,64.6476821899414,0.0850125253200531,66.94849395751953,39627697021783607,F,6020.1,3.889,-1.0256
4360.800000000173,70.07008361816406,0.07867725193500519,67.43756103515625,39627697021783607,F,6020.1,3.889,-1.0256
4361.600000000173,71.79481506347656,0.07187481969594955,69.65026092529297,39627697021783607,F,6020.1,3.889,-1.0256
4362.400000000173,73.5594253540039,0.07553105056285858,71.27494049072266,39627697021783607,F,6020.1,3.889,-1.0256
4363.2000000001735,78.10523223876953,0.07080920040607452,71.40868377685547,39627697021783607,F,6020.1,3.889,-1.0256
4364.000000000174,71.7042236328125,0.0817141905426979,71.44083404541016,39627697021783607,F,6020.1,3.889,-1.0256
4364.800000000174,71.7469482421875,0.0808788537979126,72.57898712158203,39627697021783607,F,6020.1,3.889,-1.0256
4365.600000000174,75.89054870605469,0.07607142627239227,73.52799224853516,39627697021783607,F,6020.1,3.889,-1.0256
4366.400000000174,74.91598510742188,0.07463288307189941,73.59749603271484,39627697021783607,F,6020.1,3.889,-1.0256
4367.200000000174,68.37515258789062,0.08487167209386826,72.37346649169922,39627697021783607,F,6020.1,3.889,-1.0256
4368.000000000175,59.689842224121094,0.09436781704425812,69.88056182861328,39627697021783607,F,6020.1,3.889,-1.0256
4368.800000000175,70.38626098632812,0.0881672352552414,67.67174530029297,39627697021783607,F,6020.1,3.889,-1.0256
4369.600000000175,73.98541259765625,0.09237413108348846,68.8973617553711,39627697021783607,F,6020.1,3.889,-1.0256
4370.400000000175,66.67833709716797,0.09187750518321991,68.78001403808594,39627697021783607,F,6020.1,3.889,-1.0256
4371.200000000175,70.52867889404297,0.10147196054458618,69.35112762451172,39627697021783607,F,6020.1,3.889,-1.0256
4372.0000000001755,68.75695037841797,0.10432020574808121,69.80204010009766,39627697021783607,F,6020.1,3.889,-1.0256
4372.800000000176,72.10320281982422,0.11183328926563263,71.35126495361328,39627697021783607,F,6020.1,3.889,-1.0256
4373.600000000176,68.76717376708984,0.10550462454557419,71.59735870361328,39627697021783607,F,6020.1,3.889,-1.0256
4374.400000000176,66.0705337524414,0.11484493315219879,69.5431137084961,39627697021783607,F,6020.1,3.889,-1.0256
4375.200000000176,62.27042770385742,0.13321879506111145,65.62561798095703,39627697021783607,F,6020.1,3.889,-1.0256
4376.000000000176,59.983768463134766,0.1321059763431549,63.770233154296875,39627697021783607,F,6020.1,3.889,-1.0256
4376.800000000177,61.11435317993164,0.1355460286140442,66.52584075927734,39627697021783607,F,6020.1,3.889,-1.0256
4377.600000000177,67.592041015625,0.12807057797908783,71.13517761230469,39627697021783607,F,6020.1,3.889,-1.0256
4378.400000000177,71.84505462646484,0.13694538176059723,73.17301177978516,39627697021783607,F,6020.1,3.889,-1.0256
4379.200000000177,67.83349609375,0.13100826740264893,73.31961059570312,39627697021783607,F,6020.1,3.889,-1.0256
4380.000000000177,73.59645080566406,0.1392286717891693,72.51470184326172,39627697021783607,F,6020.1,3.889,-1.0256
4380.8000000001775,64.6265640258789,0.14213994145393372,72.35821533203125,39627697021783607,F,6020.1,3.889,-1.0256
4381.600000000178,63.746612548828125,0.14898282289505005,73.2112045288086,39627697021783607,F,6020.1,3.889,-1.0256
4382.400000000178,68.18276977539062,0.14455482363700867,73.51996612548828,39627697021783607,F,6020.1,3.889,-1.0256
4383.200000000178,67.27191162109375,0.16221755743026733,69.77182006835938,39627697021783607,F,6020.1,3.889,-1.0256
4384.000000000178,59.379703521728516,0.18037524819374084,62.529022216796875,39627697021783607,F,6020.1,3.889,-1.0256
4384.800000000178,55.95135498046875,0.19643881916999817,58.41326141357422,39627697021783607,F,6020.1,3.889,-1.0256
4385.600000000179,63.99067687988281,0.18845492601394653,60.1914176940918,39627697021783607,F,6020.1,3.889,-1.0256
4386.400000000179,65.9233627319336,0.16790546476840973,65.3340072631836,39627697021783607,F,6020.1,3.889,-1.0256
4387.200000000179,68.6875991821289,0.15660187602043152,70.0125503540039,39627697021783607,F,6020.1,3.889,-1.0256
4388.000000000179,66.04666137695312,0.16380225121974945,70.2699966430664,39627697021783607,F,6020.1,3.889,-1.0256
4388.800000000179,67.28311157226562,0.15602019429206848,69.54559326171875,39627697021783607,F,6020.1,3.889,-1.0256
4389.6000000001795,67.45377349853516,0.16825136542320251,70.3951644897461,39627697021783607,F,6020.1,3.889,-1.0256
4390.40000000018,68.3513412475586,0.17421779036521912,70.70075988769531,39627697021783607,F,6020.1,3.889,-1.0256
4391.20000000018,71.6108627319336,0.16300487518310547,69.34513092041016,39627697021783607,F,6020.1,3.889,-1.0256
4392.00000000018,65.02071380615234,0.17951059341430664,69.15299224853516,39627697021783607,F,6020.1,3.889,-1.0256
4392.80000000018,73.53132629394531,0.15838879346847534,71.27277374267578,39627697021783607,F,6020.1,3.889,-1.0256
4393.60000000018,71.75936126708984,0.1673526018857956,72.66928100585938,39627697021783607,F,6020.1,3.889,-1.0256
4394.400000000181,64.05262756347656,0.17648786306381226,71.44769287109375,39627697021783607,F,6020.1,3.889,-1.0256
4395.200000000181,68.44994354248047,0.1665843427181244,68.25072479248047,39627697021783607,F,6020.1,3.889,-1.0256
4396.000000000181,65.38517761230469,0.17007377743721008,66.14002227783203,39627697021783607,F,6020.1,3.889,-1.0256
4396.800000000181,71.93476104736328,0.14526712894439697,69.43736267089844,39627697021783607,F,6020.1,3.889,-1.0256
4397.600000000181,74.65481567382812,0.14747506380081177,73.05518341064453,39627697021783607,F,6020.1,3.889,-1.0256
4398.4000000001815,71.28352355957031,0.1559019684791565,72.91869354248047,39627697021783607,F,6020.1,3.889,-1.0256
4399.200000000182,73.12861633300781,0.15827563405036926,71.02235412597656,39627697021783607,F,6020.1,3.889,-1.0256
4400.000000000182,69.08675384521484,0.16761736571788788,70.12449645996094,39627697021783607,F,6020.1,3.889,-1.0256
4400.800000000182,65.67140197753906,0.170049786567688,67.43766021728516,39627697021783607,F,6020.1,3.889,-1.0256
4401.600000000182,62.506072998046875,0.19657015800476074,66.30137634277344,39627697021783607,F,6020.1,3.889,-1.0256
4402.400000000182,65.26219940185547,0.18323653936386108,67.34552764892578,39627697021783607,F,6020.1,3.889,-1.0256
4403.200000000183,74.3941879272461,0.16937053203582764,71.9518814086914,39627697021783607,F,6020.1,3.889,-1.0256
4404.000000000183,69.46803283691406,0.1709444522857666,73.02818298339844,39627697021783607,F,6020.1,3.889,-1.0256
4404.800000000183,68.12406921386719,0.18928301334381104,69.18386840820312,39627697021783607,F,6020.1,3.889,-1.0256
4405.600000000183,65.93151092529297,0.20355254411697388,64.81755828857422,39627697021783607,F,6020.1,3.889,-1.0256
4406.400000000183,64.75013732910156,0.18472842872142792,69.16728210449219,39627697021783607,F,6020.1,3.889,-1.0256
4407.2000000001835,73.45588684082031,0.16742733120918274,72.9623031616211,39627697021783607,F,6020.1,3.889,-1.0256
4408.000000000184,68.62964630126953,0.17659741640090942,71.94327545166016,39627697021783607,F,6020.1,3.889,-1.0256
4408.800000000184,66.6673812866211,0.1944621503353119,68.78771209716797,39627697021783607,F,6020.1,3.889,-1.0256
4409.600000000184,64.16681671142578,0.1756535768508911,68.22917938232422,39627697021783607,F,6020.1,3.889,-1.0256
4410.400000000184,64.46560668945312,0.19545584917068481,70.01429748535156,39627697021783607,F,6020.1,3.889,-1.0256
4411.200000000184,69.47441864013672,0.18113380670547485,72.0075454711914,39627697021783607,F,6020.1,3.889,-1.0256
4412.000000000185,72.49711608886719,0.17305921018123627,72.26367950439453,39627697021783607,F,6020.1,3.889,-1.0256
4412.800000000185,73.64015197753906,0.17490601539611816,72.64490509033203,39627697021783607,F,6020.1,3.889,-1.0256
4413.600000000185,75.38866424560547,0.1799830198287964,73.3663330078125,39627697021783607,F,6020.1,3.889,-1.0256
4414.400000000185,74.60145568847656,0.17756037414073944,71.73831939697266,39627697021783607,F,6020.1,3.889,-1.0256
4415.200000000185,63.08022689819336,0.1326318085193634,67.9920883178711,39627697021783607,F,6020.1,3.889,-1.0256
4416.0000000001855,60.96184158325195,0.19900169968605042,64.22054290771484,39627697021783607,F,6020.1,3.889,-1.0256
4416.800000000186,60.76175308227539,0.16566258668899536,66.63253021240234,39627697021783607,F,6020.1,3.889,-1.0256
4417.600000000186,68.44560241699219,0.16849595308303833,68.2063980102539,39627697021783607,F,6020.1,3.889,-1.0256
4418.400000000186,66.00775909423828,0.19100703299045563,68.74988555908203,39627697021783607,F,6020.1,3.889,-1.0256
4419.200000000186,71.01730346679688,0.17456328868865967,70.7867431640625,39627697021783607,F,6020.1,3.889,-1.0256
4420.000000000186,72.82037353515625,0.17595994472503662,73.45751953125,39627697021783607,F,6020.1,3.889,-1.0256
4420.800000000187,75.13621520996094,0.17278741300106049,74.75519561767578,39627697021783607,F,6020.1,3.889,-1.0256
4421.600000000187,72.08792114257812,0.16470348834991455,74.43727111816406,39627697021783607,F,6020.1,3.889,-1.0256
4422.400000000187,68.79607391357422,0.1699417233467102,72.76461791992188,39627697021783607,F,6020.1,3.889,-1.0256
4423.200000000187,66.64781951904297,0.15756380558013916,70.48565673828125,39627697021783607,F,6020.1,3.889,-1.0256
4424.000000000187,71.31071472167969,0.15990422666072845,70.0696029663086,39627697021783607,F,6020.1,3.889,-1.0256
4424.8000000001875,73.89934539794922,0.1880359947681427,71.05989074707031,39627697021783607,F,6020.1,3.889,-1.0256
4425.600000000188,73.09857177734375,0.1775287240743637,71.32099151611328,39627697021783607,F,6020.1,3.889,-1.0256
4426.400000000188,67.23741912841797,0.1793271005153656,70.49755096435547,39627697021783607,F,6020.1,3.889,-1.0256
4427.200000000188,72.39727020263672,0.18135082721710205,71.239990234375,39627697021783607,F,6020.1,3.889,-1.0256
4428.000000000188,67.48648071289062,0.19695821404457092,70.19273376464844,39627697021783607,F,6020.1,3.889,-1.0256
4428.800000000188,78.10702514648438,0.1665661484003067,71.4444351196289,39627697021783607,F,6020.1,3.889,-1.0256
4429.600000000189,71.80780029296875,0.17823997139930725,73.2169189453125,39627697021783607,F,6020.1,3.889,-1.0256
4430.400000000189,67.5735092163086,0.16688694059848785,72.00433349609375,39627697021783607,F,6020.1,3.889,-1.0256
4431.200000000189,66.94584655761719,0.18732425570487976,69.6274642944336,39627697021783607,F,6020.1,3.889,-1.0256
4432.000000000189,68.50142669677734,0.17184904217720032,70.1500015258789,39627697021783607,F,6020.1,3.889,-1.0256
4432.800000000189,74.49132537841797,0.18385417759418488,70.8394775390625,39627697021783607,F,6020.1,3.889,-1.0256
4433.6000000001895,75.39163970947266,0.1722843050956726,70.71829223632812,39627697021783607,F,6020.1,3.889,-1.0256
4434.40000000019,71.40708923339844,0.17185449600219727,70.108154296875,39627697021783607,F,6020.1,3.889,-1.0256
4435.20000000019,65.02600860595703,0.17304912209510803,68.55858612060547,39627697021783607,F,6020.1,3.889,-1.0256
4436.00000000019,64.25672149658203,0.21624144911766052,65.40489196777344,39627697021783607,F,6020.1,3.889,-1.0256
4436.80000000019,63.76864242553711,0.212357297539711,66.88581848144531,39627697021783607,F,6020.1,3.889,-1.0256
4437.60000000019,68.04785919189453,0.1938892900943756,71.04170989990234,39627697021783607,F,6020.1,3.889,-1.0256
4438.400000000191,74.7997055053711,0.1823955476284027,73.59520721435547,39627697021783607,F,6020.1,3.889,-1.0256
4439.200000000191,69.63691711425781,0.16435128450393677,74.94451904296875,39627697021783607,F,6020.1,3.889,-1.0256
4440.000000000191,73.00382995605469,0.13116168975830078,74.88518524169922,39627697021783607,F,6020.1,3.889,-1.0256
4440.800000000191,64.5093765258789,0.1470552533864975,74.3453369140625,39627697021783607,F,6020.1,3.889,-1.0256
4441.600000000191,70.41175842285156,0.18387863039970398,72.50171661376953,39627697021783607,F,6020.1,3.889,-1.0256
4442.4000000001915,66.92174530029297,0.2103901505470276,69.83928680419922,39627697021783607,F,6020.1,3.889,-1.0256
4443.200000000192,63.03411865234375,0.20908772945404053,67.05096435546875,39627697021783607,F,6020.1,3.889,-1.0256
4444.000000000192,63.49971389770508,0.22424885630607605,65.3602294921875,39627697021783607,F,6020.1,3.889,-1.0256
4444.800000000192,64.73152160644531,0.2057904601097107,65.65937042236328,39627697021783607,F,6020.1,3.889,-1.0256
4445.600000000192,67.22246551513672,0.1816999912261963,69.44400787353516,39627697021783607,F,6020.1,3.889,-1.0256
4446.400000000192,69.70899200439453,0.1906869113445282,73.09906005859375,39627697021783607,F,6020.1,3.889,-1.0256
4447.200000000193,73.31208801269531,0.17675143480300903,72.76642608642578,39627697021783607,F,6020.1,3.889,-1.0256
4448.000000000193,71.75279998779297,0.195577472448349,70.87418365478516,39627697021783607,F,6020.1,3.889,-1.0256
4448.800000000193,66.49881744384766,0.2043834626674652,71.03779602050781,39627697021783607,F,6020.1,3.889,-1.0256
4449.600000000193,68.78473663330078,0.18767711520195007,72.56929016113281,39627697021783607,F,6020.1,3.889,-1.0256
4450.400000000193,69.65351867675781,0.20136599242687225,70.76067352294922,39627697021783607,F,6020.1,3.889,-1.0256
4451.2000000001935,69.12522888183594,0.2020570933818817,68.32778930664062,39627697021783607,F,6020.1,3.889,-1.0256
4452.000000000194,71.04839324951172,0.1864078789949417,69.64623260498047,39627697021783607,F,6020.1,3.889,-1.0256
4452.800000000194,72.08079528808594,0.19314026832580566,71.61389923095703,39627697021783607,F,6020.1,3.889,-1.0256
4453.600000000194,70.28185272216797,0.19974517822265625,72.45057678222656,39627697021783607,F,6020.1,3.889,-1.0256
4454.400000000194,64.11510467529297,0.21730253100395203,70.75675201416016,39627697021783607,F,6020.1,3.889,-1.0256
4455.200000000194,60.462432861328125,0.22164884209632874,66.2056655883789,39627697021783607,F,6020.1,3.889,-1.0256
4456.000000000195,58.20782470703125,0.23387639224529266,62.78682327270508,39627697021783607,F,6020.1,3.889,-1.0256
4456.800000000195,61.655357360839844,0.2161409854888916,64.61627197265625,39627697021783607,F,6020.1,3.889,-1.0256
4457.600000000195,64.58077239990234,0.1998039186000824,67.89852905273438,39627697021783607,F,6020.1,3.889,-1.0256
4458.400000000195,72.01455688476562,0.20245105028152466,68.85054779052734,39627697021783607,F,6020.1,3.889,-1.0256
4459.200000000195,67.2500228881836,0.19934691488742828,67.74803161621094,39627697021783607,F,6020.1,3.889,-1.0256
4460.0000000001955,68.90679931640625,0.19756729900836945,67.187255859375,39627697021783607,F,6020.1,3.889,-1.0256
4460.800000000196,65.27490234375,0.20825359225273132,69.63656616210938,39627697021783607,F,6020.1,3.889,-1.0256
4461.600000000196,73.35359954833984,0.18027302622795105,68.96990966796875,39627697021783607,F,6020.1,3.889,-1.0256
4462.400000000196,66.27059936523438,0.22378754615783691,65.59180450439453,39627697021783607,F,6020.1,3.889,-1.0256
4463.200000000196,63.12028503417969,0.2118116319179535,67.17337799072266,39627697021783607,F,6020.1,3.889,-1.0256
4464.000000000196,71.46753692626953,0.030932331457734108,71.22576904296875,39627697021783607,F,6020.1,3.889,-1.0256
4464.800000000197,71.36507415771484,0.2007063776254654,71.68418884277344,39627697021783607,F,6020.1,3.889,-1.0256
4465.600000000197,65.59398651123047,0.18164196610450745,69.76689910888672,39627697021783607,F,6020.1,3.889,-1.0256
4466.400000000197,71.33802795410156,0.21025246381759644,70.57736206054688,39627697021783607,F,6020.1,3.889,-1.0256
4467.200000000197,70.60616302490234,0.1979677975177765,70.59662628173828,39627697021783607,F,6020.1,3.889,-1.0256
4468.000000000197,72.68321990966797,0.20542483031749725,71.14265441894531,39627697021783607,F,6020.1,3.889,-1.0256
4468.8000000001975,67.40744018554688,0.20032647252082825,70.37208557128906,39627697021783607,F,6020.1,3.889,-1.0256
4469.600000000198,65.01289367675781,0.19562889635562897,66.34021759033203,39627697021783607,F,6020.1,3.889,-1.0256
4470.400000000198,67.41327667236328,0.20790062844753265,65.5547866821289,39627697021783607,F,6020.1,3.889,-1.0256
4471.200000000198,68.56497192382812,0.20594024658203125,68.28007507324219,39627697021783607,F,6020.1,3.889,-1.0256
4472.000000000198,72.38569641113281,0.17660778760910034,70.46636199951172,39627697021783607,F,6020.1,3.889,-1.0256
4472.800000000198,68.5810775756836,0.2162686288356781,71.96114349365234,39627697021783607,F,6020.1,3.889,-1.0256
4473.600000000199,68.2768325805664,0.1929064840078354,72.21942901611328,39627697021783607,F,6020.1,3.889,-1.0256
4474.400000000199,73.82123565673828,0.18575136363506317,73.7774658203125,39627697021783607,F,6020.1,3.889,-1.0256
4475.200000000199,71.3310317993164,0.20833724737167358,74.63480377197266,39627697021783607,F,6020.1,3.889,-1.0256
4476.000000000199,72.32598114013672,0.20085352659225464,72.9545669555664,39627697021783607,F,6020.1,3.889,-1.0256
4476.800000000199,66.87349700927734,0.2013372778892517,70.52267456054688,39627697021783607,F,6020.1,3.889,-1.0256
4477.6000000001995,70.98140716552734,0.20415064692497253,72.69342803955078,39627697021783607,F,6020.1,3.889,-1.0256
4478.4000000002,74.58058166503906,0.19821785390377045,75.02325439453125,39627697021783607,F,6020.1,3.889,-1.0256
4479.2000000002,69.80245208740234,0.2079859972000122,75.05634307861328,39627697021783607,F,6020.1,3.889,-1.0256
4480.0000000002,66.68687438964844,0.22344881296157837,73.47093200683594,39627697021783607,F,6020.1,3.889,-1.0256
4480.8000000002,72.58622741699219,0.22201594710350037,70.73475646972656,39627697021783607,F,6020.1,3.889,-1.0256
4481.6000000002,64.3666000366211,0.2301110327243805,67.22021484375,39627697021783607,F,6020.1,3.889,-1.0256
4482.400000000201,61.4422492980957,0.22948947548866272,63.78433609008789,39627697021783607,F,6020.1,3.889,-1.0256
4483.200000000201,56.35248947143555,0.21066448092460632,65.40692901611328,39627697021783607,F,6020.1,3.889,-1.0256
4484.000000000201,69.11131286621094,0.18237146735191345,70.06703186035156,39627697021783607,F,6020.1,3.889,-1.0256
4484.800000000201,69.94159698486328,0.15757843852043152,71.9486312866211,39627697021783607,F,6020.1,3.889,-1.0256
4485.600000000201,72.71663665771484,0.18542733788490295,72.29331970214844,39627697021783607,F,6020.1,3.889,-1.0256
4486.4000000002015,68.82260131835938,0.21014554798603058,72.71419525146484,39627697021783607,F,6020.1,3.889,-1.0256
4487.200000000202,69.62406158447266,0.19956237077713013,73.7274398803711,39627697021783607,F,6020.1,3.889,-1.0256
4488.000000000202,73.51992797851562,0.17866423726081848,73.29092407226562,39627697021783607,F,6020.1,3.889,-1.0256
4488.800000000202,71.56320190429688,0.1467597931623459,71.40119171142578,39627697021783607,F,6020.1,3.889,-1.0256
4489.600000000202,68.35586547851562,0.15955308079719543,69.30460357666016,39627697021783607,F,6020.1,3.889,-1.0256
4490.400000000202,68.7161865234375,0.2217087298631668,68.03263092041016,39627697021783607,F,6020.1,3.889,-1.0256
4491.200000000203,65.1672592163086,0.22884467244148254,68.79981994628906,39627697021783607,F,6020.1,3.889,-1.0256
4492.000000000203,74.23893737792969,0.2065938413143158,70.03900909423828,39627697021783607,F,6020.1,3.889,-1.0256
4492.800000000203,68.58313751220703,0.20867083966732025,72.00545501708984,39627697021783607,F,6020.1,3.889,-1.0256
4493.600000000203,71.38446807861328,0.2046825885772705,73.24881744384766,39627697021783607,F,6020.1,3.889,-1.0256
4494.400000000203,72.53646087646484,0.2104928344488144,71.99546813964844,39627697021783607,F,6020.1,3.889,-1.0256
4495.2000000002035,66.43721771240234,0.2199355512857437,70.10958099365234,39627697021783607,F,6020.1,3.889,-1.0256
4496.000000000204,71.26775360107422,0.21195214986801147,70.38880920410156,39627697021783607,F,6020.1,3.889,-1.0256
4496.800000000204,68.8471450805664,0.20619282126426697,70.94143676757812,39627697021783607,F,6020.1,3.889,-1.0256
4497.600000000204,71.30511474609375,0.1952815055847168,71.17619323730469,39627697021783607,F,6020.1,3.889,-1.0256
4498.400000000204,70.67676544189453,0.14857672154903412,72.31993103027344,39627697021783607,F,6020.1,3.889,-1.0256
4499.200000000204,68.93321990966797,0.20914706587791443,72.96527099609375,39627697021783607,F,6020.1,3.889,-1.0256
4500.000000000205,69.63667297363281,0.20758652687072754,72.84727478027344,39627697021783607,F,6020.1,3.889,-1.0256
4500.800000000205,67.33103942871094,0.21198126673698425,72.69637298583984,39627697021783607,F,6020.1,3.889,-1.0256
4501.600000000205,69.88204193115234,0.11707008630037308,70.78853607177734,39627697021783607,F,6020.1,3.889,-1.0256
4502.400000000205,70.33417510986328,0.2091693878173828,69.23043060302734,39627697021783607,F,6020.1,3.889,-1.0256
4503.200000000205,72.33654022216797,0.18190445005893707,71.88654327392578,39627697021783607,F,6020.1,3.889,-1.0256
4504.000000000206,73.30207824707031,0.1724267303943634,74.83475494384766,39627697021783607,F,6020.1,3.889,-1.0256
4504.800000000206,72.4035415649414,0.18535307049751282,75.5594711303711,39627697021783607,F,6020.1,3.889,-1.0256
4505.600000000206,72.06549835205078,0.20097243785858154,75.22802734375,39627697021783607,F,6020.1,3.889,-1.0256
4506.400000000206,74.41130065917969,0.20504143834114075,74.9163589477539,39627697021783607,F,6020.1,3.889,-1.0256
4507.200000000206,68.23116302490234,0.2011340856552124,74.25923156738281,39627697021783607,F,6020.1,3.889,-1.0256
4508.0000000002065,73.32536315917969,0.16146177053451538,73.11109161376953,39627697021783607,F,6020.1,3.889,-1.0256
4508.800000000207,67.17784118652344,0.20905323326587677,72.00785064697266,39627697021783607,F,6020.1,3.889,-1.0256
4509.600000000207,69.4377212524414,0.2110379934310913,72.11650848388672,39627697021783607,F,6020.1,3.889,-1.0256
4510.400000000207,70.67754364013672,0.2022528350353241,73.92230224609375,39627697021783607,F,6020.1,3.889,-1.0256
4511.200000000207,75.98055267333984,0.18104323744773865,75.02987670898438,39627697021783607,F,6020.1,3.889,-1.0256
4512.000000000207,73.08209228515625,0.18902340531349182,74.81233978271484,39627697021783607,F,6020.1,3.889,-1.0256
4512.800000000208,76.69898223876953,0.17377829551696777,73.94831848144531,39627697021783607,F,6020.1,3.889,-1.0256
4513.600000000208,71.45494079589844,0.195972740650177,73.58456420898438,39627697021783607,F,6020.1,3.889,-1.0256
4514.400000000208,69.68681335449219,0.21320085227489471,73.7249526977539,39627697021783607,F,6020.1,3.889,-1.0256
4515.200000000208,70.58650207519531,0.21062320470809937,72.37802124023438,39627697021783607,F,6020.1,3.889,-1.0256
4516.000000000208,65.8351821899414,0.2346554845571518,71.13729095458984,39627697021783607,F,6020.1,3.889,-1.0256
4516.8000000002085,70.50752258300781,0.2058905065059662,72.11738586425781,39627697021783607,F,6020.1,3.889,-1.0256
4517.600000000209,73.22517395019531,0.19524537026882172,73.15093994140625,39627697021783607,F,6020.1,3.889,-1.0256
4518.400000000209,68.4900894165039,0.20772325992584229,72.3324203491211,39627697021783607,F,6020.1,3.889,-1.0256
4519.200000000209,67.98555755615234,0.20065416395664215,71.73899841308594,39627697021783607,F,6020.1,3.889,-1.0256
4520.000000000209,66.93706512451172,0.2134367823600769,72.63117218017578,39627697021783607,F,6020.1,3.889,-1.0256
4520.800000000209,68.01162719726562,0.22052335739135742,72.24552917480469,39627697021783607,F,6020.1,3.889,-1.0256
4521.60000000021,71.92532348632812,0.20162780582904816,72.60128784179688,39627697021783607,F,6020.1,3.889,-1.0256
4522.40000000021,71.5975570678711,0.21651512384414673,72.37189483642578,39627697021783607,F,6020.1,3.889,-1.0256
4523.20000000021,67.97511291503906,0.21080616116523743,69.74725341796875,39627697021783607,F,6020.1,3.889,-1.0256
4524.00000000021,65.7381362915039,0.21845120191574097,69.51347351074219,39627697021783607,F,6020.1,3.889,-1.0256
4524.80000000021,71.1368179321289,0.21757706999778748,71.03365325927734,39627697021783607,F,6020.1,3.889,-1.0256
4525.6000000002105,66.67890167236328,0.2229609489440918,69.86162567138672,39627697021783607,F,6020.1,3.889,-1.0256
4526.400000000211,64.85346984863281,0.23059538006782532,69.29771423339844,39627697021783607,F,6020.1,3.889,-1.0256
4527.200000000211,65.9327621459961,0.2508929371833801,69.39916229248047,39627697021783607,F,6020.1,3.889,-1.0256
4528.000000000211,66.15941619873047,0.2317177951335907,69.34303283691406,39627697021783607,F,6020.1,3.889,-1.0256
4528.800000000211,68.48129272460938,0.2278919517993927,68.96903228759766,39627697021783607,F,6020.1,3.889,-1.0256
4529.600000000211,62.18817901611328,0.22780786454677582,66.84487915039062,39627697021783607,F,6020.1,3.889,-1.0256
4530.400000000212,66.10465240478516,0.22031375765800476,68.93323516845703,39627697021783607,F,6020.1,3.889,-1.0256
4531.200000000212,65.63297271728516,0.24139222502708435,70.65635681152344,39627697021783607,F,6020.1,3.889,-1.0256
4532.000000000212,65.05133056640625,0.244492769241333,69.68193817138672,39627697021783607,F,6020.1,3.889,-1.0256
4532.800000000212,72.28776550292969,0.20534618198871613,71.39032745361328,39627697021783607,F,6020.1,3.889,-1.0256
4533.600000000212,70.23920440673828,0.21124044060707092,71.33035278320312,39627697021783607,F,6020.1,3.889,-1.0256
4534.4000000002125,63.31032180786133,0.2239706814289093,67.62594604492188,39627697021783607,F,6020.1,3.889,-1.0256
4535.200000000213,63.595699310302734,0.23812000453472137,65.56785583496094,39627697021783607,F,6020.1,3.889,-1.0256
4536.000000000213,61.911685943603516,0.2605552673339844,66.49767303466797,39627697021783607,F,6020.1,3.889,-1.0256
4536.800000000213,64.51556396484375,0.22351451218128204,67.69792175292969,39627697021783607,F,6020.1,3.889,-1.0256
4537.600000000213,69.94046783447266,0.18757176399230957,72.06713104248047,39627697021783607,F,6020.1,3.889,-1.0256
4538.400000000213,70.79315948486328,0.20961983501911163,74.84210968017578,39627697021783607,F,6020.1,3.889,-1.0256
4539.200000000214,69.38833618164062,0.2077319622039795,75.06098937988281,39627697021783607,F,6020.1,3.889,-1.0256
4540.000000000214,70.26773834228516,0.21627390384674072,74.25465393066406,39627697021783607,F,6020.1,3.889,-1.0256
4540.800000000214,69.6254653930664,0.2186177372932434,72.82906341552734,39627697021783607,F,6020.1,3.889,-1.0256
4541.600000000214,69.86995697021484,0.22308418154716492,71.12725067138672,39627697021783607,F,6020.1,3.889,-1.0256
4542.400000000214,69.62734985351562,0.22142794728279114,70.6872787475586,39627697021783607,F,6020.1,3.889,-1.0256
4543.2000000002145,71.66596221923828,0.20685358345508575,72.45327758789062,39627697021783607,F,6020.1,3.889,-1.0256
4544.000000000215,69.8583984375,0.2137109935283661,73.40859985351562,39627697021783607,F,6020.1,3.889,-1.0256
4544.800000000215,70.89601135253906,0.16545020043849945,71.75978088378906,39627697021783607,F,6020.1,3.889,-1.0256
4545.600000000215,66.70325469970703,0.1750914454460144,69.76376342773438,39627697021783607,F,6020.1,3.889,-1.0256
4546.400000000215,68.24744415283203,0.21899762749671936,69.82524871826172,39627697021783607,F,6020.1,3.889,-1.0256
4547.200000000215,69.226806640625,0.24591460824012756,71.18551635742188,39627697021783607,F,6020.1,3.889,-1.0256
4548.000000000216,66.5881118774414,0.2515280246734619,71.46560668945312,39627697021783607,F,6020.1,3.889,-1.0256
4548.800000000216,68.57498168945312,0.23241382837295532,70.73358917236328,39627697021783607,F,6020.1,3.889,-1.0256
4549.600000000216,70.29476928710938,0.2017102837562561,67.44611358642578,39627697021783607,F,6020.1,3.889,-1.0256
4550.400000000216,61.793704986572266,0.22477062046527863,63.252742767333984,39627697021783607,F,6020.1,3.889,-1.0256
4551.200000000216,68.17493438720703,0.1826847493648529,67.98038482666016,39627697021783607,F,6020.1,3.889,-1.0256
4552.0000000002165,68.1053466796875,0.20005443692207336,72.8953628540039,39627697021783607,F,6020.1,3.889,-1.0256
4552.800000000217,63.587120056152344,0.2257576733827591,73.6539077758789,39627697021783607,F,6020.1,3.889,-1.0256
4553.600000000217,63.25773620605469,0.22307804226875305,72.76395416259766,39627697021783607,F,6020.1,3.889,-1.0256
4554.400000000217,67.4004898071289,0.2240118682384491,71.59831237792969,39627697021783607,F,6020.1,3.889,-1.0256
4555.200000000217,66.87052917480469,0.23521260917186737,69.36810302734375,39627697021783607,F,6020.1,3.889,-1.0256
4556.000000000217,63.272216796875,0.2349226474761963,67.73514556884766,39627697021783607,F,6020.1,3.889,-1.0256
4556.800000000218,67.18228912353516,0.22416183352470398,67.2193832397461,39627697021783607,F,6020.1,3.889,-1.0256
4557.600000000218,66.40068817138672,0.14784327149391174,70.93254852294922,39627697021783607,F,6020.1,3.889,-1.0256
4558.400000000218,76.77095031738281,0.11180582642555237,73.13616180419922,39627697021783607,F,6020.1,3.889,-1.0256
4559.200000000218,71.82160186767578,0.21049170196056366,71.96422576904297,39627697021783607,F,6020.1,3.889,-1.0256
4560.000000000218,68.30028533935547,0.2078763097524643,71.72474670410156,39627697021783607,F,6020.1,3.889,-1.0256
4560.8000000002185,71.84296417236328,0.2188154011964798,73.04695129394531,39627697021783607,F,6020.1,3.889,-1.0256
4561.600000000219,69.70138549804688,0.21155644953250885,73.90190887451172,39627697021783607,F,6020.1,3.889,-1.0256
4562.400000000219,69.62923431396484,0.2239404320716858,74.17415618896484,39627697021783607,F,6020.1,3.889,-1.0256
4563.200000000219,75.48028564453125,0.21133340895175934,73.89415740966797,39627697021783607,F,6020.1,3.889,-1.0256
4564.000000000219,74.52143096923828,0.1876695156097412,72.03856658935547,39627697021783607,F,6020.1,3.889,-1.0256
4564.800000000219,65.3893051147461,0.22874170541763306,69.80912017822266,39627697021783607,F,6020.1,3.889,-1.0256
4565.60000000022,70.8570327758789,0.2241976261138916,70.86915588378906,39627697021783607,F,6020.1,3.889,-1.0256
4566.40000000022,72.42121124267578,0.23066750168800354,71.47109985351562,39627697021783607,F,6020.1,3.889,-1.0256
4567.20000000022,69.16942596435547,0.23841476440429688,72.62059783935547,39627697021783607,F,6020.1,3.889,-1.0256
4568.00000000022,70.9197769165039,0.21040654182434082,73.63031005859375,39627697021783607,F,6020.1,3.889,-1.0256
4568.80000000022,71.26945495605469,0.2285579890012741,73.69982147216797,39627697021783607,F,6020.1,3.889,-1.0256
4569.6000000002205,70.97152709960938,0.21962706744670868,73.247802734375,39627697021783607,F,6020.1,3.889,-1.0256
4570.400000000221,72.10332489013672,0.22120976448059082,73.70757293701172,39627697021783607,F,6020.1,3.889,-1.0256
4571.200000000221,73.45980834960938,0.19476425647735596,73.350341796875,39627697021783607,F,6020.1,3.889,-1.0256
4572.000000000221,62.14004898071289,0.17015844583511353,70.3437728881836,39627697021783607,F,6020.1,3.889,-1.0256
4572.800000000221,63.911685943603516,0.22031858563423157,68.22098541259766,39627697021783607,F,6020.1,3.889,-1.0256
4573.600000000221,67.39244842529297,0.15321800112724304,71.20280456542969,39627697021783607,F,6020.1,3.889,-1.0256
4574.400000000222,73.0158462524414,0.21229618787765503,73.79739379882812,39627697021783607,F,6020.1,3.889,-1.0256
4575.200000000222,74.35096740722656,0.2088470757007599,74.06353759765625,39627697021783607,F,6020.1,3.889,-1.0256
4576.000000000222,72.37633514404297,0.21214139461517334,73.63481903076172,39627697021783607,F,6020.1,3.889,-1.0256
4576.800000000222,72.49430847167969,0.19929954409599304,72.89753723144531,39627697021783607,F,6020.1,3.889,-1.0256
4577.600000000222,74.16271209716797,0.19549626111984253,72.35702514648438,39627697021783607,F,6020.1,3.889,-1.0256
4578.4000000002225,68.19769287109375,0.21043044328689575,72.9351577758789,39627697021783607,F,6020.1,3.889,-1.0256
4579.200000000223,71.10543823242188,0.14035478234291077,72.44745635986328,39627697021783607,F,6020.1,3.889,-1.0256
4580.000000000223,65.35362243652344,0.13793939352035522,71.62238311767578,39627697021783607,F,6020.1,3.889,-1.0256
4580.800000000223,69.38835144042969,0.2290022075176239,70.44894409179688,39627697021783607,F,6020.1,3.889,-1.0256
4581.600000000223,67.06534576416016,0.22530800104141235,69.4156265258789,39627697021783607,F,6020.1,3.889,-1.0256
4582.400000000223,68.13212585449219,0.21678273379802704,68.99058532714844,39627697021783607,F,6020.1,3.889,-1.0256
4583.200000000224,65.71015930175781,0.19966834783554077,70.17440795898438,39627697021783607,F,6020.1,3.889,-1.0256
4584.000000000224,68.7122573852539,0.22487518191337585,68.17808532714844,39627697021783607,F,6020.1,3.889,-1.0256
4584.800000000224,62.33115005493164,0.2419598400592804,65.90738677978516,39627697021783607,F,6020.1,3.889,-1.0256
4585.600000000224,71.46398162841797,0.2199741154909134,67.73161315917969,39627697021783607,F,6020.1,3.889,-1.0256
4586.400000000224,72.24031829833984,0.21954894065856934,69.32537078857422,39627697021783607,F,6020.1,3.889,-1.0256
4587.2000000002245,66.56275177001953,0.22945255041122437,70.18803405761719,39627697021783607,F,6020.1,3.889,-1.0256
4588.000000000225,73.30007934570312,0.2247535139322281,71.44342041015625,39627697021783607,F,6020.1,3.889,-1.0256
4588.800000000225,65.67565155029297,0.23811200261116028,71.41143035888672,39627697021783607,F,6020.1,3.889,-1.0256
4589.600000000225,70.62149810791016,0.22855250537395477,71.5881118774414,39627697021783607,F,6020.1,3.889,-1.0256
4590.400000000225,67.88030242919922,0.22156843543052673,71.97444915771484,39627697021783607,F,6020.1,3.889,-1.0256
4591.200000000225,67.22955322265625,0.22129487991333008,71.69219207763672,39627697021783607,F,6020.1,3.889,-1.0256
4592.000000000226,71.5970458984375,0.2273065745830536,71.6597671508789,39627697021783607,F,6020.1,3.889,-1.0256
4592.800000000226,71.05270385742188,0.2101036012172699,70.13233947753906,39627697021783607,F,6020.1,3.889,-1.0256
4593.600000000226,70.17823028564453,0.22210997343063354,69.3472671508789,39627697021783607,F,6020.1,3.889,-1.0256
4594.400000000226,65.62434387207031,0.21106693148612976,71.54188537597656,39627697021783607,F,6020.1,3.889,-1.0256
4595.200000000226,68.71078491210938,0.23809444904327393,72.82262420654297,39627697021783607,F,6020.1,3.889,-1.0256
4596.0000000002265,66.97064971923828,0.19646379351615906,72.0570068359375,39627697021783607,F,6020.1,3.889,-1.0256
4596.800000000227,69.45935821533203,0.24399901926517487,70.92725372314453,39627697021783607,F,6020.1,3.889,-1.0256
4597.600000000227,70.50059509277344,0.23317497968673706,71.79129791259766,39627697021783607,F,6020.1,3.889,-1.0256
4598.400000000227,73.35832977294922,0.24278181791305542,72.4248275756836,39627697021783607,F,6020.1,3.889,-1.0256
4599.200000000227,69.6248779296875,0.21616783738136292,72.22168731689453,39627697021783607,F,6020.1,3.889,-1.0256
4600.000000000227,72.6876220703125,0.22711315751075745,72.82763671875,39627697021783607,F,6020.1,3.889,-1.0256
4600.800000000228,67.9676513671875,0.19587624073028564,71.87244415283203,39627697021783607,F,6020.1,3.889,-1.0256
4601.600000000228,61.01100158691406,0.2595941424369812,69.91120910644531,39627697021783607,F,6020.1,3.889,-1.0256
4602.400000000228,69.66618347167969,0.14186377823352814,70.12572479248047,39627697021783607,F,6020.1,3.889,-1.0256
4603.200000000228,70.10868835449219,0.23027752339839935,70.76898193359375,39627697021783607,F,6020.1,3.889,-1.0256
4604.000000000228,73.11307525634766,0.22841985523700714,70.6008529663086,39627697021783607,F,6020.1,3.889,-1.0256
4604.8000000002285,67.40546417236328,0.23423072695732117,72.00418090820312,39627697021783607,F,6020.1,3.889,-1.0256
4605.600000000229,71.46570587158203,0.18320484459400177,72.32085418701172,39627697021783607,F,6020.1,3.889,-1.0256
4606.400000000229,73.5119400024414,0.21540546417236328,72.46493530273438,39627697021783607,F,6020.1,3.889,-1.0256
4607.200000000229,68.12821197509766,0.16113534569740295,73.06665802001953,39627697021783607,F,6020.1,3.889,-1.0256
4608.000000000229,67.99027252197266,0.23581930994987488,73.5054931640625,39627697021783607,F,6020.1,3.889,-1.0256
4608.800000000229,68.09307098388672,0.22313156723976135,73.45011901855469,39627697021783607,F,6020.1,3.889,-1.0256
4609.60000000023,70.27207946777344,0.22929520905017853,73.84076690673828,39627697021783607,F,6020.1,3.889,-1.0256
4610.40000000023,74.57770538330078,0.22299933433532715,73.66140747070312,39627697021783607,F,6020.1,3.889,-1.0256
4611.20000000023,72.38864135742188,0.1741293966770172,72.85453033447266,39627697021783607,F,6020.1,3.889,-1.0256
4612.00000000023,67.75436401367188,0.2246743142604828,71.74801635742188,39627697021783607,F,6020.1,3.889,-1.0256
4612.80000000023,67.49173736572266,0.2357090413570404,72.35802459716797,39627697021783607,F,6020.1,3.889,-1.0256
4613.6000000002305,68.94934844970703,0.22991731762886047,72.5538558959961,39627697021783607,F,6020.1,3.889,-1.0256
4614.400000000231,65.78355407714844,0.24938105046749115,71.77239990234375,39627697021783607,F,6020.1,3.889,-1.0256
4615.200000000231,78.32173919677734,0.15410658717155457,72.51087188720703,39627697021783607,F,6020.1,3.889,-1.0256
4616.000000000231,70.8945083618164,0.22750449180603027,72.72289276123047,39627697021783607,F,6020.1,3.889,-1.0256
4616.800000000231,68.08567810058594,0.20138993859291077,70.915771484375,39627697021783607,F,6020.1,3.889,-1.0256
4617.600000000231,70.16332244873047,0.2295803427696228,70.05147552490234,39627697021783607,F,6020.1,3.889,-1.0256
4618.400000000232,72.51724243164062,0.23544014990329742,71.18990325927734,39627697021783607,F,6020.1,3.889,-1.0256
4619.200000000232,69.34967041015625,0.20788922905921936,71.25112915039062,39627697021783607,F,6020.1,3.889,-1.0256
4620.000000000232,68.25891876220703,0.22715991735458374,70.12503051757812,39627697021783607,F,6020.1,3.889,-1.0256
4620.800000000232,71.47654724121094,0.21719768643379211,70.8696517944336,39627697021783607,F,6020.1,3.889,-1.0256
4621.600000000232,66.1155014038086,0.22756685316562653,71.71292877197266,39627697021783607,F,6020.1,3.889,-1.0256
4622.4000000002325,70.8173599243164,0.22248871624469757,72.7313232421875,39627697021783607,F,6020.1,3.889,-1.0256
4623.200000000233,74.12123107910156,0.22020304203033447,72.81803894042969,39627697021783607,F,6020.1,3.889,-1.0256
4624.000000000233,70.32640075683594,0.2515236437320709,73.0353012084961,39627697021783607,F,6020.1,3.889,-1.0256
4624.800000000233,70.5321273803711,0.2510964870452881,73.5183334350586,39627697021783607,F,6020.1,3.889,-1.0256
4625.600000000233,70.21249389648438,0.21216514706611633,72.83394622802734,39627697021783607,F,6020.1,3.889,-1.0256
4626.400000000233,70.29016876220703,0.2102697789669037,71.70813751220703,39627697021783607,F,6020.1,3.889,-1.0256
4627.200000000234,70.99603271484375,0.21245110034942627,71.2051010131836,39627697021783607,F,6020.1,3.889,-1.0256
4628.000000000234,67.072265625,0.19333752989768982,72.02642059326172,39627697021783607,F,6020.1,3.889,-1.0256
4628.800000000234,75.64215087890625,0.22305427491664886,72.36832427978516,39627697021783607,F,6020.1,3.889,-1.0256
4629.600000000234,69.94536590576172,0.1931701898574829,70.886474609375,39627697021783607,F,6020.1,3.889,-1.0256
4630.400000000234,68.18645477294922,0.23784419894218445,68.90023040771484,39627697021783607,F,6020.1,3.889,-1.0256
4631.2000000002345,65.97600555419922,0.22036783397197723,70.88789367675781,39627697021783607,F,6020.1,3.889,-1.0256
4632.000000000235,73.5661392211914,0.2219301462173462,72.97207641601562,39627697021783607,F,6020.1,3.889,-1.0256
4632.800000000235,72.79122161865234,0.22354847192764282,72.99311828613281,39627697021783607,F,6020.1,3.889,-1.0256
4633.600000000235,69.93775939941406,0.2179768979549408,72.00244140625,39627697021783607,F,6020.1,3.889,-1.0256
4634.400000000235,73.74208068847656,0.23512941598892212,71.63261413574219,39627697021783607,F,6020.1,3.889,-1.0256
4635.200000000235,69.5839614868164,0.23059524595737457,71.40152740478516,39627697021783607,F,6020.1,3.889,-1.0256
4636.000000000236,71.92999267578125,0.23645472526550293,71.90193176269531,39627697021783607,F,6020.1,3.889,-1.0256
4636.800000000236,65.18975067138672,0.24449597299098969,71.98753356933594,39627697021783607,F,6020.1,3.889,-1.0256
4637.600000000236,72.0506820678711,0.2275419980287552,71.61775207519531,39627697021783607,F,6020.1,3.889,-1.0256
4638.400000000236,65.85222625732422,0.25961750745773315,70.72322845458984,39627697021783607,F,6020.1,3.889,-1.0256
4639.200000000236,64.13971710205078,0.24811384081840515,71.03640747070312,39627697021783607,F,6020.1,3.889,-1.0256
4640.0000000002365,68.05142211914062,0.23814800381660461,72.1343994140625,39627697021783607,F,6020.1,3.889,-1.0256
4640.800000000237,65.88966369628906,0.2512519657611847,72.65795135498047,39627697021783607,F,6020.1,3.889,-1.0256
4641.600000000237,70.00990295410156,0.20414653420448303,73.42716979980469,39627697021783607,F,6020.1,3.889,-1.0256
4642.400000000237,67.11325073242188,0.21838846802711487,73.66514587402344,39627697021783607,F,6020.1,3.889,-1.0256
4643.200000000237,70.95230102539062,0.25137850642204285,73.46017456054688,39627697021783607,F,6020.1,3.889,-1.0256
4644.000000000237,71.54547882080078,0.24353522062301636,73.20973205566406,39627697021783607,F,6020.1,3.889,-1.0256
4644.800000000238,73.12724304199219,0.22303920984268188,73.24268341064453,39627697021783607,F,6020.1,3.889,-1.0256
4645.600000000238,72.36922454833984,0.2315780520439148,73.50995635986328,39627697021783607,F,6020.1,3.889,-1.0256
4646.400000000238,69.33267974853516,0.2384328842163086,72.38033294677734,39627697021783607,F,6020.1,3.889,-1.0256
4647.200000000238,71.15387725830078,0.24854713678359985,70.50346374511719,39627697021783607,F,6020.1,3.889,-1.0256
4648.000000000238,67.01786041259766,0.2586546838283539,70.37037658691406,39627697021783607,F,6020.1,3.889,-1.0256
4648.8000000002385,62.65225601196289,0.2727407217025757,70.18058776855469,39627697021783607,F,6020.1,3.889,-1.0256
4649.600000000239,63.492916107177734,0.2354300618171692,69.86654663085938,39627697021783607,F,6020.1,3.889,-1.0256
4650.400000000239,65.84658813476562,0.20850801467895508,71.55928802490234,39627697021783607,F,6020.1,3.889,-1.0256
4651.200000000239,69.48174285888672,0.23667237162590027,72.71873474121094,39627697021783607,F,6020.1,3.889,-1.0256
4652.000000000239,73.15725708007812,0.2357913851737976,72.1459732055664,39627697021783607,F,6020.1,3.889,-1.0256
4652.800000000239,67.87743377685547,0.2581248879432678,71.70011138916016,39627697021783607,F,6020.1,3.889,-1.0256
4653.60000000024,67.67665100097656,0.23114915192127228,72.30706024169922,39627697021783607,F,6020.1,3.889,-1.0256
4654.40000000024,69.90969848632812,0.19466671347618103,72.12825012207031,39627697021783607,F,6020.1,3.889,-1.0256
4655.20000000024,65.87772369384766,0.19762319326400757,70.76748657226562,39627697021783607,F,6020.1,3.889,-1.0256
4656.00000000024,64.52973175048828,0.25139957666397095,70.55136108398438,39627697021783607,F,6020.1,3.889,-1.0256
4656.80000000024,67.6700668334961,0.24685508012771606,70.56438446044922,39627697021783607,F,6020.1,3.889,-1.0256
4657.6000000002405,66.55856323242188,0.2612755596637726,69.88452911376953,39627697021783607,F,6020.1,3.889,-1.0256
4658.400000000241,66.05926513671875,0.23795504868030548,70.17536926269531,39627697021783607,F,6020.1,3.889,-1.0256
4659.200000000241,71.22993469238281,0.23455189168453217,72.42796325683594,39627697021783607,F,6020.1,3.889,-1.0256
4660.000000000241,70.25732421875,0.23415693640708923,73.77734375,39627697021783607,F,6020.1,3.889,-1.0256
4660.800000000241,70.72409057617188,0.24737253785133362,74.05089569091797,39627697021783607,F,6020.1,3.889,-1.0256
4661.600000000241,70.10901641845703,0.23803439736366272,73.68502807617188,39627697021783607,F,6020.1,3.889,-1.0256
4662.400000000242,68.70303344726562,0.2491874098777771,73.02471923828125,39627697021783607,F,6020.1,3.889,-1.0256
4663.200000000242,73.73438262939453,0.24349555373191833,72.3002700805664,39627697021783607,F,6020.1,3.889,-1.0256
4664.000000000242,71.4195556640625,0.25692641735076904,71.6529769897461,39627697021783607,F,6020.1,3.889,-1.0256
4664.800000000242,69.01538848876953,0.237615704536438,71.60832977294922,39627697021783607,F,6020.1,3.889,-1.0256
4665.600000000242,71.38552856445312,0.23777028918266296,72.12995910644531,39627697021783607,F,6020.1,3.889,-1.0256
4666.4000000002425,73.78903198242188,0.24813532829284668,72.08740234375,39627697021783607,F,6020.1,3.889,-1.0256
4667.200000000243,67.81316375732422,0.2621632218360901,70.35082244873047,39627697021783607,F,6020.1,3.889,-1.0256
4668.000000000243,65.62811279296875,0.2700822353363037,67.83052062988281,39627697021783607,F,6020.1,3.889,-1.0256
4668.800000000243,64.51708221435547,0.2635760009288788,67.33572387695312,39627697021783607,F,6020.1,3.889,-1.0256
4669.600000000243,67.26007080078125,0.2562512159347534,69.27645111083984,39627697021783607,F,6020.1,3.889,-1.0256
4670.400000000243,70.01905059814453,0.24319954216480255,69.96028137207031,39627697021783607,F,6020.1,3.889,-1.0256
4671.200000000244,65.73767852783203,0.23813167214393616,69.7437744140625,39627697021783607,F,6020.1,3.889,-1.0256
4672.000000000244,68.27560424804688,0.2464299201965332,71.71712493896484,39627697021783607,F,6020.1,3.889,-1.0256
4672.800000000244,71.74459838867188,0.24783474206924438,72.84117126464844,39627697021783607,F,6020.1,3.889,-1.0256
4673.600000000244,70.46403503417969,0.26463085412979126,71.899169921875,39627697021783607,F,6020.1,3.889,-1.0256
4674.400000000244,69.43748474121094,0.2517233192920685,71.062255859375,39627697021783607,F,6020.1,3.889,-1.0256
4675.2000000002445,67.26055145263672,0.2635482847690582,72.38700866699219,39627697021783607,F,6020.1,3.889,-1.0256
4676.000000000245,66.54376220703125,0.27250659465789795,73.14496612548828,39627697021783607,F,6020.1,3.889,-1.0256
4676.800000000245,65.89874267578125,0.25793328881263733,73.4590835571289,39627697021783607,F,6020.1,3.889,-1.0256
4677.600000000245,70.17716979980469,0.2469269186258316,73.66094207763672,39627697021783607,F,6020.1,3.889,-1.0256
4678.400000000245,71.631591796875,0.23788009583950043,73.36973571777344,39627697021783607,F,6020.1,3.889,-1.0256
4679.200000000245,68.90969848632812,0.23975926637649536,72.00314331054688,39627697021783607,F,6020.1,3.889,-1.0256
4680.000000000246,64.2811279296875,0.2656891942024231,70.17985534667969,39627697021783607,F,6020.1,3.889,-1.0256
4680.800000000246,67.7878189086914,0.2674395740032196,70.47127532958984,39627697021783607,F,6020.1,3.889,-1.0256
4681.600000000246,71.38475036621094,0.25255322456359863,70.8853988647461,39627697021783607,F,6020.1,3.889,-1.0256
4682.400000000246,70.68994140625,0.2526245713233948,70.92389678955078,39627697021783607,F,6020.1,3.889,-1.0256
4683.200000000246,70.03761291503906,0.25490066409111023,70.88263702392578,39627697021783607,F,6020.1,3.889,-1.0256
4684.0000000002465,70.90804290771484,0.2477102130651474,72.25350952148438,39627697021783607,F,6020.1,3.889,-1.0256
4684.800000000247,70.36085510253906,0.26399701833724976,72.91207885742188,39627697021783607,F,6020.1,3.889,-1.0256
4685.600000000247,71.07389068603516,0.2623150646686554,72.51862335205078,39627697021783607,F,6020.1,3.889,-1.0256
4686.400000000247,72.36346435546875,0.2461169958114624,71.65805053710938,39627697021783607,F,6020.1,3.889,-1.0256
4687.200000000247,71.04451751708984,0.25368422269821167,71.44776916503906,39627697021783607,F,6020.1,3.889,-1.0256
4688.000000000247,68.47473907470703,0.23625358939170837,72.01639556884766,39627697021783607,F,6020.1,3.889,-1.0256
4688.800000000248,71.1939697265625,0.2540527582168579,72.33407592773438,39627697021783607,F,6020.1,3.889,-1.0256
4689.600000000248,67.49160766601562,0.2683436870574951,72.57796478271484,39627697021783607,F,6020.1,3.889,-1.0256
4690.400000000248,72.84925079345703,0.2522194981575012,72.41130828857422,39627697021783607,F,6020.1,3.889,-1.0256
4691.200000000248,70.20989990234375,0.2543894648551941,71.65354919433594,39627697021783607,F,6020.1,3.889,-1.0256
4692.000000000248,64.75188446044922,0.23634403944015503,71.08065032958984,39627697021783607,F,6020.1,3.889,-1.0256
4692.8000000002485,70.26469421386719,0.2167423963546753,71.72323608398438,39627697021783607,F,6020.1,3.889,-1.0256
4693.600000000249,67.2050552368164,0.22249257564544678,72.87373352050781,39627697021783607,F,6020.1,3.889,-1.0256
4694.400000000249,68.06360626220703,0.25843310356140137,73.04910278320312,39627697021783607,F,6020.1,3.889,-1.0256
4695.200000000249,71.49600219726562,0.2543034255504608,72.72624206542969,39627697021783607,F,6020.1,3.889,-1.0256
4696.000000000249,68.81596374511719,0.2480347752571106,72.76905059814453,39627697021783607,F,6020.1,3.889,-1.0256
4696.800000000249,69.87420654296875,0.23936727643013,72.97370147705078,39627697021783607,F,6020.1,3.889,-1.0256
4697.60000000025,71.33673095703125,0.23594602942466736,72.95648956298828,39627697021783607,F,6020.1,3.889,-1.0256
4698.40000000025,70.79546356201172,0.19342386722564697,72.4164810180664,39627697021783607,F,6020.1,3.889,-1.0256
4699.20000000025,66.22966003417969,0.2474769651889801,71.56336212158203,39627697021783607,F,6020.1,3.889,-1.0256
4700.00000000025,69.25833892822266,0.2644115686416626,71.54981231689453,39627697021783607,F,6020.1,3.889,-1.0256
4700.80000000025,66.62349700927734,0.280294805765152,71.77790069580078,39627697021783607,F,6020.1,3.889,-1.0256
4701.6000000002505,68.3774642944336,0.26773062348365784,71.4920425415039,39627697021783607,F,6020.1,3.889,-1.0256
4702.400000000251,69.85166931152344,0.2586011290550232,70.5217056274414,39627697021783607,F,6020.1,3.889,-1.0256
4703.200000000251,68.30323791503906,0.2379295527935028,68.48604583740234,39627697021783607,F,6020.1,3.889,-1.0256
4704.000000000251,62.427879333496094,0.28717702627182007,66.14701080322266,39627697021783607,F,6020.1,3.889,-1.0256
4704.800000000251,69.3250732421875,0.25489866733551025,68.82064056396484,39627697021783607,F,6020.1,3.889,-1.0256
4705.600000000251,72.64134216308594,0.2560843825340271,71.52555847167969,39627697021783607,F,6020.1,3.889,-1.0256
4706.400000000252,71.67351531982422,0.24072974920272827,72.02694702148438,39627697021783607,F,6020.1,3.889,-1.0256
4707.200000000252,70.80447387695312,0.26288047432899475,71.28571319580078,39627697021783607,F,6020.1,3.889,-1.0256
4708.000000000252,66.06257629394531,0.24960297346115112,69.7850112915039,39627697021783607,F,6020.1,3.889,-1.0256
4708.800000000252,64.3382797241211,0.2840195298194885,68.85955810546875,39627697021783607,F,6020.1,3.889,-1.0256
4709.600000000252,70.697509765625,0.26021435856819153,68.31135559082031,39627697021783607,F,6020.1,3.889,-1.0256
4710.4000000002525,68.88209533691406,0.2587795853614807,68.67054748535156,39627697021783607,F,6020.1,3.889,-1.0256
4711.200000000253,65.65648651123047,0.2697557210922241,69.73838806152344,39627697021783607,F,6020.1,3.889,-1.0256
4712.000000000253,72.79716491699219,0.24076718091964722,71.58660125732422,39627697021783607,F,6020.1,3.889,-1.0256
4712.800000000253,69.10478210449219,0.25758036971092224,72.66056060791016,39627697021783607,F,6020.1,3.889,-1.0256
4713.600000000253,73.13328552246094,0.24329784512519836,72.71746826171875,39627697021783607,F,6020.1,3.889,-1.0256
4714.400000000253,68.84941864013672,0.2707253694534302,71.26590728759766,39627697021783607,F,6020.1,3.889,-1.0256
4715.200000000254,67.29669189453125,0.2577923834323883,69.405517578125,39627697021783607,F,6020.1,3.889,-1.0256
4716.000000000254,67.0605697631836,0.23771217465400696,69.97394561767578,39627697021783607,F,6020.1,3.889,-1.0256
4716.800000000254,65.29475402832031,0.21133258938789368,70.44146728515625,39627697021783607,F,6020.1,3.889,-1.0256
4717.600000000254,66.88045501708984,0.2418627142906189,71.27800750732422,39627697021783607,F,6020.1,3.889,-1.0256
4718.400000000254,76.85426330566406,0.2392071783542633,72.20445251464844,39627697021783607,F,6020.1,3.889,-1.0256
4719.2000000002545,68.86140441894531,0.2454172968864441,72.25523376464844,39627697021783607,F,6020.1,3.889,-1.0256
4720.000000000255,70.60131072998047,0.24067386984825134,72.20116424560547,39627697021783607,F,6020.1,3.889,-1.0256
4720.800000000255,72.71533203125,0.25983256101608276,72.04607391357422,39627697021783607,F,6020.1,3.889,-1.0256
4721.600000000255,68.75453186035156,0.24553146958351135,71.46812438964844,39627697021783607,F,6020.1,3.889,-1.0256
4722.400000000255,64.11064910888672,0.2665570378303528,70.56631469726562,39627697021783607,F,6020.1,3.889,-1.0256
4723.200000000255,73.74640655517578,0.2584766149520874,70.29765319824219,39627697021783607,F,6020.1,3.889,-1.0256
4724.000000000256,72.711669921875,0.25054842233657837,71.17183685302734,39627697021783607,F,6020.1,3.889,-1.0256
4724.800000000256,71.70577239990234,0.2434777170419693,72.14749908447266,39627697021783607,F,6020.1,3.889,-1.0256
4725.600000000256,72.3707275390625,0.25790461897850037,72.66646575927734,39627697021783607,F,6020.1,3.889,-1.0256
4726.400000000256,70.22075653076172,0.2532792091369629,72.931640625,39627697021783607,F,6020.1,3.889,-1.0256
4727.200000000256,68.50015258789062,0.24490123987197876,72.31141662597656,39627697021783607,F,6020.1,3.889,-1.0256
4728.0000000002565,66.75904846191406,0.2659914195537567,70.89139556884766,39627697021783607,F,6020.1,3.889,-1.0256
4728.800000000257,63.545494079589844,0.27549445629119873,70.0183334350586,39627697021783607,F,6020.1,3.889,-1.0256
4729.600000000257,64.02375793457031,0.27774542570114136,70.01605224609375,39627697021783607,F,6020.1,3.889,-1.0256
4730.400000000257,68.3499984741211,0.27132248878479004,70.70751953125,39627697021783607,F,6020.1,3.889,-1.0256
4731.200000000257,67.55045318603516,0.26962679624557495,70.63318634033203,39627697021783607,F,6020.1,3.889,-1.0256
4732.000000000257,66.20222473144531,0.2722417116165161,69.8347396850586,39627697021783607,F,6020.1,3.889,-1.0256
4732.800000000258,66.4155044555664,0.2660713791847229,69.42286682128906,39627697021783607,F,6020.1,3.889,-1.0256
4733.600000000258,71.77488708496094,0.2615453004837036,70.09752655029297,39627697021783607,F,6020.1,3.889,-1.0256
4734.400000000258,67.13642120361328,0.2606181204319,70.11637878417969,39627697021783607,F,6020.1,3.889,-1.0256
4735.200000000258,71.4171371459961,0.24659422039985657,70.8010482788086,39627697021783607,F,6020.1,3.889,-1.0256
4736.000000000258,68.21627807617188,0.2591046094894409,71.6788558959961,39627697021783607,F,6020.1,3.889,-1.0256
4736.8000000002585,67.14432525634766,0.26647189259529114,70.65850830078125,39627697021783607,F,6020.1,3.889,-1.0256
4737.600000000259,70.58238983154297,0.2527243196964264,68.93743133544922,39627697021783607,F,6020.1,3.889,-1.0256
4738.400000000259,69.0385971069336,0.24213333427906036,69.40625,39627697021783607,F,6020.1,3.889,-1.0256
4739.200000000259,68.45991516113281,0.2504742741584778,70.52322387695312,39627697021783607,F,6020.1,3.889,-1.0256
4740.000000000259,68.8420639038086,0.2728322148323059,70.68373107910156,39627697021783607,F,6020.1,3.889,-1.0256
4740.800000000259,69.18694305419922,0.26624956727027893,71.27063751220703,39627697021783607,F,6020.1,3.889,-1.0256
4741.60000000026,67.91239166259766,0.2721160054206848,71.44685363769531,39627697021783607,F,6020.1,3.889,-1.0256
4742.40000000026,66.51698303222656,0.28621190786361694,71.20978546142578,39627697021783607,F,6020.1,3.889,-1.0256
4743.20000000026,72.40763092041016,0.2623414993286133,71.56800842285156,39627697021783607,F,6020.1,3.889,-1.0256
4744.00000000026,69.63449096679688,0.2558920383453369,72.07435607910156,39627697021783607,F,6020.1,3.889,-1.0256
4744.80000000026,70.5580062866211,0.2723269760608673,72.46997833251953,39627697021783607,F,6020.1,3.889,-1.0256
4745.6000000002605,66.89802551269531,0.2573966681957245,72.08061981201172,39627697021783607,F,6020.1,3.889,-1.0256
4746.400000000261,67.57927703857422,0.25894695520401,71.36661529541016,39627697021783607,F,6020.1,3.889,-1.0256
4747.200000000261,71.42088317871094,0.24524462223052979,71.4215087890625,39627697021783607,F,6020.1,3.889,-1.0256
4748.000000000261,73.36790466308594,0.2607736885547638,71.93319702148438,39627697021783607,F,6020.1,3.889,-1.0256
4748.800000000261,71.1391830444336,0.2309456318616867,71.8760757446289,39627697021783607,F,6020.1,3.889,-1.0256
4749.600000000261,68.8494644165039,0.2811567485332489,72.03285217285156,39627697021783607,F,6020.1,3.889,-1.0256
4750.400000000262,71.3120346069336,0.2587653398513794,72.05059051513672,39627697021783607,F,6020.1,3.889,-1.0256
4751.200000000262,70.53485107421875,0.2569020688533783,72.28627014160156,39627697021783607,F,6020.1,3.889,-1.0256
4752.000000000262,67.93681335449219,0.23938679695129395,72.39151000976562,39627697021783607,F,6020.1,3.889,-1.0256
4752.800000000262,70.17576599121094,0.223535418510437,71.87052917480469,39627697021783607,F,6020.1,3.889,-1.0256
4753.600000000262,69.86566162109375,0.25653526186943054,71.47081756591797,39627697021783607,F,6020.1,3.889,-1.0256
4754.4000000002625,70.31407165527344,0.19181397557258606,71.03839111328125,39627697021783607,F,6020.1,3.889,-1.0256
4755.200000000263,70.95492553710938,0.23705261945724487,70.054931640625,39627697021783607,F,6020.1,3.889,-1.0256
4756.000000000263,67.49136352539062,0.27983757853507996,70.33289337158203,39627697021783607,F,6020.1,3.889,-1.0256
4756.800000000263,65.82305145263672,0.2684151828289032,70.11798858642578,39627697021783607,F,6020.1,3.889,-1.0256
4757.600000000263,71.32310485839844,0.19866366684436798,69.97801208496094,39627697021783607,F,6020.1,3.889,-1.0256
4758.400000000263,67.17573547363281,0.28371596336364746,71.05606079101562,39627697021783607,F,6020.1,3.889,-1.0256
4759.200000000264,73.06376647949219,0.25022539496421814,71.56826782226562,39627697021783607,F,6020.1,3.889,-1.0256
4760.000000000264,69.231201171875,0.26489564776420593,71.65093994140625,39627697021783607,F,6020.1,3.889,-1.0256
4760.800000000264,67.58628845214844,0.24716226756572723,72.06005096435547,39627697021783607,F,6020.1,3.889,-1.0256
4761.600000000264,70.22341918945312,0.24937252700328827,71.80024719238281,39627697021783607,F,6020.1,3.889,-1.0256
4762.400000000264,67.7058334350586,0.23011280596256256,69.8030014038086,39627697021783607,F,6020.1,3.889,-1.0256
4763.2000000002645,67.70850372314453,0.2840084433555603,67.85208129882812,39627697021783607,F,6020.1,3.889,-1.0256
4764.000000000265,70.34439086914062,0.27646535634994507,67.95742797851562,39627697021783607,F,6020.1,3.889,-1.0256
4764.800000000265,67.22156524658203,0.27667415142059326,68.48773193359375,39627697021783607,F,6020.1,3.889,-1.0256
4765.600000000265,68.58409881591797,0.2679312229156494,69.13960266113281,39627697021783607,F,6020.1,3.889,-1.0256
4766.400000000265,65.21965789794922,0.26925158500671387,69.43209838867188,39627697021783607,F,6020.1,3.889,-1.0256
4767.200000000265,68.39598083496094,0.26896926760673523,68.88617706298828,39627697021783607,F,6020.1,3.889,-1.0256
4768.000000000266,72.78899383544922,0.2510448694229126,69.5802230834961,39627697021783607,F,6020.1,3.889,-1.0256
4768.800000000266,69.20199584960938,0.283488005399704,70.36738586425781,39627697021783607,F,6020.1,3.889,-1.0256
4769.600000000266,65.76298522949219,0.26177704334259033,70.57184600830078,39627697021783607,F,6020.1,3.889,-1.0256
4770.400000000266,69.94390869140625,0.2447877675294876,71.51262664794922,39627697021783607,F,6020.1,3.889,-1.0256
4771.200000000266,71.91284942626953,0.23683100938796997,72.01482391357422,39627697021783607,F,6020.1,3.889,-1.0256
4772.0000000002665,67.4533920288086,0.25469931960105896,71.74183654785156,39627697021783607,F,6020.1,3.889,-1.0256
4772.800000000267,64.74020385742188,0.27873528003692627,70.79985809326172,39627697021783607,F,6020.1,3.889,-1.0256
4773.600000000267,71.20399475097656,0.24532833695411682,70.27202606201172,39627697021783607,F,6020.1,3.889,-1.0256
4774.400000000267,71.25293731689453,0.2344861775636673,71.04252624511719,39627697021783607,F,6020.1,3.889,-1.0256
4775.200000000267,67.65162658691406,0.2536503076553345,71.98384094238281,39627697021783607,F,6020.1,3.889,-1.0256
4776.000000000267,67.38587188720703,0.26564162969589233,71.91523742675781,39627697021783607,F,6020.1,3.889,-1.0256
4776.800000000268,71.97482299804688,0.25737112760543823,71.14891052246094,39627697021783607,F,6020.1,3.889,-1.0256
4777.600000000268,71.72744750976562,0.2603892385959625,71.37419891357422,39627697021783607,F,6020.1,3.889,-1.0256
4778.400000000268,72.84929656982422,0.23013319075107574,72.13335418701172,39627697021783607,F,6020.1,3.889,-1.0256
4779.200000000268,72.13248443603516,0.2604023218154907,72.13260650634766,39627697021783607,F,6020.1,3.889,-1.0256
4780.000000000268,72.586181640625,0.24936699867248535,71.17279815673828,39627697021783607,F,6020.1,3.889,-1.0256
4780.8000000002685,68.81573486328125,0.26458045840263367,70.12416076660156,39627697021783607,F,6020.1,3.889,-1.0256
4781.600000000269,70.75821685791016,0.2549511790275574,71.0401840209961,39627697021783607,F,6020.1,3.889,-1.0256
4782.400000000269,68.06177520751953,0.2550524175167084,72.02355194091797,39627697021783607,F,6020.1,3.889,-1.0256
4783.200000000269,68.69485473632812,0.23996049165725708,71.60306549072266,39627697021783607,F,6020.1,3.889,-1.0256
4784.000000000269,67.95854949951172,0.25114649534225464,70.12806701660156,39627697021783607,F,6020.1,3.889,-1.0256
4784.800000000269,68.9625015258789,0.25731778144836426,70.01567077636719,39627697021783607,F,6020.1,3.889,-1.0256
4785.60000000027,70.40455627441406,0.24484744668006897,71.3114242553711,39627697021783607,F,6020.1,3.889,-1.0256
4786.40000000027,66.13644409179688,0.26462000608444214,71.06517028808594,39627697021783607,F,6020.1,3.889,-1.0256
4787.20000000027,68.8735580444336,0.26858916878700256,69.17570495605469,39627697021783607,F,6020.1,3.889,-1.0256
4788.00000000027,68.09625244140625,0.2676582336425781,68.97203826904297,39627697021783607,F,6020.1,3.889,-1.0256
4788.80000000027,69.79803466796875,0.27192097902297974,70.22889709472656,39627697021783607,F,6020.1,3.889,-1.0256
4789.6000000002705,69.38473510742188,0.24411439895629883,69.4755630493164,39627697021783607,F,6020.1,3.889,-1.0256
4790.400000000271,70.49504089355469,0.27113354206085205,68.11935424804688,39627697021783607,F,6020.1,3.889,-1.0256
4791.200000000271,67.76066589355469,0.2633022665977478,69.5537338256836,39627697021783607,F,6020.1,3.889,-1.0256
4792.000000000271,68.6651840209961,0.2699553370475769,70.69461822509766,39627697021783607,F,6020.1,3.889,-1.0256
4792.800000000271,74.24860382080078,0.2617020905017853,70.03327178955078,39627697021783607,F,6020.1,3.889,-1.0256
4793.600000000271,67.85160827636719,0.2705806493759155,69.33938598632812,39627697021783607,F,6020.1,3.889,-1.0256
4794.400000000272,70.9537582397461,0.2152964174747467,70.82931518554688,39627697021783607,F,6020.1,3.889,-1.0256
4795.200000000272,68.983642578125,0.2548321783542633,71.85565948486328,39627697021783607,F,6020.1,3.889,-1.0256
4796.000000000272,70.7814712524414,0.2633870244026184,71.87248229980469,39627697021783607,F,6020.1,3.889,-1.0256
4796.800000000272,66.97750854492188,0.28103503584861755,71.69766998291016,39627697021783607,F,6020.1,3.889,-1.0256
4797.600000000272,73.04489135742188,0.25695398449897766,71.6678695678711,39627697021783607,F,6020.1,3.889,-1.0256
4798.4000000002725,69.11344909667969,0.2907586097717285,70.99687194824219,39627697021783607,F,6020.1,3.889,-1.0256
4799.200000000273,68.69204711914062,0.2794882357120514,69.67410278320312,39627697021783607,F,6020.1,3.889,-1.0256
4800.000000000273,68.70980834960938,0.28099969029426575,69.33989715576172,39627697021783607,F,6020.1,3.889,-1.0256
4800.800000000273,71.45153045654297,0.2735222280025482,68.87319946289062,39627697021783607,F,6020.1,3.889,-1.0256
4801.600000000273,66.71927642822266,0.27120184898376465,68.59175109863281,39627697021783607,F,6020.1,3.889,-1.0256
4802.400000000273,65.9721450805664,0.18680092692375183,69.83308410644531,39627697021783607,F,6020.1,3.889,-1.0256
4803.200000000274,69.76659393310547,0.2541709244251251,70.6147689819336,39627697021783607,F,6020.1,3.889,-1.0256
4804.000000000274,66.48910522460938,0.2754722535610199,70.65335845947266,39627697021783607,F,6020.1,3.889,-1.0256
4804.800000000274,70.76935577392578,0.24871620535850525,70.6113510131836,39627697021783607,F,6020.1,3.889,-1.0256
4805.600000000274,72.2304916381836,0.20439235866069794,69.33709716796875,39627697021783607,F,6020.1,3.889,-1.0256
4806.400000000274,66.84737396240234,0.26143863797187805,68.52255249023438,39627697021783607,F,6020.1,3.889,-1.0256
4807.2000000002745,68.5574722290039,0.2751638889312744,69.49067687988281,39627697021783607,F,6020.1,3.889,-1.0256
4808.000000000275,68.30271911621094,0.22846467792987823,69.78499603271484,39627697021783607,F,6020.1,3.889,-1.0256
4808.800000000275,68.51065826416016,0.26608848571777344,70.14462280273438,39627697021783607,F,6020.1,3.889,-1.0256
4809.600000000275,70.27758026123047,0.24872589111328125,70.50685119628906,39627697021783607,F,6020.1,3.889,-1.0256
4810.400000000275,69.4903793334961,0.2693997025489807,70.39044952392578,39627697021783607,F,6020.1,3.889,-1.0256
4811.200000000275,67.03023529052734,0.2689049243927002,69.70787811279297,39627697021783607,F,6020.1,3.889,-1.0256
4812.000000000276,68.71824645996094,0.2704613208770752,69.69673919677734,39627697021783607,F,6020.1,3.889,-1.0256
4812.800000000276,68.59886169433594,0.27629566192626953,69.83922576904297,39627697021783607,F,6020.1,3.889,-1.0256
4813.600000000276,66.19097900390625,0.28967297077178955,69.75859069824219,39627697021783607,F,6020.1,3.889,-1.0256
4814.400000000276,69.93266296386719,0.2762224078178406,70.2508773803711,39627697021783607,F,6020.1,3.889,-1.0256
4815.200000000276,69.69890594482422,0.2734133005142212,70.60676574707031,39627697021783607,F,6020.1,3.889,-1.0256
4816.0000000002765,71.0368881225586,0.24060750007629395,70.41341400146484,39627697021783607,F,6020.1,3.889,-1.0256
4816.800000000277,71.50665283203125,0.2520701587200165,70.39741516113281,39627697021783607,F,6020.1,3.889,-1.0256
4817.600000000277,64.82516479492188,0.28420138359069824,70.13996887207031,39627697021783607,F,6020.1,3.889,-1.0256
4818.400000000277,70.20658111572266,0.23664188385009766,68.96892547607422,39627697021783607,F,6020.1,3.889,-1.0256
4819.200000000277,66.30693054199219,0.2598637342453003,68.63758087158203,39627697021783607,F,6020.1,3.889,-1.0256
4820.000000000277,70.53995513916016,0.26596444845199585,70.09016418457031,39627697021783607,F,6020.1,3.889,-1.0256
4820.800000000278,67.9343032836914,0.2692929804325104,70.74011993408203,39627697021783607,F,6020.1,3.889,-1.0256
4821.600000000278,71.65386962890625,0.27647918462753296,70.4183578491211,39627697021783607,F,6020.1,3.889,-1.0256
4822.400000000278,71.58489990234375,0.272761732339859,70.30689239501953,39627697021783607,F,6020.1,3.889,-1.0256
4823.200000000278,70.61099243164062,0.2456808239221573,69.76449584960938,39627697021783607,F,6020.1,3.889,-1.0256
4824.000000000278,65.83219909667969,0.23924192786216736,67.78243255615234,39627697021783607,F,6020.1,3.889,-1.0256
4824.8000000002785,65.27041625976562,0.28953975439071655,66.27360534667969,39627697021783607,F,6020.1,3.889,-1.0256
4825.600000000279,71.32252502441406,0.25951117277145386,67.95996856689453,39627697021783607,F,6020.1,3.889,-1.0256
4826.400000000279,64.90753173828125,0.26124992966651917,69.63766479492188,39627697021783607,F,6020.1,3.889,-1.0256
4827.200000000279,70.362548828125,0.257486492395401,70.17910766601562,39627697021783607,F,6020.1,3.889,-1.0256
4828.000000000279,70.29158782958984,0.27433913946151733,70.32203674316406,39627697021783607,F,6020.1,3.889,-1.0256
4828.800000000279,67.5374984741211,0.2534661889076233,70.1506118774414,39627697021783607,F,6020.1,3.889,-1.0256
4829.60000000028,67.32335662841797,0.2614094316959381,69.25902557373047,39627697021783607,F,6020.1,3.889,-1.0256
4830.40000000028,66.03195190429688,0.2545047700405121,68.7020263671875,39627697021783607,F,6020.1,3.889,-1.0256
4831.20000000028,71.90412902832031,0.24366681277751923,68.99430084228516,39627697021783607,F,6020.1,3.889,-1.0256
4832.00000000028,66.128173828125,0.2740287184715271,68.71435546875,39627697021783607,F,6020.1,3.889,-1.0256
4832.80000000028,70.68658447265625,0.27679213881492615,68.67180633544922,39627697021783607,F,6020.1,3.889,-1.0256
4833.6000000002805,69.8843765258789,0.23552575707435608,68.4963150024414,39627697021783607,F,6020.1,3.889,-1.0256
4834.400000000281,71.75708770751953,0.23630665242671967,68.7999496459961,39627697021783607,F,6020.1,3.889,-1.0256
4835.200000000281,67.12060546875,0.2746148705482483,69.28998565673828,39627697021783607,F,6020.1,3.889,-1.0256
4836.000000000281,67.71355438232422,0.263856440782547,69.19949340820312,39627697021783607,F,6020.1,3.889,-1.0256
4836.800000000281,67.1439208984375,0.2702507972717285,68.46533203125,39627697021783607,F,6020.1,3.889,-1.0256
4837.600000000281,71.07707214355469,0.26887601613998413,68.38928985595703,39627697021783607,F,6020.1,3.889,-1.0256
4838.400000000282,69.16958618164062,0.2670482099056244,68.61685180664062,39627697021783607,F,6020.1,3.889,-1.0256
4839.200000000282,62.178138732910156,0.27205222845077515,67.97909545898438,39627697021783607,F,6020.1,3.889,-1.0256
4840.000000000282,71.26498413085938,0.27740246057510376,66.97366333007812,39627697021783607,F,6020.1,3.889,-1.0256
4840.800000000282,65.66020202636719,0.31418728828430176,66.06877136230469,39627697021783607,F,6020.1,3.889,-1.0256
4841.600000000282,66.97134399414062,0.2866600453853607,66.38453674316406,39627697021783607,F,6020.1,3.889,-1.0256
4842.4000000002825,65.04501342773438,0.2840800881385803,67.37828063964844,39627697021783607,F,6020.1,3.889,-1.0256
4843.200000000283,65.8983383178711,0.2907947301864624,67.38130187988281,39627697021783607,F,6020.1,3.889,-1.0256
4844.000000000283,69.88038635253906,0.2797616720199585,66.49923706054688,39627697021783607,F,6020.1,3.889,-1.0256
4844.800000000283,67.55895233154297,0.27104198932647705,66.44277954101562,39627697021783607,F,6020.1,3.889,-1.0256
4845.600000000283,69.49484252929688,0.268574059009552,66.82498931884766,39627697021783607,F,6020.1,3.889,-1.0256
4846.400000000283,67.50887298583984,0.26137781143188477,66.8923568725586,39627697021783607,F,6020.1,3.889,-1.0256
4847.200000000284,69.68621826171875,0.2921873927116394,66.66621398925781,39627697021783607,F,6020.1,3.889,-1.0256
4848.000000000284,66.64058685302734,0.2651621699333191,66.03791809082031,39627697021783607,F,6020.1,3.889,-1.0256
4848.800000000284,63.23911666870117,0.2815217077732086,64.61797332763672,39627697021783607,F,6020.1,3.889,-1.0256
4849.600000000284,63.37596130371094,0.2942146062850952,63.73833084106445,39627697021783607,F,6020.1,3.889,-1.0256
4850.400000000284,67.21688079833984,0.22338491678237915,64.24175262451172,39627697021783607,F,6020.1,3.889,-1.0256
4851.2000000002845,64.00132751464844,0.28407859802246094,64.9241714477539,39627697021783607,F,6020.1,3.889,-1.0256
4852.000000000285,65.60770416259766,0.2937076687812805,64.49493408203125,39627697021783607,F,6020.1,3.889,-1.0256
4852.800000000285,65.1236801147461,0.29741308093070984,63.623291015625,39627697021783607,F,6020.1,3.889,-1.0256
4853.600000000285,66.4345474243164,0.28922659158706665,63.29642105102539,39627697021783607,F,6020.1,3.889,-1.0256
4854.400000000285,62.49999237060547,0.30015936493873596,62.93463897705078,39627697021783607,F,6020.1,3.889,-1.0256
4855.200000000285,63.32304382324219,0.2951871156692505,61.33561325073242,39627697021783607,F,6020.1,3.889,-1.0256
4856.000000000286,60.91498947143555,0.28167134523391724,58.49062728881836,39627697021783607,F,6020.1,3.889,-1.0256
4856.800000000286,56.82438659667969,0.34026893973350525,56.98984146118164,39627697021783607,F,6020.1,3.889,-1.0256
4857.600000000286,58.26260757446289,0.32323235273361206,57.55656051635742,39627697021783607,F,6020.1,3.889,-1.0256
4858.400000000286,60.184993743896484,0.329636812210083,57.192264556884766,39627697021783607,F,6020.1,3.889,-1.0256
4859.200000000286,57.371429443359375,0.30484676361083984,55.05129623413086,39627697021783607,F,6020.1,3.889,-1.0256
4860.0000000002865,57.854618072509766,0.2509806752204895,51.055355072021484,39627697021783607,F,6020.1,3.889,-1.0256
4860.800000000287,46.18773651123047,0.273293137550354,44.69782638549805,39627697021783607,F,6020.1,3.889,-1.0256
4861.600000000287,37.709171295166016,0.4984644055366516,37.212589263916016,39627697021783607,F,6020.1,3.889,-1.0256
4862.400000000287,29.660242080688477,0.5742225646972656,33.34254455566406,39627697021783607,F,6020.1,3.889,-1.0256
4863.200000000287,38.38582229614258,0.481163889169693,38.70318603515625,39627697021783607,F,6020.1,3.889,-1.0256
4864.000000000287,55.663814544677734,0.35129687190055847,46.65054702758789,39627697021783607,F,6020.1,3.889,-1.0256
4864.800000000288,53.849002838134766,0.3376729190349579,51.18074417114258,39627697021783607,F,6020.1,3.889,-1.0256
4865.600000000288,58.152099609375,0.23679223656654358,53.846126556396484,39627697021783607,F,6020.1,3.889,-1.0256
4866.400000000288,60.90835952758789,0.27636563777923584,56.01539993286133,39627697021783607,F,6020.1,3.889,-1.0256
4867.200000000288,59.428955078125,0.2986842393875122,57.662654876708984,39627697021783607,F,6020.1,3.889,-1.0256
4868.000000000288,65.52061462402344,0.29355594515800476,59.40741729736328,39627697021783607,F,6020.1,3.889,-1.0256
4868.8000000002885,63.693321228027344,0.30854374170303345,60.50120162963867,39627697021783607,F,6020.1,3.889,-1.0256
4869.600000000289,63.865169525146484,0.31254494190216064,61.35462951660156,39627697021783607,F,6020.1,3.889,-1.0256
4870.400000000289,60.931182861328125,0.30937689542770386,62.0786247253418,39627697021783607,F,6020.1,3.889,-1.0256
4871.200000000289,66.36894989013672,0.29027050733566284,61.25963592529297,39627697021783607,F,6020.1,3.889,-1.0256
4872.000000000289,58.80046081542969,0.3407575488090515,58.84054946899414,39627697021783607,F,6020.1,3.889,-1.0256
4872.800000000289,56.580352783203125,0.3428066670894623,58.52238082885742,39627697021783607,F,6020.1,3.889,-1.0256
4873.60000000029,61.826717376708984,0.3040267825126648,60.71255874633789,39627697021783607,F,6020.1,3.889,-1.0256
4874.40000000029,64.410400390625,0.30214282870292664,62.39332962036133,39627697021783607,F,6020.1,3.889,-1.0256
4875.20000000029,66.40568542480469,0.2810226082801819,63.48670959472656,39627697021783607,F,6020.1,3.889,-1.0256
4876.00000000029,64.8718032836914,0.30744439363479614,64.28694915771484,39627697021783607,F,6020.1,3.889,-1.0256
4876.80000000029,65.37760162353516,0.32969510555267334,63.985023498535156,39627697021783607,F,6020.1,3.889,-1.0256
4877.6000000002905,67.41130828857422,0.3053820729255676,63.58025360107422,39627697021783607,F,6020.1,3.889,-1.0256
4878.400000000291,64.35986328125,0.29020845890045166,63.90560531616211,39627697021783607,F,6020.1,3.889,-1.0256
4879.200000000291,62.266075134277344,0.29633474349975586,63.42926788330078,39627697021783607,F,6020.1,3.889,-1.0256
4880.000000000291,66.06027221679688,0.24217841029167175,65.76627349853516,39627697021783607,F,6020.1,3.889,-1.0256
4880.800000000291,70.39019012451172,0.27304184436798096,67.51891326904297,39627697021783607,F,6020.1,3.889,-1.0256
4881.600000000291,66.96223449707031,0.25753486156463623,67.38629150390625,39627697021783607,F,6020.1,3.889,-1.0256
4882.400000000292,65.65582275390625,0.281671941280365,66.60383605957031,39627697021783607,F,6020.1,3.889,-1.0256
4883.200000000292,64.50162506103516,0.28078243136405945,66.4256820678711,39627697021783607,F,6020.1,3.889,-1.0256
4884.000000000292,68.25662994384766,0.2886033058166504,66.62488555908203,39627697021783607,F,6020.1,3.889,-1.0256
4884.800000000292,70.43138885498047,0.27024850249290466,65.95243835449219,39627697021783607,F,6020.1,3.889,-1.0256
4885.600000000292,63.68686294555664,0.25649142265319824,65.78810119628906,39627697021783607,F,6020.1,3.889,-1.0256
4886.4000000002925,66.7534408569336,0.23686355352401733,65.56236267089844,39627697021783607,F,6020.1,3.889,-1.0256
4887.200000000293,66.20516967773438,0.3054681122303009,65.32340240478516,39627697021783607,F,6020.1,3.889,-1.0256
4888.000000000293,65.60494995117188,0.3140917420387268,65.47819519042969,39627697021783607,F,6020.1,3.889,-1.0256
4888.800000000293,62.518245697021484,0.3183482885360718,66.4945068359375,39627697021783607,F,6020.1,3.889,-1.0256
4889.600000000293,68.82673645019531,0.290926069021225,66.65904235839844,39627697021783607,F,6020.1,3.889,-1.0256
4890.400000000293,66.47945404052734,0.29725176095962524,66.37368774414062,39627697021783607,F,6020.1,3.889,-1.0256
4891.200000000294,66.623779296875,0.27684053778648376,64.22489166259766,39627697021783607,F,6020.1,3.889,-1.0256
4892.000000000294,62.76422119140625,0.31001853942871094,60.686920166015625,39627697021783607,F,6020.1,3.889,-1.0256
4892.800000000294,60.540855407714844,0.30110207200050354,62.31550598144531,39627697021783607,F,6020.1,3.889,-1.0256
4893.600000000294,68.25306701660156,0.18804660439491272,66.654052734375,39627697021783607,F,6020.1,3.889,-1.0256
4894.400000000294,67.33653259277344,0.2427699714899063,68.58358001708984,39627697021783607,F,6020.1,3.889,-1.0256
4895.2000000002945,70.08958435058594,0.2730731666088104,68.95099639892578,39627697021783607,F,6020.1,3.889,-1.0256
4896.000000000295,72.14533996582031,0.2683977782726288,69.48922729492188,39627697021783607,F,6020.1,3.889,-1.0256
4896.800000000295,69.50432586669922,0.26931390166282654,69.86820220947266,39627697021783607,F,6020.1,3.889,-1.0256
4897.600000000295,69.98418426513672,0.28333067893981934,69.91554260253906,39627697021783607,F,6020.1,3.889,-1.0256
4898.400000000295,68.93492889404297,0.27015620470046997,70.08907318115234,39627697021783607,F,6020.1,3.889,-1.0256
4899.200000000295,68.30441284179688,0.2729877829551697,70.06611633300781,39627697021783607,F,6020.1,3.889,-1.0256
4900.000000000296,69.2441635131836,0.27478790283203125,69.10675811767578,39627697021783607,F,6020.1,3.889,-1.0256
4900.800000000296,68.07732391357422,0.2868122458457947,67.54154205322266,39627697021783607,F,6020.1,3.889,-1.0256
4901.600000000296,67.0209732055664,0.27862095832824707,67.93421936035156,39627697021783607,F,6020.1,3.889,-1.0256
4902.400000000296,70.91865539550781,0.27708297967910767,68.91624450683594,39627697021783607,F,6020.1,3.889,-1.0256
4903.200000000296,70.04258728027344,0.2672262191772461,68.61677551269531,39627697021783607,F,6020.1,3.889,-1.0256
4904.0000000002965,67.96821594238281,0.29385828971862793,67.46141052246094,39627697021783607,F,6020.1,3.889,-1.0256
4904.800000000297,62.84723663330078,0.3070669174194336,67.24339294433594,39627697021783607,F,6020.1,3.889,-1.0256
4905.600000000297,64.17125701904297,0.28939753770828247,67.84982299804688,39627697021783607,F,6020.1,3.889,-1.0256
4906.400000000297,69.53065490722656,0.28284913301467896,69.23707580566406,39627697021783607,F,6020.1,3.889,-1.0256
4907.200000000297,69.60086822509766,0.2812575697898865,69.95821380615234,39627697021783607,F,6020.1,3.889,-1.0256
4908.000000000297,71.27133178710938,0.28252869844436646,69.31671905517578,39627697021783607,F,6020.1,3.889,-1.0256
4908.800000000298,68.95284271240234,0.2825394570827484,68.44828033447266,39627697021783607,F,6020.1,3.889,-1.0256
4909.600000000298,66.3143310546875,0.3008105754852295,68.64583587646484,39627697021783607,F,6020.1,3.889,-1.0256
4910.400000000298,69.88529205322266,0.29300206899642944,67.42906951904297,39627697021783607,F,6020.1,3.889,-1.0256
4911.200000000298,66.08596801757812,0.31912150979042053,65.09168243408203,39627697021783607,F,6020.1,3.889,-1.0256
4912.000000000298,65.81767272949219,0.32878032326698303,65.03199005126953,39627697021783607,F,6020.1,3.889,-1.0256
4912.8000000002985,65.8934097290039,0.3185584247112274,67.01118469238281,39627697021783607,F,6020.1,3.889,-1.0256
4913.600000000299,69.91645812988281,0.3021140694618225,68.61783599853516,39627697021783607,F,6020.1,3.889,-1.0256
4914.400000000299,69.21656036376953,0.30205100774765015,68.94405364990234,39627697021783607,F,6020.1,3.889,-1.0256
4915.200000000299,69.0751724243164,0.30125904083251953,69.14302062988281,39627697021783607,F,6020.1,3.889,-1.0256
4916.000000000299,65.02377319335938,0.30619972944259644,69.80316162109375,39627697021783607,F,6020.1,3.889,-1.0256
4916.800000000299,70.81550598144531,0.3133091330528259,69.96585083007812,39627697021783607,F,6020.1,3.889,-1.0256
4917.6000000003,66.72858428955078,0.3130159378051758,69.7176284790039,39627697021783607,F,6020.1,3.889,-1.0256
4918.4000000003,67.87850952148438,0.30961257219314575,68.31513977050781,39627697021783607,F,6020.1,3.889,-1.0256
4919.2000000003,64.46700286865234,0.34337323904037476,65.46537780761719,39627697021783607,F,6020.1,3.889,-1.0256
4920.0000000003,61.52537536621094,0.35824665427207947,62.997703552246094,39627697021783607,F,6020.1,3.889,-1.0256
4920.8000000003,61.60332107543945,0.33841970562934875,62.98735046386719,39627697021783607,F,6020.1,3.889,-1.0256
4921.6000000003005,58.71011734008789,0.330168753862381,62.26287078857422,39627697021783607,F,6020.1,3.889,-1.0256
4922.400000000301,67.49934387207031,0.300202876329422,65.33106994628906,39627697021783607,F,6020.1,3.889,-1.0256
4923.200000000301,66.07897186279297,0.2987830638885498,67.4038314819336,39627697021783607,F,6020.1,3.889,-1.0256
4924.000000000301,65.63184356689453,0.31407034397125244,66.39083862304688,39627697021783607,F,6020.1,3.889,-1.0256
4924.800000000301,65.54496765136719,0.31886303424835205,63.35298156738281,39627697021783607,F,6020.1,3.889,-1.0256
4925.600000000301,65.18254852294922,0.3166019320487976,64.41158294677734,39627697021783607,F,6020.1,3.889,-1.0256
4926.400000000302,65.64092254638672,0.247594952583313,67.21587371826172,39627697021783607,F,6020.1,3.889,-1.0256
4927.200000000302,66.05403137207031,0.28570836782455444,69.11212921142578,39627697021783607,F,6020.1,3.889,-1.0256
4928.000000000302,68.35746765136719,0.2954034209251404,69.64038848876953,39627697021783607,F,6020.1,3.889,-1.0256
4928.800000000302,64.90918731689453,0.3094334006309509,69.69692993164062,39627697021783607,F,6020.1,3.889,-1.0256
4929.600000000302,69.81085968017578,0.2534261643886566,69.93722534179688,39627697021783607,F,6020.1,3.889,-1.0256
4930.4000000003025,65.4094009399414,0.29978734254837036,69.9627685546875,39627697021783607,F,6020.1,3.889,-1.0256
4931.200000000303,66.7232437133789,0.3030513525009155,69.4938735961914,39627697021783607,F,6020.1,3.889,-1.0256
4932.000000000303,67.47447204589844,0.28736281394958496,69.4867172241211,39627697021783607,F,6020.1,3.889,-1.0256
4932.800000000303,68.47100830078125,0.2922944128513336,69.34207916259766,39627697021783607,F,6020.1,3.889,-1.0256
4933.600000000303,67.90938568115234,0.2572907507419586,68.44207763671875,39627697021783607,F,6020.1,3.889,-1.0256
4934.400000000303,63.95815658569336,0.3190937638282776,66.24555969238281,39627697021783607,F,6020.1,3.889,-1.0256
4935.200000000304,62.875770568847656,0.342496395111084,65.4699478149414,39627697021783607,F,6020.1,3.889,-1.0256
4936.000000000304,64.70216369628906,0.29549726843833923,67.75704956054688,39627697021783607,F,6020.1,3.889,-1.0256
4936.800000000304,66.26679229736328,0.3049864172935486,68.7041015625,39627697021783607,F,6020.1,3.889,-1.0256
4937.600000000304,70.00301361083984,0.2911013960838318,68.50132751464844,39627697021783607,F,6020.1,3.889,-1.0256
4938.400000000304,69.63236999511719,0.3052695393562317,67.48773193359375,39627697021783607,F,6020.1,3.889,-1.0256
4939.2000000003045,63.83688735961914,0.3241223096847534,66.11610412597656,39627697021783607,F,6020.1,3.889,-1.0256
4940.000000000305,63.16498947143555,0.32804590463638306,65.08056640625,39627697021783607,F,6020.1,3.889,-1.0256
4940.800000000305,64.2391357421875,0.3049349784851074,66.58490753173828,39627697021783607,F,6020.1,3.889,-1.0256
4941.600000000305,69.19661712646484,0.2992355227470398,68.98897552490234,39627697021783607,F,6020.1,3.889,-1.0256
4942.400000000305,65.77935028076172,0.3168756663799286,69.81157684326172,39627697021783607,F,6020.1,3.889,-1.0256
4943.200000000305,69.3072509765625,0.3147777318954468,69.64278411865234,39627697021783607,F,6020.1,3.889,-1.0256
4944.000000000306,69.94818115234375,0.27770060300827026,69.79000854492188,39627697021783607,F,6020.1,3.889,-1.0256
4944.800000000306,69.34612274169922,0.3125813901424408,70.06206512451172,39627697021783607,F,6020.1,3.889,-1.0256
4945.600000000306,70.51033020019531,0.27540701627731323,69.70809173583984,39627697021783607,F,6020.1,3.889,-1.0256
4946.400000000306,67.18211364746094,0.2815711200237274,68.50189208984375,39627697021783607,F,6020.1,3.889,-1.0256
4947.200000000306,66.2442398071289,0.30633115768432617,67.78446960449219,39627697021783607,F,6020.1,3.889,-1.0256
4948.0000000003065,66.6674575805664,0.2962372303009033,68.51109313964844,39627697021783607,F,6020.1,3.889,-1.0256
4948.800000000307,70.0892105102539,0.29777735471725464,69.24552154541016,39627697021783607,F,6020.1,3.889,-1.0256
4949.600000000307,69.2210922241211,0.29758721590042114,69.78299713134766,39627697021783607,F,6020.1,3.889,-1.0256
4950.400000000307,67.56474304199219,0.3159174919128418,69.66956329345703,39627697021783607,F,6020.1,3.889,-1.0256
4951.200000000307,68.37594604492188,0.3119422197341919,69.29293060302734,39627697021783607,F,6020.1,3.889,-1.0256
4952.000000000307,67.31671142578125,0.30136334896087646,69.69602966308594,39627697021783607,F,6020.1,3.889,-1.0256
4952.800000000308,68.31719970703125,0.2598584294319153,69.72824096679688,39627697021783607,F,6020.1,3.889,-1.0256
4953.600000000308,65.61526489257812,0.3003910779953003,69.18231964111328,39627697021783607,F,6020.1,3.889,-1.0256
4954.400000000308,68.7037582397461,0.3017793595790863,68.94483947753906,39627697021783607,F,6020.1,3.889,-1.0256
4955.200000000308,69.23421478271484,0.30601125955581665,69.23320007324219,39627697021783607,F,6020.1,3.889,-1.0256
4956.000000000308,64.66014099121094,0.31621670722961426,69.54509735107422,39627697021783607,F,6020.1,3.889,-1.0256
4956.8000000003085,67.48895263671875,0.31716403365135193,69.07231903076172,39627697021783607,F,6020.1,3.889,-1.0256
4957.600000000309,61.00442123413086,0.33290451765060425,64.80266571044922,39627697021783607,F,6020.1,3.889,-1.0256
4958.400000000309,56.37315368652344,0.3607926666736603,59.514774322509766,39627697021783607,F,6020.1,3.889,-1.0256
4959.200000000309,62.9078369140625,0.27911263704299927,63.01835250854492,39627697021783607,F,6020.1,3.889,-1.0256
4960.000000000309,68.83564758300781,0.25325465202331543,68.08912658691406,39627697021783607,F,6020.1,3.889,-1.0256
4960.800000000309,71.05897521972656,0.2814655601978302,69.88582611083984,39627697021783607,F,6020.1,3.889,-1.0256
4961.60000000031,69.08545684814453,0.29885542392730713,69.98805236816406,39627697021783607,F,6020.1,3.889,-1.0256
4962.40000000031,70.14043426513672,0.30647939443588257,69.56832122802734,39627697021783607,F,6020.1,3.889,-1.0256
4963.20000000031,66.51337432861328,0.3226037323474884,69.08062744140625,39627697021783607,F,6020.1,3.889,-1.0256
4964.00000000031,67.75253295898438,0.32023200392723083,69.40406036376953,39627697021783607,F,6020.1,3.889,-1.0256
4964.80000000031,69.3957748413086,0.30063432455062866,69.77076721191406,39627697021783607,F,6020.1,3.889,-1.0256
4965.6000000003105,66.57746124267578,0.3091576099395752,69.16033935546875,39627697021783607,F,6020.1,3.889,-1.0256
4966.400000000311,68.9280014038086,0.30455195903778076,67.76959228515625,39627697021783607,F,6020.1,3.889,-1.0256
4967.200000000311,63.82289505004883,0.3320043981075287,67.0455551147461,39627697021783607,F,6020.1,3.889,-1.0256
4968.000000000311,63.84012985229492,0.31088924407958984,67.69422149658203,39627697021783607,F,6020.1,3.889,-1.0256
4968.800000000311,66.98860168457031,0.28467226028442383,67.324462890625,39627697021783607,F,6020.1,3.889,-1.0256
4969.600000000311,65.34952545166016,0.31386756896972656,67.41854858398438,39627697021783607,F,6020.1,3.889,-1.0256
4970.400000000312,65.62583923339844,0.3085554242134094,67.98645782470703,39627697021783607,F,6020.1,3.889,-1.0256
4971.200000000312,63.326148986816406,0.3223729133605957,67.85421752929688,39627697021783607,F,6020.1,3.889,-1.0256
4972.000000000312,61.977272033691406,0.3222920298576355,68.55500793457031,39627697021783607,F,6020.1,3.889,-1.0256
4972.800000000312,65.51214599609375,0.3190624415874481,69.19725036621094,39627697021783607,F,6020.1,3.889,-1.0256
4973.600000000312,67.7545394897461,0.31870946288108826,68.91888427734375,39627697021783607,F,6020.1,3.889,-1.0256
4974.4000000003125,69.92193603515625,0.28951290249824524,68.57373809814453,39627697021783607,F,6020.1,3.889,-1.0256
4975.200000000313,64.72795867919922,0.2978000044822693,69.09896087646484,39627697021783607,F,6020.1,3.889,-1.0256
4976.000000000313,65.6859130859375,0.31622740626335144,69.29853057861328,39627697021783607,F,6020.1,3.889,-1.0256
4976.800000000313,68.17768096923828,0.30636996030807495,69.05226135253906,39627697021783607,F,6020.1,3.889,-1.0256
4977.600000000313,71.25316619873047,0.29579025506973267,69.01202392578125,39627697021783607,F,6020.1,3.889,-1.0256
4978.400000000313,68.99409484863281,0.30213239789009094,68.57247924804688,39627697021783607,F,6020.1,3.889,-1.0256
4979.200000000314,63.97141647338867,0.3294622302055359,67.08454132080078,39627697021783607,F,6020.1,3.889,-1.0256
4980.000000000314,67.26620483398438,0.3107743263244629,66.1646499633789,39627697021783607,F,6020.1,3.889,-1.0256
4980.800000000314,67.6708755493164,0.31737133860588074,66.28370666503906,39627697021783607,F,6020.1,3.889,-1.0256
4981.600000000314,66.69740295410156,0.3143186569213867,65.87958526611328,39627697021783607,F,6020.1,3.889,-1.0256
4982.400000000314,61.775943756103516,0.3298946022987366,64.84124755859375,39627697021783607,F,6020.1,3.889,-1.0256
4983.2000000003145,57.619449615478516,0.3440653681755066,62.93901824951172,39627697021783607,F,6020.1,3.889,-1.0256
4984.000000000315,62.40646743774414,0.3407100439071655,61.80181121826172,39627697021783607,F,6020.1,3.889,-1.0256
4984.800000000315,63.40696334838867,0.3423209488391876,62.34100341796875,39627697021783607,F,6020.1,3.889,-1.0256
4985.600000000315,64.78900909423828,0.3386160135269165,64.13642120361328,39627697021783607,F,6020.1,3.889,-1.0256
4986.400000000315,64.30036163330078,0.30486369132995605,64.61849212646484,39627697021783607,F,6020.1,3.889,-1.0256
4987.200000000315,62.98421859741211,0.25898391008377075,66.58229064941406,39627697021783607,F,6020.1,3.889,-1.0256
4988.000000000316,66.67340087890625,0.2794240415096283,68.49652862548828,39627697021783607,F,6020.1,3.889,-1.0256
4988.800000000316,69.31039428710938,0.29927653074264526,68.96615600585938,39627697021783607,F,6020.1,3.889,-1.0256
4989.600000000316,68.5081787109375,0.2988438308238983,68.58512115478516,39627697021783607,F,6020.1,3.889,-1.0256
4990.400000000316,64.20907592773438,0.3272339701652527,68.3182601928711,39627697021783607,F,6020.1,3.889,-1.0256
4991.200000000316,65.54825592041016,0.31544560194015503,67.34127044677734,39627697021783607,F,6020.1,3.889,-1.0256
4992.0000000003165,63.17275619506836,0.31973588466644287,65.56412506103516,39627697021783607,F,6020.1,3.889,-1.0256
4992.800000000317,66.68013763427734,0.2826974391937256,66.73413848876953,39627697021783607,F,6020.1,3.889,-1.0256
4993.600000000317,63.86988830566406,0.32431864738464355,67.76847839355469,39627697021783607,F,6020.1,3.889,-1.0256
4994.400000000317,66.15536499023438,0.2892754077911377,66.55931854248047,39627697021783607,F,6020.1,3.889,-1.0256
4995.200000000317,66.1277084350586,0.32569971680641174,66.41191864013672,39627697021783607,F,6020.1,3.889,-1.0256
4996.000000000317,68.0865707397461,0.2802431881427765,68.10923767089844,39627697021783607,F,6020.1,3.889,-1.0256
4996.800000000318,64.96623229980469,0.3269904851913452,68.67924499511719,39627697021783607,F,6020.1,3.889,-1.0256
4997.600000000318,65.68067169189453,0.3347030282020569,68.36576843261719,39627697021783607,F,6020.1,3.889,-1.0256
4998.400000000318,68.33775329589844,0.3244478702545166,68.31726837158203,39627697021783607,F,6020.1,3.889,-1.0256
4999.200000000318,70.02820587158203,0.30492067337036133,67.8183364868164,39627697021783607,F,6020.1,3.889,-1.0256
