wavelength,flux,ivar,model,targetid,clase_aprox,teff,logg,feh
4000.000000000091,2.574784517288208,1.0722935199737549,2.0315325260162354,39627894036632240,F,6635.5,4.994,-1.401
4000.800000000091,1.8226748704910278,1.1656614542007446,2.0436251163482666,39627894036632240,F,6635.5,4.994,-1.401
4001.6000000000913,1.9919180870056152,1.055723786354065,2.070594549179077,39627894036632240,F,6635.5,4.994,-1.401
4002.4000000000915,1.0380420684814453,1.0825791358947754,2.078540086746216,39627894036632240,F,6635.5,4.994,-1.401
4003.2000000000917,2.324646234512329,1.112830400466919,2.039328098297119,39627894036632240,F,6635.5,4.994,-1.401
4004.000000000092,3.229205369949341,1.0756264925003052,1.9575163125991821,39627894036632240,F,6635.5,4.994,-1.401
4004.800000000092,1.8571420907974243,1.1767895221710205,1.9325706958770752,39627894036632240,F,6635.5,4.994,-1.401
4005.600000000092,1.0263259410858154,1.0896456241607666,1.9667805433273315,39627894036632240,F,6635.5,4.994,-1.401
4006.4000000000924,1.9485596418380737,1.1490720510482788,2.0216591358184814,39627894036632240,F,6635.5,4.994,-1.401
4007.2000000000926,3.2525157928466797,1.1108999252319336,2.0654618740081787,39627894036632240,F,6635.5,4.994,-1.401
4008.0000000000928,2.383946180343628,1.0894330739974976,2.0545854568481445,39627894036632240,F,6635.5,4.994,-1.401
4008.800000000093,1.8534015417099,1.04409658908844,2.0309441089630127,39627894036632240,F,6635.5,4.994,-1.401
4009.600000000093,2.399726390838623,1.0208221673965454,2.045954704284668,39627894036632240,F,6635.5,4.994,-1.401
4010.4000000000933,2.034970283508301,1.0783300399780273,2.038008213043213,39627894036632240,F,6635.5,4.994,-1.401
4011.2000000000935,2.4978864192962646,1.1475459337234497,2.0190036296844482,39627894036632240,F,6635.5,4.994,-1.401
4012.0000000000937,3.0529277324676514,1.024033546447754,2.0301930904388428,39627894036632240,F,6635.5,4.994,-1.401
4012.800000000094,0.8944400548934937,1.0885751247406006,2.021902084350586,39627894036632240,F,6635.5,4.994,-1.401
4013.600000000094,1.765527606010437,1.1722462177276611,2.0118019580841064,39627894036632240,F,6635.5,4.994,-1.401
4014.400000000094,2.698239803314209,0.9914447069168091,2.0352134704589844,39627894036632240,F,6635.5,4.994,-1.401
4015.2000000000944,2.3133349418640137,1.1672477722167969,2.031280755996704,39627894036632240,F,6635.5,4.994,-1.401
4016.0000000000946,1.3404021263122559,1.1683638095855713,2.0010104179382324,39627894036632240,F,6635.5,4.994,-1.401
4016.8000000000948,2.850874900817871,1.1270300149917603,2.010096311569214,39627894036632240,F,6635.5,4.994,-1.401
4017.600000000095,2.4594171047210693,1.1415538787841797,2.038271427154541,39627894036632240,F,6635.5,4.994,-1.401
4018.400000000095,1.6149179935455322,1.200838327407837,2.047682762145996,39627894036632240,F,6635.5,4.994,-1.401
4019.2000000000953,2.15450119972229,1.1390479803085327,2.035055637359619,39627894036632240,F,6635.5,4.994,-1.401
4020.0000000000955,2.3106889724731445,1.1681050062179565,2.0274569988250732,39627894036632240,F,6635.5,4.994,-1.401
4020.8000000000957,2.9724833965301514,1.1137791872024536,2.029118299484253,39627894036632240,F,6635.5,4.994,-1.401
4021.600000000096,1.1049975156784058,1.2330673933029175,2.055004835128784,39627894036632240,F,6635.5,4.994,-1.401
4022.400000000096,1.2766231298446655,1.1305686235427856,2.0561771392822266,39627894036632240,F,6635.5,4.994,-1.401
4023.200000000096,-0.18303467333316803,1.1855586767196655,2.017798900604248,39627894036632240,F,6635.5,4.994,-1.401
4024.0000000000964,3.669917106628418,1.1221837997436523,1.986095666885376,39627894036632240,F,6635.5,4.994,-1.401
4024.8000000000966,4.166113376617432,1.132254958152771,2.0101430416107178,39627894036632240,F,6635.5,4.994,-1.401
4025.6000000000968,1.742446780204773,1.2337597608566284,2.029308557510376,39627894036632240,F,6635.5,4.994,-1.401
4026.400000000097,2.128528118133545,1.2045402526855469,2.0309929847717285,39627894036632240,F,6635.5,4.994,-1.401
4027.200000000097,2.9380664825439453,1.2515169382095337,2.0300612449645996,39627894036632240,F,6635.5,4.994,-1.401
4028.0000000000973,1.852012276649475,1.1647520065307617,2.029216766357422,39627894036632240,F,6635.5,4.994,-1.401
4028.8000000000975,1.0896613597869873,1.2089077234268188,1.9832124710083008,39627894036632240,F,6635.5,4.994,-1.401
4029.6000000000977,2.950726270675659,1.0364749431610107,1.9211851358413696,39627894036632240,F,6635.5,4.994,-1.401
4030.400000000098,3.024073839187622,1.1599780321121216,1.944973111152649,39627894036632240,F,6635.5,4.994,-1.401
4031.200000000098,1.8672363758087158,1.119924545288086,1.9465817213058472,39627894036632240,F,6635.5,4.994,-1.401
4032.000000000098,3.418306589126587,1.1881738901138306,1.9176173210144043,39627894036632240,F,6635.5,4.994,-1.401
4032.8000000000984,1.5775128602981567,1.2298481464385986,1.932882308959961,39627894036632240,F,6635.5,4.994,-1.401
4033.6000000000986,1.5484431982040405,1.1968417167663574,1.9290859699249268,39627894036632240,F,6635.5,4.994,-1.401
4034.4000000000988,2.968980312347412,1.2222508192062378,1.967948317527771,39627894036632240,F,6635.5,4.994,-1.401
4035.200000000099,0.9127687811851501,1.2693922519683838,2.0105299949645996,39627894036632240,F,6635.5,4.994,-1.401
4036.000000000099,2.0048975944519043,1.0432817935943604,2.041806936264038,39627894036632240,F,6635.5,4.994,-1.401
4036.8000000000993,1.8176382780075073,1.2591356039047241,2.062877655029297,39627894036632240,F,6635.5,4.994,-1.401
4037.6000000000995,1.0827057361602783,1.235024333000183,2.066277503967285,39627894036632240,F,6635.5,4.994,-1.401
4038.4000000000997,2.6710362434387207,1.2474757432937622,2.0595040321350098,39627894036632240,F,6635.5,4.994,-1.401
4039.2000000001,2.411069393157959,1.358686089515686,2.0389597415924072,39627894036632240,F,6635.5,4.994,-1.401
4040.0000000001,1.137035846710205,1.34679114818573,2.008509874343872,39627894036632240,F,6635.5,4.994,-1.401
4040.8000000001,1.7754355669021606,1.1865397691726685,2.0101544857025146,39627894036632240,F,6635.5,4.994,-1.401
4041.6000000001004,1.830227255821228,1.1161775588989258,2.0432684421539307,39627894036632240,F,6635.5,4.994,-1.401
4042.4000000001006,2.9556586742401123,1.1798489093780518,2.0259487628936768,39627894036632240,F,6635.5,4.994,-1.401
4043.2000000001008,0.758545458316803,1.2444759607315063,1.953375220298767,39627894036632240,F,6635.5,4.994,-1.401
4044.000000000101,0.6972105503082275,1.2268589735031128,1.8506771326065063,39627894036632240,F,6635.5,4.994,-1.401
4044.800000000101,0.4753369688987732,1.2345536947250366,1.7701928615570068,39627894036632240,F,6635.5,4.994,-1.401
4045.6000000001013,1.2311809062957764,1.1442945003509521,1.8619617223739624,39627894036632240,F,6635.5,4.994,-1.401
4046.4000000001015,2.374563694000244,1.0441688299179077,1.9658249616622925,39627894036632240,F,6635.5,4.994,-1.401
4047.2000000001017,2.423006057739258,1.2463420629501343,1.998323917388916,39627894036632240,F,6635.5,4.994,-1.401
4048.000000000102,2.87076473236084,1.0922672748565674,1.9990291595458984,39627894036632240,F,6635.5,4.994,-1.401
4048.800000000102,3.1889610290527344,1.1936553716659546,2.0131149291992188,39627894036632240,F,6635.5,4.994,-1.401
4049.600000000102,3.4427902698516846,1.1930853128433228,2.045983076095581,39627894036632240,F,6635.5,4.994,-1.401
4050.4000000001024,2.154985189437866,1.3150454759597778,2.0555760860443115,39627894036632240,F,6635.5,4.994,-1.401
4051.2000000001026,1.3007041215896606,1.3091716766357422,2.029573678970337,39627894036632240,F,6635.5,4.994,-1.401
4052.000000000103,2.8469607830047607,1.2715984582901,2.019069194793701,39627894036632240,F,6635.5,4.994,-1.401
4052.800000000103,1.9025847911834717,1.2677679061889648,2.0189526081085205,39627894036632240,F,6635.5,4.994,-1.401
4053.600000000103,2.026590347290039,1.2441670894622803,1.9900203943252563,39627894036632240,F,6635.5,4.994,-1.401
4054.4000000001033,1.9128695726394653,1.213284969329834,1.9721204042434692,39627894036632240,F,6635.5,4.994,-1.401
4055.2000000001035,1.6117585897445679,1.2439098358154297,1.9949109554290771,39627894036632240,F,6635.5,4.994,-1.401
4056.0000000001037,3.8225371837615967,1.1713364124298096,1.9968037605285645,39627894036632240,F,6635.5,4.994,-1.401
4056.800000000104,2.1104423999786377,1.3135002851486206,1.9587130546569824,39627894036632240,F,6635.5,4.994,-1.401
4057.600000000104,2.1589934825897217,1.297896385192871,1.9529391527175903,39627894036632240,F,6635.5,4.994,-1.401
4058.4000000001042,3.3533735275268555,1.304260015487671,1.9823168516159058,39627894036632240,F,6635.5,4.994,-1.401
4059.2000000001044,0.9216083884239197,1.1937048435211182,2.0070197582244873,39627894036632240,F,6635.5,4.994,-1.401
4060.0000000001046,2.2097513675689697,1.3146939277648926,2.011364459991455,39627894036632240,F,6635.5,4.994,-1.401
4060.800000000105,2.445629596710205,1.1973670721054077,1.9359322786331177,39627894036632240,F,6635.5,4.994,-1.401
4061.600000000105,3.8146276473999023,1.4337518215179443,1.4433448314666748,39627894036632240,F,6635.5,4.994,-1.401
4062.400000000105,0.0,0.0,0.5980871915817261,39627894036632240,F,6635.5,4.994,-1.401
4063.2000000001053,0.0,0.0,0.6123474836349487,39627894036632240,F,6635.5,4.994,-1.401
4064.0000000001055,1.524613618850708,1.3891754150390625,1.464146375656128,39627894036632240,F,6635.5,4.994,-1.401
4064.8000000001057,3.440025568008423,1.1637322902679443,1.9100154638290405,39627894036632240,F,6635.5,4.994,-1.401
4065.600000000106,3.260258197784424,1.0732518434524536,1.9422087669372559,39627894036632240,F,6635.5,4.994,-1.401
4066.400000000106,1.3575470447540283,1.2053669691085815,1.9407634735107422,39627894036632240,F,6635.5,4.994,-1.401
4067.2000000001062,2.211636543273926,1.220858097076416,1.9770176410675049,39627894036632240,F,6635.5,4.994,-1.401
4068.0000000001064,2.5305042266845703,1.247903823852539,2.012049913406372,39627894036632240,F,6635.5,4.994,-1.401
4068.8000000001066,1.6646031141281128,1.182326078414917,2.0114235877990723,39627894036632240,F,6635.5,4.994,-1.401
4069.600000000107,2.5151355266571045,1.1796441078186035,1.9533631801605225,39627894036632240,F,6635.5,4.994,-1.401
4070.400000000107,1.5908163785934448,1.1804078817367554,1.8693565130233765,39627894036632240,F,6635.5,4.994,-1.401
4071.200000000107,1.7373180389404297,1.3675049543380737,1.8637129068374634,39627894036632240,F,6635.5,4.994,-1.401
4072.0000000001073,1.8891607522964478,1.3296983242034912,1.9501030445098877,39627894036632240,F,6635.5,4.994,-1.401
4072.8000000001075,2.52958607673645,1.2751433849334717,1.990262508392334,39627894036632240,F,6635.5,4.994,-1.401
4073.6000000001077,3.3428449630737305,1.3048757314682007,2.000941038131714,39627894036632240,F,6635.5,4.994,-1.401
4074.400000000108,2.632633924484253,1.2825603485107422,2.0164568424224854,39627894036632240,F,6635.5,4.994,-1.401
4075.200000000108,0.9392281174659729,1.5346325635910034,1.9969980716705322,39627894036632240,F,6635.5,4.994,-1.401
4076.0000000001082,2.056570291519165,1.3128387928009033,1.9497442245483398,39627894036632240,F,6635.5,4.994,-1.401
4076.8000000001084,1.857055902481079,1.2310609817504883,1.933626651763916,39627894036632240,F,6635.5,4.994,-1.401
4077.6000000001086,2.5927371978759766,1.2411526441574097,1.9605090618133545,39627894036632240,F,6635.5,4.994,-1.401
4078.400000000109,1.232962965965271,1.3102238178253174,1.9645745754241943,39627894036632240,F,6635.5,4.994,-1.401
4079.200000000109,3.908428907394409,1.3214030265808105,1.974922776222229,39627894036632240,F,6635.5,4.994,-1.401
4080.000000000109,1.4858359098434448,1.4098228216171265,1.985633134841919,39627894036632240,F,6635.5,4.994,-1.401
4080.8000000001093,1.0830206871032715,1.3210755586624146,1.9780715703964233,39627894036632240,F,6635.5,4.994,-1.401
4081.6000000001095,4.027329921722412,1.354872703552246,1.9819453954696655,39627894036632240,F,6635.5,4.994,-1.401
4082.4000000001097,1.5927778482437134,1.4090181589126587,1.9645748138427734,39627894036632240,F,6635.5,4.994,-1.401
4083.20000000011,0.47907546162605286,1.469398021697998,1.927524447441101,39627894036632240,F,6635.5,4.994,-1.401
4084.00000000011,1.697144627571106,1.3723676204681396,1.9275965690612793,39627894036632240,F,6635.5,4.994,-1.401
4084.8000000001102,0.9534948468208313,1.4104145765304565,1.9829003810882568,39627894036632240,F,6635.5,4.994,-1.401
4085.6000000001104,2.8097267150878906,1.4623075723648071,2.0189502239227295,39627894036632240,F,6635.5,4.994,-1.401
4086.4000000001106,3.113096237182617,1.310479998588562,2.0251200199127197,39627894036632240,F,6635.5,4.994,-1.401
4087.200000000111,1.0466632843017578,1.3162885904312134,2.015676975250244,39627894036632240,F,6635.5,4.994,-1.401
4088.000000000111,1.0344306230545044,1.2499383687973022,2.0107195377349854,39627894036632240,F,6635.5,4.994,-1.401
4088.800000000111,2.632652997970581,1.3764392137527466,1.9963563680648804,39627894036632240,F,6635.5,4.994,-1.401
4089.6000000001113,1.901881456375122,1.3513882160186768,1.976973533630371,39627894036632240,F,6635.5,4.994,-1.401
4090.4000000001115,0.4701547920703888,1.4580605030059814,1.9525223970413208,39627894036632240,F,6635.5,4.994,-1.401
4091.2000000001117,2.0597550868988037,1.3509410619735718,1.9291067123413086,39627894036632240,F,6635.5,4.994,-1.401
4092.000000000112,1.0398955345153809,1.5478235483169556,1.9265440702438354,39627894036632240,F,6635.5,4.994,-1.401
4092.800000000112,1.6000421047210693,1.3112263679504395,1.9341397285461426,39627894036632240,F,6635.5,4.994,-1.401
4093.6000000001122,1.4520632028579712,1.3220646381378174,1.915937900543213,39627894036632240,F,6635.5,4.994,-1.401
4094.4000000001124,0.48016074299812317,1.4267548322677612,1.8760226964950562,39627894036632240,F,6635.5,4.994,-1.401
4095.2000000001126,2.219444513320923,1.3687554597854614,1.848091721534729,39627894036632240,F,6635.5,4.994,-1.401
4096.000000000113,1.7227954864501953,1.6049909591674805,1.8298118114471436,39627894036632240,F,6635.5,4.994,-1.401
4096.800000000113,0.8930671811103821,1.3970577716827393,1.780405879020691,39627894036632240,F,6635.5,4.994,-1.401
4097.600000000113,1.2945860624313354,1.4013391733169556,1.7123076915740967,39627894036632240,F,6635.5,4.994,-1.401
4098.400000000113,0.00455485749989748,1.543338656425476,1.6350080966949463,39627894036632240,F,6635.5,4.994,-1.401
4099.2000000001135,1.1849018335342407,1.5648361444473267,1.471924066543579,39627894036632240,F,6635.5,4.994,-1.401
4100.000000000114,0.3728252351284027,1.4857100248336792,1.2041248083114624,39627894036632240,F,6635.5,4.994,-1.401
4100.800000000114,2.325535774230957,1.5145277976989746,1.0183923244476318,39627894036632240,F,6635.5,4.994,-1.401
4101.600000000114,0.39518705010414124,1.6291102170944214,1.1859956979751587,39627894036632240,F,6635.5,4.994,-1.401
4102.400000000114,1.3092381954193115,1.6629247665405273,1.4448449611663818,39627894036632240,F,6635.5,4.994,-1.401
4103.200000000114,1.751878261566162,1.6114000082015991,1.6215600967407227,39627894036632240,F,6635.5,4.994,-1.401
4104.000000000115,1.7511661052703857,1.4207110404968262,1.7256536483764648,39627894036632240,F,6635.5,4.994,-1.401
4104.800000000115,0.8577409386634827,1.5730749368667603,1.7872369289398193,39627894036632240,F,6635.5,4.994,-1.401
4105.600000000115,1.8980752229690552,1.5658780336380005,1.8231942653656006,39627894036632240,F,6635.5,4.994,-1.401
4106.400000000115,0.9023591876029968,1.5465307235717773,1.8470994234085083,39627894036632240,F,6635.5,4.994,-1.401
4107.200000000115,-0.02480166219174862,1.5492396354675293,1.87083899974823,39627894036632240,F,6635.5,4.994,-1.401
4108.0000000001155,1.808773398399353,1.48749840259552,1.882383108139038,39627894036632240,F,6635.5,4.994,-1.401
4108.800000000116,2.316490650177002,1.4400054216384888,1.906990647315979,39627894036632240,F,6635.5,4.994,-1.401
4109.600000000116,0.6774173974990845,1.4516046047210693,1.9411379098892212,39627894036632240,F,6635.5,4.994,-1.401
4110.400000000116,2.9565508365631104,1.4307825565338135,1.9569575786590576,39627894036632240,F,6635.5,4.994,-1.401
4111.200000000116,2.0683133602142334,1.4874356985092163,1.9616252183914185,39627894036632240,F,6635.5,4.994,-1.401
4112.000000000116,1.4269239902496338,1.585597038269043,1.9699442386627197,39627894036632240,F,6635.5,4.994,-1.401
4112.800000000117,1.6134629249572754,1.514205813407898,1.9800407886505127,39627894036632240,F,6635.5,4.994,-1.401
4113.600000000117,2.575404644012451,1.5610055923461914,1.9682797193527222,39627894036632240,F,6635.5,4.994,-1.401
4114.400000000117,1.296918272972107,1.5493650436401367,1.9766273498535156,39627894036632240,F,6635.5,4.994,-1.401
4115.200000000117,0.8528804183006287,1.5196750164031982,2.0020599365234375,39627894036632240,F,6635.5,4.994,-1.401
4116.000000000117,1.7089240550994873,1.5382133722305298,2.016610622406006,39627894036632240,F,6635.5,4.994,-1.401
4116.8000000001175,1.7997856140136719,1.5187644958496094,1.9837857484817505,39627894036632240,F,6635.5,4.994,-1.401
4117.600000000118,1.809404730796814,1.5963279008865356,1.937556266784668,39627894036632240,F,6635.5,4.994,-1.401
4118.400000000118,2.2500290870666504,1.4920356273651123,1.9647045135498047,39627894036632240,F,6635.5,4.994,-1.401
4119.200000000118,1.7056947946548462,1.5556727647781372,1.9845669269561768,39627894036632240,F,6635.5,4.994,-1.401
4120.000000000118,2.0648655891418457,1.4641958475112915,1.9713964462280273,39627894036632240,F,6635.5,4.994,-1.401
4120.800000000118,0.7226046323776245,1.5895346403121948,1.952483892440796,39627894036632240,F,6635.5,4.994,-1.401
4121.600000000119,3.0858402252197266,1.495713472366333,1.9649790525436401,39627894036632240,F,6635.5,4.994,-1.401
4122.400000000119,2.1265671253204346,1.3276358842849731,1.9903173446655273,39627894036632240,F,6635.5,4.994,-1.401
4123.200000000119,1.1163660287857056,1.4261138439178467,2.010606527328491,39627894036632240,F,6635.5,4.994,-1.401
4124.000000000119,1.0969349145889282,1.465193748474121,2.0127153396606445,39627894036632240,F,6635.5,4.994,-1.401
4124.800000000119,2.31722354888916,1.5728164911270142,1.991182804107666,39627894036632240,F,6635.5,4.994,-1.401
4125.6000000001195,1.368212103843689,1.415200114250183,1.983353614807129,39627894036632240,F,6635.5,4.994,-1.401
4126.40000000012,2.1549806594848633,1.4356251955032349,1.9821476936340332,39627894036632240,F,6635.5,4.994,-1.401
4127.20000000012,2.6933279037475586,1.387116551399231,1.9822758436203003,39627894036632240,F,6635.5,4.994,-1.401
4128.00000000012,2.0072336196899414,1.512365698814392,1.987249493598938,39627894036632240,F,6635.5,4.994,-1.401
4128.80000000012,2.0483055114746094,1.638443112373352,1.9963964223861694,39627894036632240,F,6635.5,4.994,-1.401
4129.60000000012,1.3674399852752686,1.631385326385498,1.9978138208389282,39627894036632240,F,6635.5,4.994,-1.401
4130.400000000121,1.85614812374115,1.4808013439178467,1.956017017364502,39627894036632240,F,6635.5,4.994,-1.401
4131.200000000121,2.185476779937744,1.5569456815719604,1.895348310470581,39627894036632240,F,6635.5,4.994,-1.401
4132.000000000121,2.0018277168273926,1.5574250221252441,1.9179340600967407,39627894036632240,F,6635.5,4.994,-1.401
4132.800000000121,0.1066255122423172,1.4289065599441528,1.9394817352294922,39627894036632240,F,6635.5,4.994,-1.401
4133.600000000121,1.4111847877502441,1.6638622283935547,1.9359432458877563,39627894036632240,F,6635.5,4.994,-1.401
4134.4000000001215,1.7529395818710327,1.7026917934417725,1.9788695573806763,39627894036632240,F,6635.5,4.994,-1.401
4135.200000000122,3.2882509231567383,1.4599237442016602,2.00118350982666,39627894036632240,F,6635.5,4.994,-1.401
4136.000000000122,0.9661821722984314,1.5623133182525635,1.9983341693878174,39627894036632240,F,6635.5,4.994,-1.401
4136.800000000122,3.718228578567505,1.3744757175445557,2.0162229537963867,39627894036632240,F,6635.5,4.994,-1.401
4137.600000000122,1.008424162864685,1.5153042078018188,2.02748966217041,39627894036632240,F,6635.5,4.994,-1.401
4138.400000000122,1.380963683128357,1.4191858768463135,2.00848126411438,39627894036632240,F,6635.5,4.994,-1.401
4139.200000000123,2.3821628093719482,1.5564831495285034,1.9897133111953735,39627894036632240,F,6635.5,4.994,-1.401
4140.000000000123,1.559958815574646,1.4091770648956299,1.992645502090454,39627894036632240,F,6635.5,4.994,-1.401
4140.800000000123,1.6930443048477173,1.6418936252593994,1.9901543855667114,39627894036632240,F,6635.5,4.994,-1.401
4141.600000000123,2.4329254627227783,1.6267139911651611,1.949899673461914,39627894036632240,F,6635.5,4.994,-1.401
4142.400000000123,3.4429163932800293,1.5763429403305054,1.8725409507751465,39627894036632240,F,6635.5,4.994,-1.401
4143.2000000001235,1.5482664108276367,1.6439279317855835,1.870347023010254,39627894036632240,F,6635.5,4.994,-1.401
4144.000000000124,1.5098553895950317,1.6977571249008179,1.9593026638031006,39627894036632240,F,6635.5,4.994,-1.401
4144.800000000124,3.2843246459960938,1.754652500152588,2.0074028968811035,39627894036632240,F,6635.5,4.994,-1.401
4145.600000000124,0.1349581927061081,1.5225752592086792,2.015923500061035,39627894036632240,F,6635.5,4.994,-1.401
4146.400000000124,3.020493984222412,1.6088703870773315,2.003262758255005,39627894036632240,F,6635.5,4.994,-1.401
4147.200000000124,3.141728639602661,1.593814492225647,1.9999818801879883,39627894036632240,F,6635.5,4.994,-1.401
4148.000000000125,3.4877521991729736,1.578661561012268,1.9921716451644897,39627894036632240,F,6635.5,4.994,-1.401
4148.800000000125,1.7643115520477295,1.5564476251602173,1.9857300519943237,39627894036632240,F,6635.5,4.994,-1.401
4149.600000000125,1.0639797449111938,1.575925350189209,2.0028576850891113,39627894036632240,F,6635.5,4.994,-1.401
4150.400000000125,1.8778971433639526,1.5003467798233032,2.0197720527648926,39627894036632240,F,6635.5,4.994,-1.401
4151.200000000125,2.7801263332366943,1.541565179824829,2.018266201019287,39627894036632240,F,6635.5,4.994,-1.401
4152.0000000001255,1.6436516046524048,1.5813002586364746,1.9966660737991333,39627894036632240,F,6635.5,4.994,-1.401
4152.800000000126,1.0603225231170654,1.610451102256775,1.93431556224823,39627894036632240,F,6635.5,4.994,-1.401
4153.600000000126,1.8092217445373535,1.5989646911621094,1.904882550239563,39627894036632240,F,6635.5,4.994,-1.401
4154.400000000126,1.7477070093154907,1.5958902835845947,1.9556900262832642,39627894036632240,F,6635.5,4.994,-1.401
4155.200000000126,2.6619558334350586,1.518409013748169,1.9782655239105225,39627894036632240,F,6635.5,4.994,-1.401
4156.000000000126,2.6988022327423096,1.573195457458496,1.9499152898788452,39627894036632240,F,6635.5,4.994,-1.401
4156.800000000127,2.1825196743011475,1.4530683755874634,1.9447442293167114,39627894036632240,F,6635.5,4.994,-1.401
4157.600000000127,1.207350254058838,1.6644601821899414,1.9667614698410034,39627894036632240,F,6635.5,4.994,-1.401
4158.400000000127,2.825579881668091,1.5409539937973022,1.992545247077942,39627894036632240,F,6635.5,4.994,-1.401
4159.200000000127,1.8076307773590088,1.514471411705017,2.017944574356079,39627894036632240,F,6635.5,4.994,-1.401
4160.000000000127,1.4754638671875,1.5978212356567383,2.0218615531921387,39627894036632240,F,6635.5,4.994,-1.401
4160.8000000001275,2.4287660121917725,1.608866810798645,2.0082273483276367,39627894036632240,F,6635.5,4.994,-1.401
4161.600000000128,1.889484167098999,1.5285862684249878,1.996821403503418,39627894036632240,F,6635.5,4.994,-1.401
4162.400000000128,1.9825401306152344,1.4904735088348389,1.9970992803573608,39627894036632240,F,6635.5,4.994,-1.401
4163.200000000128,2.110311985015869,1.4444602727890015,2.0092124938964844,39627894036632240,F,6635.5,4.994,-1.401
4164.000000000128,1.4852886199951172,1.7273130416870117,2.026674747467041,39627894036632240,F,6635.5,4.994,-1.401
4164.800000000128,2.1391403675079346,1.668252944946289,2.030320405960083,39627894036632240,F,6635.5,4.994,-1.401
4165.600000000129,0.4208410978317261,1.4568979740142822,2.002014398574829,39627894036632240,F,6635.5,4.994,-1.401
4166.400000000129,1.711372971534729,1.5675781965255737,1.968042016029358,39627894036632240,F,6635.5,4.994,-1.401
4167.200000000129,1.8465466499328613,1.5452594757080078,1.9887117147445679,39627894036632240,F,6635.5,4.994,-1.401
4168.000000000129,2.880655527114868,1.584660291671753,2.0068764686584473,39627894036632240,F,6635.5,4.994,-1.401
4168.800000000129,2.044766426086426,1.4508992433547974,2.0094733238220215,39627894036632240,F,6635.5,4.994,-1.401
4169.6000000001295,1.9432488679885864,1.4749338626861572,2.002629518508911,39627894036632240,F,6635.5,4.994,-1.401
4170.40000000013,1.0663210153579712,1.5026414394378662,1.9684597253799438,39627894036632240,F,6635.5,4.994,-1.401
4171.20000000013,1.6437137126922607,1.4514747858047485,1.9256458282470703,39627894036632240,F,6635.5,4.994,-1.401
4172.00000000013,1.962398886680603,1.5762403011322021,1.9175679683685303,39627894036632240,F,6635.5,4.994,-1.401
4172.80000000013,2.875068426132202,1.4904576539993286,1.9374948740005493,39627894036632240,F,6635.5,4.994,-1.401
4173.60000000013,2.236790895462036,1.5342941284179688,1.9619503021240234,39627894036632240,F,6635.5,4.994,-1.401
4174.400000000131,2.9058330059051514,1.6235016584396362,1.9524394273757935,39627894036632240,F,6635.5,4.994,-1.401
4175.200000000131,1.6522384881973267,1.5701290369033813,1.9643114805221558,39627894036632240,F,6635.5,4.994,-1.401
4176.000000000131,1.6143584251403809,1.5074609518051147,1.9715206623077393,39627894036632240,F,6635.5,4.994,-1.401
4176.800000000131,3.33365535736084,1.6215616464614868,1.9699130058288574,39627894036632240,F,6635.5,4.994,-1.401
4177.600000000131,2.074948787689209,1.4074162244796753,2.0017359256744385,39627894036632240,F,6635.5,4.994,-1.401
4178.4000000001315,2.2166571617126465,1.6393226385116577,2.027987480163574,39627894036632240,F,6635.5,4.994,-1.401
4179.200000000132,1.8677968978881836,1.5406838655471802,2.0214884281158447,39627894036632240,F,6635.5,4.994,-1.401
4180.000000000132,0.983345627784729,1.6718175411224365,1.9794650077819824,39627894036632240,F,6635.5,4.994,-1.401
4180.800000000132,2.698883533477783,1.4300501346588135,1.9348719120025635,39627894036632240,F,6635.5,4.994,-1.401
4181.600000000132,1.6642032861709595,1.6584919691085815,1.9597101211547852,39627894036632240,F,6635.5,4.994,-1.401
4182.400000000132,3.878406047821045,1.5464775562286377,1.984222650527954,39627894036632240,F,6635.5,4.994,-1.401
4183.200000000133,2.09031343460083,1.563077449798584,1.971043348312378,39627894036632240,F,6635.5,4.994,-1.401
4184.000000000133,1.5701229572296143,1.5005619525909424,1.9572025537490845,39627894036632240,F,6635.5,4.994,-1.401
4184.800000000133,1.5212292671203613,1.6310776472091675,1.9490736722946167,39627894036632240,F,6635.5,4.994,-1.401
4185.600000000133,1.7087699174880981,1.574419617652893,1.9015132188796997,39627894036632240,F,6635.5,4.994,-1.401
4186.400000000133,2.205672025680542,1.856911301612854,1.8618780374526978,39627894036632240,F,6635.5,4.994,-1.401
4187.2000000001335,1.4119166135787964,1.6029666662216187,1.8849011659622192,39627894036632240,F,6635.5,4.994,-1.401
4188.000000000134,2.4960644245147705,1.8741666078567505,1.9328261613845825,39627894036632240,F,6635.5,4.994,-1.401
4188.800000000134,1.7811286449432373,1.7486615180969238,1.9750292301177979,39627894036632240,F,6635.5,4.994,-1.401
4189.600000000134,1.9295268058776855,1.5888763666152954,1.9776451587677002,39627894036632240,F,6635.5,4.994,-1.401
4190.400000000134,2.172252655029297,1.6924710273742676,1.9392073154449463,39627894036632240,F,6635.5,4.994,-1.401
4191.200000000134,0.9245079159736633,1.6716899871826172,1.9542840719223022,39627894036632240,F,6635.5,4.994,-1.401
4192.000000000135,2.2518086433410645,1.6593029499053955,1.9941554069519043,39627894036632240,F,6635.5,4.994,-1.401
4192.800000000135,1.6476839780807495,1.5992650985717773,2.0019497871398926,39627894036632240,F,6635.5,4.994,-1.401
4193.600000000135,3.5149831771850586,1.55013108253479,1.9723130464553833,39627894036632240,F,6635.5,4.994,-1.401
4194.400000000135,2.261596441268921,1.6853594779968262,1.9516304731369019,39627894036632240,F,6635.5,4.994,-1.401
4195.200000000135,2.20996356010437,1.6566269397735596,1.972312331199646,39627894036632240,F,6635.5,4.994,-1.401
4196.0000000001355,1.734017014503479,1.6423752307891846,1.9893988370895386,39627894036632240,F,6635.5,4.994,-1.401
4196.800000000136,1.7610580921173096,1.7037935256958008,1.9498372077941895,39627894036632240,F,6635.5,4.994,-1.401
4197.600000000136,1.3114871978759766,1.6384844779968262,1.8773865699768066,39627894036632240,F,6635.5,4.994,-1.401
4198.400000000136,1.8503323793411255,1.6966878175735474,1.888157606124878,39627894036632240,F,6635.5,4.994,-1.401
4199.200000000136,1.7774953842163086,1.7613338232040405,1.9328629970550537,39627894036632240,F,6635.5,4.994,-1.401
4200.000000000136,2.5937697887420654,1.585572361946106,1.9163843393325806,39627894036632240,F,6635.5,4.994,-1.401
4200.800000000137,1.244462251663208,1.7419943809509277,1.8813637495040894,39627894036632240,F,6635.5,4.994,-1.401
4201.600000000137,2.6023528575897217,1.632712721824646,1.9134074449539185,39627894036632240,F,6635.5,4.994,-1.401
4202.400000000137,1.4081084728240967,1.7092629671096802,1.9469789266586304,39627894036632240,F,6635.5,4.994,-1.401
4203.200000000137,2.1452908515930176,1.7143042087554932,1.9580564498901367,39627894036632240,F,6635.5,4.994,-1.401
4204.000000000137,2.8839309215545654,1.5947922468185425,1.9858508110046387,39627894036632240,F,6635.5,4.994,-1.401
4204.8000000001375,2.103404998779297,1.709901213645935,1.9954910278320312,39627894036632240,F,6635.5,4.994,-1.401
4205.600000000138,1.9818987846374512,1.6914701461791992,1.9714024066925049,39627894036632240,F,6635.5,4.994,-1.401
4206.400000000138,3.128909111022949,1.9873729944229126,1.9730290174484253,39627894036632240,F,6635.5,4.994,-1.401
4207.200000000138,2.3943116664886475,1.7496272325515747,1.9905420541763306,39627894036632240,F,6635.5,4.994,-1.401
4208.000000000138,2.343660831451416,1.8079590797424316,1.9961802959442139,39627894036632240,F,6635.5,4.994,-1.401
4208.800000000138,3.301854372024536,1.6932255029678345,1.974323034286499,39627894036632240,F,6635.5,4.994,-1.401
4209.600000000139,2.732886791229248,1.6486811637878418,1.9470994472503662,39627894036632240,F,6635.5,4.994,-1.401
4210.400000000139,0.7464044094085693,1.6905498504638672,1.969476580619812,39627894036632240,F,6635.5,4.994,-1.401
4211.200000000139,1.9597887992858887,1.691299557685852,1.9901844263076782,39627894036632240,F,6635.5,4.994,-1.401
4212.000000000139,3.594987630844116,1.7313541173934937,1.992319107055664,39627894036632240,F,6635.5,4.994,-1.401
4212.800000000139,3.102438449859619,1.682984471321106,1.9950487613677979,39627894036632240,F,6635.5,4.994,-1.401
4213.6000000001395,1.5250046253204346,1.810172200202942,1.9983608722686768,39627894036632240,F,6635.5,4.994,-1.401
4214.40000000014,2.6324918270111084,1.892287015914917,1.9532777070999146,39627894036632240,F,6635.5,4.994,-1.401
4215.20000000014,1.0794748067855835,1.912878155708313,1.9324917793273926,39627894036632240,F,6635.5,4.994,-1.401
4216.00000000014,1.6521892547607422,1.7656930685043335,1.9405473470687866,39627894036632240,F,6635.5,4.994,-1.401
4216.80000000014,1.5878419876098633,1.7016737461090088,1.9394466876983643,39627894036632240,F,6635.5,4.994,-1.401
4217.60000000014,3.319838523864746,1.7183619737625122,1.933900237083435,39627894036632240,F,6635.5,4.994,-1.401
4218.400000000141,1.4682607650756836,1.7498857975006104,1.9391006231307983,39627894036632240,F,6635.5,4.994,-1.401
4219.200000000141,0.8001031875610352,1.6963125467300415,1.9707684516906738,39627894036632240,F,6635.5,4.994,-1.401
4220.000000000141,2.0558505058288574,1.6653306484222412,1.9789963960647583,39627894036632240,F,6635.5,4.994,-1.401
4220.800000000141,2.840833902359009,1.8479468822479248,1.9590609073638916,39627894036632240,F,6635.5,4.994,-1.401
4221.600000000141,2.672635793685913,1.6634223461151123,1.9456087350845337,39627894036632240,F,6635.5,4.994,-1.401
4222.4000000001415,0.9986178278923035,1.8865547180175781,1.9305827617645264,39627894036632240,F,6635.5,4.994,-1.401
4223.200000000142,2.193416118621826,1.7554423809051514,1.913167953491211,39627894036632240,F,6635.5,4.994,-1.401
4224.000000000142,2.084360122680664,1.7681959867477417,1.8814500570297241,39627894036632240,F,6635.5,4.994,-1.401
4224.800000000142,1.526118516921997,1.7614918947219849,1.7777795791625977,39627894036632240,F,6635.5,4.994,-1.401
4225.600000000142,1.6914443969726562,1.7260761260986328,1.6634963750839233,39627894036632240,F,6635.5,4.994,-1.401
4226.400000000142,1.220709204673767,1.7204134464263916,1.7341787815093994,39627894036632240,F,6635.5,4.994,-1.401
4227.200000000143,1.1060645580291748,1.884795069694519,1.8862483501434326,39627894036632240,F,6635.5,4.994,-1.401
4228.000000000143,1.7163112163543701,1.8712960481643677,1.9433658123016357,39627894036632240,F,6635.5,4.994,-1.401
4228.800000000143,2.0193982124328613,1.883874773979187,1.9421148300170898,39627894036632240,F,6635.5,4.994,-1.401
4229.600000000143,1.2141512632369995,1.7364277839660645,1.959694743156433,39627894036632240,F,6635.5,4.994,-1.401
4230.400000000143,1.9925187826156616,1.9672538042068481,1.982649326324463,39627894036632240,F,6635.5,4.994,-1.401
4231.2000000001435,2.4223880767822266,1.8890494108200073,1.9864537715911865,39627894036632240,F,6635.5,4.994,-1.401
4232.000000000144,1.1853545904159546,1.7842862606048584,1.941305160522461,39627894036632240,F,6635.5,4.994,-1.401
4232.800000000144,2.6284053325653076,1.6183409690856934,1.925016164779663,39627894036632240,F,6635.5,4.994,-1.401
4233.600000000144,3.384289503097534,1.8063313961029053,1.9514352083206177,39627894036632240,F,6635.5,4.994,-1.401
4234.400000000144,1.9384827613830566,1.7394373416900635,1.9112212657928467,39627894036632240,F,6635.5,4.994,-1.401
4235.200000000144,1.2888606786727905,2.0423743724823,1.8688238859176636,39627894036632240,F,6635.5,4.994,-1.401
4236.000000000145,1.388134241104126,1.9544181823730469,1.8980457782745361,39627894036632240,F,6635.5,4.994,-1.401
4236.800000000145,2.817467451095581,1.8117796182632446,1.926174283027649,39627894036632240,F,6635.5,4.994,-1.401
4237.600000000145,1.5019876956939697,1.7149337530136108,1.9226775169372559,39627894036632240,F,6635.5,4.994,-1.401
4238.400000000145,1.7393946647644043,1.9073821306228638,1.9156488180160522,39627894036632240,F,6635.5,4.994,-1.401
4239.200000000145,1.741848349571228,1.854280948638916,1.9240704774856567,39627894036632240,F,6635.5,4.994,-1.401
4240.0000000001455,1.763962745666504,1.8895469903945923,1.9547423124313354,39627894036632240,F,6635.5,4.994,-1.401
4240.800000000146,2.2119929790496826,1.760406494140625,1.9536521434783936,39627894036632240,F,6635.5,4.994,-1.401
4241.600000000146,1.1693642139434814,1.8151909112930298,1.9204638004302979,39627894036632240,F,6635.5,4.994,-1.401
4242.400000000146,2.4769182205200195,1.699303388595581,1.9246748685836792,39627894036632240,F,6635.5,4.994,-1.401
4243.200000000146,2.307037115097046,1.7659562826156616,1.9612425565719604,39627894036632240,F,6635.5,4.994,-1.401
4244.000000000146,2.3618032932281494,1.993964433670044,1.9808123111724854,39627894036632240,F,6635.5,4.994,-1.401
4244.800000000147,1.8611741065979004,1.903786063194275,1.9742670059204102,39627894036632240,F,6635.5,4.994,-1.401
4245.600000000147,2.5449671745300293,1.856357216835022,1.941046953201294,39627894036632240,F,6635.5,4.994,-1.401
4246.400000000147,1.1767038106918335,1.9759348630905151,1.9041975736618042,39627894036632240,F,6635.5,4.994,-1.401
4247.200000000147,0.9702135920524597,1.9618676900863647,1.9033796787261963,39627894036632240,F,6635.5,4.994,-1.401
4248.000000000147,1.5708539485931396,1.6913914680480957,1.889021396636963,39627894036632240,F,6635.5,4.994,-1.401
4248.8000000001475,1.9779547452926636,1.72661554813385,1.8308504819869995,39627894036632240,F,6635.5,4.994,-1.401
4249.600000000148,2.3514671325683594,1.7487441301345825,1.8125272989273071,39627894036632240,F,6635.5,4.994,-1.401
4250.400000000148,1.6985552310943604,1.8542981147766113,1.8970171213150024,39627894036632240,F,6635.5,4.994,-1.401
4251.200000000148,3.2002224922180176,1.8869166374206543,1.9696624279022217,39627894036632240,F,6635.5,4.994,-1.401
4252.000000000148,0.18723154067993164,2.042076826095581,1.9580507278442383,39627894036632240,F,6635.5,4.994,-1.401
4252.800000000148,1.1329996585845947,1.8308184146881104,1.8966666460037231,39627894036632240,F,6635.5,4.994,-1.401
4253.600000000149,1.8094838857650757,1.9264863729476929,1.846044898033142,39627894036632240,F,6635.5,4.994,-1.401
4254.400000000149,3.2113194465637207,1.868823528289795,1.8811732530593872,39627894036632240,F,6635.5,4.994,-1.401
4255.200000000149,3.1531360149383545,2.0229363441467285,1.9546971321105957,39627894036632240,F,6635.5,4.994,-1.401
4256.000000000149,2.3557512760162354,1.806557059288025,1.9939730167388916,39627894036632240,F,6635.5,4.994,-1.401
4256.800000000149,3.0381782054901123,1.8718427419662476,1.9837403297424316,39627894036632240,F,6635.5,4.994,-1.401
4257.6000000001495,2.133328676223755,1.867473840713501,1.9438141584396362,39627894036632240,F,6635.5,4.994,-1.401
4258.40000000015,1.6481763124465942,1.8637176752090454,1.9005651473999023,39627894036632240,F,6635.5,4.994,-1.401
4259.20000000015,0.7722042202949524,2.0135250091552734,1.8432352542877197,39627894036632240,F,6635.5,4.994,-1.401
4260.00000000015,2.364466905593872,1.8512959480285645,1.8531925678253174,39627894036632240,F,6635.5,4.994,-1.401
4260.80000000015,2.2444026470184326,1.8617457151412964,1.907786250114441,39627894036632240,F,6635.5,4.994,-1.401
4261.60000000015,1.8341100215911865,1.9907962083816528,1.9568407535552979,39627894036632240,F,6635.5,4.994,-1.401
4262.400000000151,1.7981129884719849,1.9359735250473022,1.9768495559692383,39627894036632240,F,6635.5,4.994,-1.401
4263.200000000151,2.7055420875549316,2.069316864013672,1.969645380973816,39627894036632240,F,6635.5,4.994,-1.401
4264.000000000151,0.023515231907367706,1.8221461772918701,1.9582927227020264,39627894036632240,F,6635.5,4.994,-1.401
4264.800000000151,2.99045729637146,1.7774008512496948,1.9516828060150146,39627894036632240,F,6635.5,4.994,-1.401
4265.600000000151,2.3725666999816895,1.8975967168807983,1.9367579221725464,39627894036632240,F,6635.5,4.994,-1.401
4266.4000000001515,1.4532983303070068,1.9618237018585205,1.9130884408950806,39627894036632240,F,6635.5,4.994,-1.401
4267.200000000152,2.8330137729644775,2.0776374340057373,1.9122484922409058,39627894036632240,F,6635.5,4.994,-1.401
4268.000000000152,1.9700313806533813,2.020275354385376,1.93573796749115,39627894036632240,F,6635.5,4.994,-1.401
4268.800000000152,2.019860029220581,1.968916416168213,1.91671621799469,39627894036632240,F,6635.5,4.994,-1.401
4269.600000000152,2.44503116607666,2.061023473739624,1.8513097763061523,39627894036632240,F,6635.5,4.994,-1.401
4270.400000000152,2.050685167312622,1.9218508005142212,1.7539328336715698,39627894036632240,F,6635.5,4.994,-1.401
4271.200000000153,1.2504743337631226,1.9964996576309204,1.785137414932251,39627894036632240,F,6635.5,4.994,-1.401
4272.000000000153,2.541173219680786,1.9518301486968994,1.86923348903656,39627894036632240,F,6635.5,4.994,-1.401
4272.800000000153,3.39821457862854,1.969753623008728,1.8579473495483398,39627894036632240,F,6635.5,4.994,-1.401
4273.600000000153,0.21762694418430328,1.9460982084274292,1.8203579187393188,39627894036632240,F,6635.5,4.994,-1.401
4274.400000000153,2.5828185081481934,1.9556448459625244,1.8537371158599854,39627894036632240,F,6635.5,4.994,-1.401
4275.2000000001535,2.326760768890381,1.9310085773468018,1.9141851663589478,39627894036632240,F,6635.5,4.994,-1.401
4276.000000000154,1.5457557439804077,1.9536134004592896,1.9437378644943237,39627894036632240,F,6635.5,4.994,-1.401
4276.800000000154,1.0125975608825684,1.8986445665359497,1.9575049877166748,39627894036632240,F,6635.5,4.994,-1.401
4277.600000000154,1.8677716255187988,1.9469940662384033,1.9547491073608398,39627894036632240,F,6635.5,4.994,-1.401
4278.400000000154,0.7704508900642395,2.002265691757202,1.9266924858093262,39627894036632240,F,6635.5,4.994,-1.401
4279.200000000154,3.2515158653259277,1.8974714279174805,1.9079821109771729,39627894036632240,F,6635.5,4.994,-1.401
4280.000000000155,2.021944284439087,1.9292675256729126,1.9075583219528198,39627894036632240,F,6635.5,4.994,-1.401
4280.800000000155,1.776380181312561,2.070946216583252,1.896043300628662,39627894036632240,F,6635.5,4.994,-1.401
4281.600000000155,1.8627336025238037,1.9993468523025513,1.8721272945404053,39627894036632240,F,6635.5,4.994,-1.401
4282.400000000155,0.45063477754592896,1.9098049402236938,1.8992295265197754,39627894036632240,F,6635.5,4.994,-1.401
4283.200000000155,2.553938865661621,2.102625608444214,1.9295036792755127,39627894036632240,F,6635.5,4.994,-1.401
4284.0000000001555,2.9855072498321533,1.9907729625701904,1.9084943532943726,39627894036632240,F,6635.5,4.994,-1.401
4284.800000000156,0.7421467900276184,2.083935022354126,1.8789067268371582,39627894036632240,F,6635.5,4.994,-1.401
4285.600000000156,2.3601415157318115,1.8851497173309326,1.8824231624603271,39627894036632240,F,6635.5,4.994,-1.401
4286.400000000156,1.501792073249817,1.8756144046783447,1.8960462808609009,39627894036632240,F,6635.5,4.994,-1.401
4287.200000000156,2.3456482887268066,1.9874228239059448,1.8763492107391357,39627894036632240,F,6635.5,4.994,-1.401
4288.000000000156,1.5722283124923706,1.8624712228775024,1.8164328336715698,39627894036632240,F,6635.5,4.994,-1.401
4288.800000000157,0.3681618869304657,2.05056095123291,1.7734897136688232,39627894036632240,F,6635.5,4.994,-1.401
4289.600000000157,2.5193700790405273,2.1077983379364014,1.802543044090271,39627894036632240,F,6635.5,4.994,-1.401
4290.400000000157,1.5379558801651,1.892464280128479,1.8446614742279053,39627894036632240,F,6635.5,4.994,-1.401
4291.200000000157,2.0678935050964355,1.9584755897521973,1.8799693584442139,39627894036632240,F,6635.5,4.994,-1.401
4292.000000000157,3.098320484161377,1.9219774007797241,1.8802690505981445,39627894036632240,F,6635.5,4.994,-1.401
4292.8000000001575,2.082948923110962,1.9500892162322998,1.8546202182769775,39627894036632240,F,6635.5,4.994,-1.401
4293.600000000158,1.8031140565872192,1.9050227403640747,1.8458470106124878,39627894036632240,F,6635.5,4.994,-1.401
4294.400000000158,1.8096129894256592,1.758294939994812,1.8667224645614624,39627894036632240,F,6635.5,4.994,-1.401
4295.200000000158,2.4615988731384277,1.9838017225265503,1.887239933013916,39627894036632240,F,6635.5,4.994,-1.401
4296.000000000158,1.6287561655044556,2.043355941772461,1.8592851161956787,39627894036632240,F,6635.5,4.994,-1.401
4296.800000000158,2.8541722297668457,1.8493932485580444,1.8324161767959595,39627894036632240,F,6635.5,4.994,-1.401
4297.600000000159,0.5204651951789856,1.8983628749847412,1.7932244539260864,39627894036632240,F,6635.5,4.994,-1.401
4298.400000000159,2.4495904445648193,1.7812163829803467,1.7503360509872437,39627894036632240,F,6635.5,4.994,-1.401
4299.200000000159,3.067028045654297,1.8642444610595703,1.7509114742279053,39627894036632240,F,6635.5,4.994,-1.401
4300.000000000159,3.632725477218628,1.9309072494506836,1.766937017440796,39627894036632240,F,6635.5,4.994,-1.401
4300.800000000159,1.373945713043213,1.8037482500076294,1.7671277523040771,39627894036632240,F,6635.5,4.994,-1.401
4301.6000000001595,2.3697400093078613,1.784913182258606,1.747432827949524,39627894036632240,F,6635.5,4.994,-1.401
4302.40000000016,1.7605202198028564,2.085228204727173,1.7775627374649048,39627894036632240,F,6635.5,4.994,-1.401
4303.20000000016,2.346896171569824,2.0406551361083984,1.8062688112258911,39627894036632240,F,6635.5,4.994,-1.401
4304.00000000016,2.290311336517334,1.974846363067627,1.8141224384307861,39627894036632240,F,6635.5,4.994,-1.401
4304.80000000016,1.3141919374465942,1.9292024374008179,1.8067481517791748,39627894036632240,F,6635.5,4.994,-1.401
4305.60000000016,3.463674783706665,1.7971919775009155,1.7897284030914307,39627894036632240,F,6635.5,4.994,-1.401
4306.400000000161,2.553783893585205,1.883932113647461,1.7209031581878662,39627894036632240,F,6635.5,4.994,-1.401
4307.200000000161,1.1560112237930298,1.9500778913497925,1.675051212310791,39627894036632240,F,6635.5,4.994,-1.401
4308.000000000161,2.5658905506134033,1.9288318157196045,1.7286111116409302,39627894036632240,F,6635.5,4.994,-1.401
4308.800000000161,1.0489469766616821,1.9448070526123047,1.7729190587997437,39627894036632240,F,6635.5,4.994,-1.401
4309.600000000161,1.934070110321045,2.0619430541992188,1.7827647924423218,39627894036632240,F,6635.5,4.994,-1.401
4310.4000000001615,1.5203584432601929,1.8437092304229736,1.7828716039657593,39627894036632240,F,6635.5,4.994,-1.401
4311.200000000162,1.4240726232528687,1.8830156326293945,1.799821138381958,39627894036632240,F,6635.5,4.994,-1.401
4312.000000000162,2.96443510055542,1.706272006034851,1.8279154300689697,39627894036632240,F,6635.5,4.994,-1.401
4312.800000000162,0.764960527420044,1.8398226499557495,1.8634753227233887,39627894036632240,F,6635.5,4.994,-1.401
4313.600000000162,2.441063404083252,1.918272614479065,1.8756115436553955,39627894036632240,F,6635.5,4.994,-1.401
4314.400000000162,2.989147424697876,2.0134496688842773,1.892053484916687,39627894036632240,F,6635.5,4.994,-1.401
4315.200000000163,2.4440042972564697,1.9926438331604004,1.943924069404602,39627894036632240,F,6635.5,4.994,-1.401
4316.000000000163,1.8137834072113037,1.862477421760559,1.963407278060913,39627894036632240,F,6635.5,4.994,-1.401
4316.800000000163,1.9858324527740479,1.823962926864624,1.9465686082839966,39627894036632240,F,6635.5,4.994,-1.401
4317.600000000163,2.251824140548706,1.8087406158447266,1.922376036643982,39627894036632240,F,6635.5,4.994,-1.401
4318.400000000163,1.0606755018234253,1.8940843343734741,1.9347912073135376,39627894036632240,F,6635.5,4.994,-1.401
4319.2000000001635,2.0297396183013916,1.971177101135254,1.9358716011047363,39627894036632240,F,6635.5,4.994,-1.401
4320.000000000164,2.36326003074646,1.9033228158950806,1.9305776357650757,39627894036632240,F,6635.5,4.994,-1.401
4320.800000000164,1.0210083723068237,2.0366296768188477,1.94196355342865,39627894036632240,F,6635.5,4.994,-1.401
4321.600000000164,1.3358712196350098,1.954820990562439,1.9056930541992188,39627894036632240,F,6635.5,4.994,-1.401
4322.400000000164,1.2888578176498413,1.8732932806015015,1.8289059400558472,39627894036632240,F,6635.5,4.994,-1.401
4323.200000000164,1.3979825973510742,1.9384502172470093,1.797621488571167,39627894036632240,F,6635.5,4.994,-1.401
4324.000000000165,1.8542059659957886,1.9019497632980347,1.7651140689849854,39627894036632240,F,6635.5,4.994,-1.401
4324.800000000165,2.026437282562256,2.172106981277466,1.7309010028839111,39627894036632240,F,6635.5,4.994,-1.401
4325.600000000165,1.6679661273956299,2.055285692214966,1.802105188369751,39627894036632240,F,6635.5,4.994,-1.401
4326.400000000165,2.116842746734619,1.8377987146377563,1.8678473234176636,39627894036632240,F,6635.5,4.994,-1.401
4327.200000000165,2.1974968910217285,2.0387308597564697,1.8884589672088623,39627894036632240,F,6635.5,4.994,-1.401
4328.0000000001655,2.3638083934783936,1.8936983346939087,1.892387866973877,39627894036632240,F,6635.5,4.994,-1.401
4328.800000000166,3.2293505668640137,2.160032272338867,1.8917548656463623,39627894036632240,F,6635.5,4.994,-1.401
4329.600000000166,1.5421890020370483,1.868075966835022,1.8902804851531982,39627894036632240,F,6635.5,4.994,-1.401
4330.400000000166,3.2154250144958496,2.0466554164886475,1.894988775253296,39627894036632240,F,6635.5,4.994,-1.401
4331.200000000166,1.9172362089157104,2.0448782444000244,1.8918731212615967,39627894036632240,F,6635.5,4.994,-1.401
4332.000000000166,2.0353970527648926,1.9105632305145264,1.8813272714614868,39627894036632240,F,6635.5,4.994,-1.401
4332.800000000167,1.1513632535934448,1.951812982559204,1.8591229915618896,39627894036632240,F,6635.5,4.994,-1.401
4333.600000000167,2.6540675163269043,2.027355670928955,1.829200267791748,39627894036632240,F,6635.5,4.994,-1.401
4334.400000000167,1.744884967803955,1.8955793380737305,1.800597906112671,39627894036632240,F,6635.5,4.994,-1.401
4335.200000000167,2.1234853267669678,1.9166090488433838,1.7558668851852417,39627894036632240,F,6635.5,4.994,-1.401
4336.000000000167,3.276496171951294,1.9819355010986328,1.6677895784378052,39627894036632240,F,6635.5,4.994,-1.401
4336.8000000001675,0.5690732598304749,1.9385087490081787,1.5858358144760132,39627894036632240,F,6635.5,4.994,-1.401
4337.600000000168,2.2813303470611572,1.968258261680603,1.476918339729309,39627894036632240,F,6635.5,4.994,-1.401
4338.400000000168,0.9854736924171448,2.038116693496704,1.256382942199707,39627894036632240,F,6635.5,4.994,-1.401
4339.200000000168,0.8114966750144958,1.8182989358901978,1.0228530168533325,39627894036632240,F,6635.5,4.994,-1.401
4340.000000000168,1.1251050233840942,1.8995758295059204,1.0846736431121826,39627894036632240,F,6635.5,4.994,-1.401
4340.800000000168,0.3559725880622864,2.061159610748291,1.3503003120422363,39627894036632240,F,6635.5,4.994,-1.401
4341.600000000169,1.9817286729812622,2.066196918487549,1.5488711595535278,39627894036632240,F,6635.5,4.994,-1.401
4342.400000000169,1.482398509979248,1.8226380348205566,1.6333644390106201,39627894036632240,F,6635.5,4.994,-1.401
4343.200000000169,-0.31960681080818176,2.0761866569519043,1.6935089826583862,39627894036632240,F,6635.5,4.994,-1.401
4344.000000000169,1.067620873451233,2.138904333114624,1.7583096027374268,39627894036632240,F,6635.5,4.994,-1.401
4344.800000000169,2.9626874923706055,1.9699817895889282,1.8096811771392822,39627894036632240,F,6635.5,4.994,-1.401
4345.6000000001695,1.5433340072631836,1.7930023670196533,1.8353103399276733,39627894036632240,F,6635.5,4.994,-1.401
4346.40000000017,2.020212411880493,1.8528261184692383,1.842883586883545,39627894036632240,F,6635.5,4.994,-1.401
4347.20000000017,1.874215841293335,1.8937286138534546,1.845679521560669,39627894036632240,F,6635.5,4.994,-1.401
4348.00000000017,1.6349149942398071,1.855216145515442,1.8621654510498047,39627894036632240,F,6635.5,4.994,-1.401
4348.80000000017,1.8683961629867554,1.8157761096954346,1.8712435960769653,39627894036632240,F,6635.5,4.994,-1.401
4349.60000000017,2.9137279987335205,1.9035000801086426,1.847406029701233,39627894036632240,F,6635.5,4.994,-1.401
4350.400000000171,2.0460476875305176,1.6916652917861938,1.8065615892410278,39627894036632240,F,6635.5,4.994,-1.401
4351.200000000171,1.9486743211746216,1.6072889566421509,1.7872925996780396,39627894036632240,F,6635.5,4.994,-1.401
4352.000000000171,0.6409293413162231,1.7154275178909302,1.8373777866363525,39627894036632240,F,6635.5,4.994,-1.401
4352.800000000171,2.055690288543701,1.5015827417373657,1.8915376663208008,39627894036632240,F,6635.5,4.994,-1.401
4353.600000000171,3.3943076133728027,1.4867329597473145,1.9024606943130493,39627894036632240,F,6635.5,4.994,-1.401
4354.4000000001715,0.9161784052848816,1.3518331050872803,1.8867923021316528,39627894036632240,F,6635.5,4.994,-1.401
4355.200000000172,1.7851362228393555,1.2585011720657349,1.8910009860992432,39627894036632240,F,6635.5,4.994,-1.401
4356.000000000172,1.1946552991867065,1.1267452239990234,1.9178800582885742,39627894036632240,F,6635.5,4.994,-1.401
4356.800000000172,3.9903454780578613,1.1747469902038574,1.9328376054763794,39627894036632240,F,6635.5,4.994,-1.401
4357.600000000172,1.2275968790054321,1.1895235776901245,1.9188297986984253,39627894036632240,F,6635.5,4.994,-1.401
4358.400000000172,2.4172728061676025,0.9582770466804504,1.91069757938385,39627894036632240,F,6635.5,4.994,-1.401
4359.200000000173,1.1880241632461548,0.8548507690429688,1.9227217435836792,39627894036632240,F,6635.5,4.994,-1.401
4360.000000000173,-0.8938515782356262,0.865949809551239,1.9454796314239502,39627894036632240,F,6635.5,4.994,-1.401
4360.800000000173,2.965217351913452,0.7688307762145996,1.9531155824661255,39627894036632240,F,6635.5,4.994,-1.401
4361.600000000173,2.2678565979003906,0.9333733320236206,1.933133840560913,39627894036632240,F,6635.5,4.994,-1.401
4362.400000000173,3.2907609939575195,0.8595978617668152,1.9197369813919067,39627894036632240,F,6635.5,4.994,-1.401
4363.2000000001735,1.5236023664474487,0.9701796174049377,1.9305514097213745,39627894036632240,F,6635.5,4.994,-1.401
4364.000000000174,0.33435529470443726,0.8891038298606873,1.9438525438308716,39627894036632240,F,6635.5,4.994,-1.401
4364.800000000174,2.325860023498535,0.7556456327438354,1.9380701780319214,39627894036632240,F,6635.5,4.994,-1.401
4365.600000000174,3.0941669940948486,0.7360489964485168,1.9183727502822876,39627894036632240,F,6635.5,4.994,-1.401
4366.400000000174,2.2813408374786377,0.8233394622802734,1.911833643913269,39627894036632240,F,6635.5,4.994,-1.401
4367.200000000174,0.5577468276023865,0.7674464583396912,1.9331096410751343,39627894036632240,F,6635.5,4.994,-1.401
4368.000000000175,0.09033053368330002,0.7112237215042114,1.9397776126861572,39627894036632240,F,6635.5,4.994,-1.401
4368.800000000175,2.4536285400390625,0.6358419060707092,1.91775643825531,39627894036632240,F,6635.5,4.994,-1.401
4369.600000000175,1.0910344123840332,0.8305490612983704,1.9188710451126099,39627894036632240,F,6635.5,4.994,-1.401
4370.400000000175,0.7313213348388672,0.6606707572937012,1.9220354557037354,39627894036632240,F,6635.5,4.994,-1.401
4371.200000000175,2.9700493812561035,0.7049171924591064,1.9349995851516724,39627894036632240,F,6635.5,4.994,-1.401
4372.0000000001755,1.5547254085540771,0.7326012849807739,1.9285534620285034,39627894036632240,F,6635.5,4.994,-1.401
4372.800000000176,1.800573706626892,0.7080326080322266,1.9094789028167725,39627894036632240,F,6635.5,4.994,-1.401
4373.600000000176,1.0631877183914185,0.7116175889968872,1.8850017786026,39627894036632240,F,6635.5,4.994,-1.401
4374.400000000176,2.1791131496429443,0.803572952747345,1.8743584156036377,39627894036632240,F,6635.5,4.994,-1.401
4375.200000000176,2.0434463024139404,0.746670126914978,1.8732109069824219,39627894036632240,F,6635.5,4.994,-1.401
4376.000000000176,1.9584853649139404,0.7544457316398621,1.8997195959091187,39627894036632240,F,6635.5,4.994,-1.401
4376.800000000177,2.2511417865753174,0.783574640750885,1.9184274673461914,39627894036632240,F,6635.5,4.994,-1.401
4377.600000000177,0.8781760931015015,0.8597891926765442,1.9205036163330078,39627894036632240,F,6635.5,4.994,-1.401
4378.400000000177,2.7179622650146484,0.7688411474227905,1.9251657724380493,39627894036632240,F,6635.5,4.994,-1.401
4379.200000000177,2.467714309692383,0.8571481108665466,1.9210762977600098,39627894036632240,F,6635.5,4.994,-1.401
4380.000000000177,0.8940232396125793,0.8218981027603149,1.9185415506362915,39627894036632240,F,6635.5,4.994,-1.401
4380.8000000001775,0.3101648688316345,0.9348478317260742,1.9053107500076294,39627894036632240,F,6635.5,4.994,-1.401
4381.600000000178,2.8680226802825928,0.8059104084968567,1.8160951137542725,39627894036632240,F,6635.5,4.994,-1.401
4382.400000000178,0.9810663461685181,0.9486544132232666,1.7182834148406982,39627894036632240,F,6635.5,4.994,-1.401
4383.200000000178,1.888487458229065,1.000936508178711,1.76537024974823,39627894036632240,F,6635.5,4.994,-1.401
4384.000000000178,1.673386812210083,1.0806022882461548,1.845923662185669,39627894036632240,F,6635.5,4.994,-1.401
4384.800000000178,2.840426206588745,1.0971719026565552,1.907178282737732,39627894036632240,F,6635.5,4.994,-1.401
4385.600000000179,1.2413642406463623,1.010316014289856,1.9296793937683105,39627894036632240,F,6635.5,4.994,-1.401
4386.400000000179,2.254772901535034,1.0873678922653198,1.9080179929733276,39627894036632240,F,6635.5,4.994,-1.401
4387.200000000179,1.0338423252105713,1.0468251705169678,1.893654227256775,39627894036632240,F,6635.5,4.994,-1.401
4388.000000000179,1.425215721130371,1.0708529949188232,1.8914315700531006,39627894036632240,F,6635.5,4.994,-1.401
4388.800000000179,3.1622490882873535,1.100140929222107,1.900148630142212,39627894036632240,F,6635.5,4.994,-1.401
4389.6000000001795,0.8634083867073059,1.1811643838882446,1.9224680662155151,39627894036632240,F,6635.5,4.994,-1.401
4390.40000000018,1.114388346672058,1.238959789276123,1.9329136610031128,39627894036632240,F,6635.5,4.994,-1.401
4391.20000000018,1.3841081857681274,1.231475591659546,1.9285781383514404,39627894036632240,F,6635.5,4.994,-1.401
4392.00000000018,2.79084849357605,1.124186396598816,1.9183958768844604,39627894036632240,F,6635.5,4.994,-1.401
4392.80000000018,2.8720273971557617,1.2073156833648682,1.897173523902893,39627894036632240,F,6635.5,4.994,-1.401
4393.60000000018,2.3111393451690674,1.3147715330123901,1.8832676410675049,39627894036632240,F,6635.5,4.994,-1.401
4394.400000000181,1.4576188325881958,1.1082969903945923,1.8782628774642944,39627894036632240,F,6635.5,4.994,-1.401
4395.200000000181,1.7376872301101685,1.2228188514709473,1.896813154220581,39627894036632240,F,6635.5,4.994,-1.401
4396.000000000181,1.607984185218811,1.223090648651123,1.9130558967590332,39627894036632240,F,6635.5,4.994,-1.401
4396.800000000181,2.705584764480591,1.242684006690979,1.9291155338287354,39627894036632240,F,6635.5,4.994,-1.401
4397.600000000181,1.8907579183578491,1.336652398109436,1.932077407836914,39627894036632240,F,6635.5,4.994,-1.401
4398.4000000001815,0.7834659218788147,1.275588870048523,1.9160478115081787,39627894036632240,F,6635.5,4.994,-1.401
4399.200000000182,1.312669038772583,1.3978043794631958,1.8922886848449707,39627894036632240,F,6635.5,4.994,-1.401
4400.000000000182,2.6900641918182373,1.271589756011963,1.8899121284484863,39627894036632240,F,6635.5,4.994,-1.401
4400.800000000182,3.526876211166382,1.282217264175415,1.8942710161209106,39627894036632240,F,6635.5,4.994,-1.401
4401.600000000182,1.3985097408294678,1.4662439823150635,1.911891222000122,39627894036632240,F,6635.5,4.994,-1.401
4402.400000000182,1.353280782699585,1.3949859142303467,1.893531322479248,39627894036632240,F,6635.5,4.994,-1.401
4403.200000000183,1.9544355869293213,1.4091026782989502,1.8195645809173584,39627894036632240,F,6635.5,4.994,-1.401
4404.000000000183,2.8048434257507324,1.4151051044464111,1.7837986946105957,39627894036632240,F,6635.5,4.994,-1.401
4404.800000000183,2.1021225452423096,1.3820812702178955,1.8569093942642212,39627894036632240,F,6635.5,4.994,-1.401
4405.600000000183,2.169311046600342,1.3922526836395264,1.9067952632904053,39627894036632240,F,6635.5,4.994,-1.401
4406.400000000183,1.673694133758545,1.6111901998519897,1.9048829078674316,39627894036632240,F,6635.5,4.994,-1.401
4407.2000000001835,1.4043809175491333,1.5463347434997559,1.9024627208709717,39627894036632240,F,6635.5,4.994,-1.401
4408.000000000184,1.8230470418930054,1.4240139722824097,1.9321609735488892,39627894036632240,F,6635.5,4.994,-1.401
4408.800000000184,1.563786506652832,1.4712049961090088,1.9472109079360962,39627894036632240,F,6635.5,4.994,-1.401
4409.600000000184,1.5878852605819702,1.5532656908035278,1.9569734334945679,39627894036632240,F,6635.5,4.994,-1.401
4410.400000000184,2.2405035495758057,1.5321844816207886,1.9597649574279785,39627894036632240,F,6635.5,4.994,-1.401
4411.200000000184,-0.2459026426076889,1.5647099018096924,1.9639387130737305,39627894036632240,F,6635.5,4.994,-1.401
4412.000000000185,1.4727964401245117,1.6916145086288452,1.958824872970581,39627894036632240,F,6635.5,4.994,-1.401
4412.800000000185,2.0461525917053223,1.6874573230743408,1.9399452209472656,39627894036632240,F,6635.5,4.994,-1.401
4413.600000000185,1.457604169845581,1.6448477506637573,1.880331039428711,39627894036632240,F,6635.5,4.994,-1.401
4414.400000000185,1.1879677772521973,1.6716008186340332,1.8340637683868408,39627894036632240,F,6635.5,4.994,-1.401
4415.200000000185,2.0901308059692383,1.687801480293274,1.877596139907837,39627894036632240,F,6635.5,4.994,-1.401
4416.0000000001855,1.4590636491775513,1.7543472051620483,1.9082913398742676,39627894036632240,F,6635.5,4.994,-1.401
4416.800000000186,1.6693238019943237,1.6352546215057373,1.920538306236267,39627894036632240,F,6635.5,4.994,-1.401
4417.600000000186,1.3726067543029785,1.772578239440918,1.952510952949524,39627894036632240,F,6635.5,4.994,-1.401
4418.400000000186,0.7079232931137085,1.8025931119918823,1.9697930812835693,39627894036632240,F,6635.5,4.994,-1.401
4419.200000000186,1.3865946531295776,1.8155543804168701,1.9703302383422852,39627894036632240,F,6635.5,4.994,-1.401
4420.000000000186,2.3523130416870117,1.8216103315353394,1.9608638286590576,39627894036632240,F,6635.5,4.994,-1.401
4420.800000000187,1.8352723121643066,1.72309148311615,1.9379725456237793,39627894036632240,F,6635.5,4.994,-1.401
4421.600000000187,1.6096688508987427,1.7368619441986084,1.9295566082000732,39627894036632240,F,6635.5,4.994,-1.401
4422.400000000187,0.8393821120262146,1.796106219291687,1.9449350833892822,39627894036632240,F,6635.5,4.994,-1.401
4423.200000000187,1.4542959928512573,1.7826666831970215,1.9374675750732422,39627894036632240,F,6635.5,4.994,-1.401
4424.000000000187,2.6614181995391846,1.8199760913848877,1.9063488245010376,39627894036632240,F,6635.5,4.994,-1.401
4424.8000000001875,1.1303131580352783,1.8653619289398193,1.8933541774749756,39627894036632240,F,6635.5,4.994,-1.401
4425.600000000188,2.605184555053711,1.5575309991836548,1.9038645029067993,39627894036632240,F,6635.5,4.994,-1.401
4426.400000000188,2.1288130283355713,2.0007271766662598,1.9071794748306274,39627894036632240,F,6635.5,4.994,-1.401
4427.200000000188,2.13118577003479,1.8629255294799805,1.9457393884658813,39627894036632240,F,6635.5,4.994,-1.401
4428.000000000188,2.3853800296783447,1.9862549304962158,1.9678027629852295,39627894036632240,F,6635.5,4.994,-1.401
4428.800000000188,3.1009020805358887,1.915567398071289,1.9519211053848267,39627894036632240,F,6635.5,4.994,-1.401
4429.600000000189,1.8521900177001953,1.8348298072814941,1.9308791160583496,39627894036632240,F,6635.5,4.994,-1.401
4430.400000000189,2.5910744667053223,1.8684438467025757,1.9465762376785278,39627894036632240,F,6635.5,4.994,-1.401
4431.200000000189,1.821835994720459,2.1987791061401367,1.9441828727722168,39627894036632240,F,6635.5,4.994,-1.401
4432.000000000189,1.2930315732955933,2.0161778926849365,1.9296218156814575,39627894036632240,F,6635.5,4.994,-1.401
4432.800000000189,0.9499685764312744,1.8883213996887207,1.904014229774475,39627894036632240,F,6635.5,4.994,-1.401
4433.6000000001895,1.9318821430206299,2.079282283782959,1.853036642074585,39627894036632240,F,6635.5,4.994,-1.401
4434.40000000019,2.30912709236145,2.119279384613037,1.8352352380752563,39627894036632240,F,6635.5,4.994,-1.401
4435.20000000019,2.290104627609253,2.084367513656616,1.8859342336654663,39627894036632240,F,6635.5,4.994,-1.401
4436.00000000019,2.3112809658050537,2.028188943862915,1.9324615001678467,39627894036632240,F,6635.5,4.994,-1.401
4436.80000000019,1.2691538333892822,2.173365831375122,1.9522491693496704,39627894036632240,F,6635.5,4.994,-1.401
4437.60000000019,2.6996731758117676,1.8823455572128296,1.9576951265335083,39627894036632240,F,6635.5,4.994,-1.401
4438.400000000191,2.061523675918579,2.1549577713012695,1.9577785730361938,39627894036632240,F,6635.5,4.994,-1.401
4439.200000000191,3.0047738552093506,1.947214126586914,1.9488365650177002,39627894036632240,F,6635.5,4.994,-1.401
4440.000000000191,1.5341472625732422,1.9836028814315796,1.9381608963012695,39627894036632240,F,6635.5,4.994,-1.401
4440.800000000191,2.021519422531128,2.1477088928222656,1.9154421091079712,39627894036632240,F,6635.5,4.994,-1.401
4441.600000000191,0.996033787727356,2.1294217109680176,1.8878893852233887,39627894036632240,F,6635.5,4.994,-1.401
4442.4000000001915,2.913147211074829,2.128246545791626,1.884620189666748,39627894036632240,F,6635.5,4.994,-1.401
4443.200000000192,1.8785827159881592,1.974910020828247,1.915767788887024,39627894036632240,F,6635.5,4.994,-1.401
4444.000000000192,1.3499126434326172,2.191358804702759,1.9487792253494263,39627894036632240,F,6635.5,4.994,-1.401
4444.800000000192,1.4594733715057373,2.310105323791504,1.9596797227859497,39627894036632240,F,6635.5,4.994,-1.401
4445.600000000192,1.68489670753479,1.9844156503677368,1.9405778646469116,39627894036632240,F,6635.5,4.994,-1.401
4446.400000000192,2.4102134704589844,2.017888307571411,1.9098752737045288,39627894036632240,F,6635.5,4.994,-1.401
4447.200000000193,1.5136370658874512,1.968493103981018,1.911230444908142,39627894036632240,F,6635.5,4.994,-1.401
4448.000000000193,1.5721182823181152,1.8969848155975342,1.9305574893951416,39627894036632240,F,6635.5,4.994,-1.401
4448.800000000193,0.9363858103752136,2.09346079826355,1.931799054145813,39627894036632240,F,6635.5,4.994,-1.401
4449.600000000193,1.4708147048950195,2.1362462043762207,1.912572979927063,39627894036632240,F,6635.5,4.994,-1.401
4450.400000000193,2.2730743885040283,2.1532671451568604,1.9162588119506836,39627894036632240,F,6635.5,4.994,-1.401
4451.2000000001935,1.8903027772903442,2.2255337238311768,1.933302879333496,39627894036632240,F,6635.5,4.994,-1.401
4452.000000000194,2.3025195598602295,2.122898817062378,1.9247323274612427,39627894036632240,F,6635.5,4.994,-1.401
4452.800000000194,2.0469632148742676,2.1238255500793457,1.8737903833389282,39627894036632240,F,6635.5,4.994,-1.401
4453.600000000194,1.450114369392395,2.1816940307617188,1.8107428550720215,39627894036632240,F,6635.5,4.994,-1.401
4454.400000000194,2.5733377933502197,2.1629931926727295,1.8287466764450073,39627894036632240,F,6635.5,4.994,-1.401
4455.200000000194,1.4845892190933228,2.288877248764038,1.8732696771621704,39627894036632240,F,6635.5,4.994,-1.401
4456.000000000195,2.724437713623047,2.034404993057251,1.905442237854004,39627894036632240,F,6635.5,4.994,-1.401
4456.800000000195,2.4700984954833984,2.22214412689209,1.9052377939224243,39627894036632240,F,6635.5,4.994,-1.401
4457.600000000195,1.7392607927322388,2.2708208560943604,1.888727068901062,39627894036632240,F,6635.5,4.994,-1.401
4458.400000000195,2.3983218669891357,2.134788751602173,1.8913094997406006,39627894036632240,F,6635.5,4.994,-1.401
4459.200000000195,1.0636526346206665,2.2897145748138428,1.9197405576705933,39627894036632240,F,6635.5,4.994,-1.401
4460.0000000001955,1.9137948751449585,2.362062692642212,1.9140701293945312,39627894036632240,F,6635.5,4.994,-1.401
4460.800000000196,1.911241054534912,2.199505090713501,1.8909039497375488,39627894036632240,F,6635.5,4.994,-1.401
4461.600000000196,0.858516275882721,2.1408674716949463,1.916679859161377,39627894036632240,F,6635.5,4.994,-1.401
4462.400000000196,1.4958771467208862,2.225231409072876,1.9401264190673828,39627894036632240,F,6635.5,4.994,-1.401
4463.200000000196,2.7888214588165283,2.0592761039733887,1.9394396543502808,39627894036632240,F,6635.5,4.994,-1.401
4464.000000000196,1.988095760345459,2.143031358718872,1.9410852193832397,39627894036632240,F,6635.5,4.994,-1.401
4464.800000000197,1.485595703125,2.3402583599090576,1.932088017463684,39627894036632240,F,6635.5,4.994,-1.401
4465.600000000197,2.1689069271087646,2.0141079425811768,1.908467411994934,39627894036632240,F,6635.5,4.994,-1.401
4466.400000000197,1.39899480342865,2.1130189895629883,1.9180796146392822,39627894036632240,F,6635.5,4.994,-1.401
4467.200000000197,0.6905273199081421,2.0569822788238525,1.9033464193344116,39627894036632240,F,6635.5,4.994,-1.401
4468.000000000197,2.313987970352173,2.336052656173706,1.8849296569824219,39627894036632240,F,6635.5,4.994,-1.401
4468.8000000001975,1.5712361335754395,2.109116554260254,1.8943544626235962,39627894036632240,F,6635.5,4.994,-1.401
4469.600000000198,2.6855597496032715,2.269552707672119,1.9216601848602295,39627894036632240,F,6635.5,4.994,-1.401
4470.400000000198,2.7161550521850586,2.1561667919158936,1.9471056461334229,39627894036632240,F,6635.5,4.994,-1.401
4471.200000000198,0.6579362154006958,2.455009937286377,1.9519082307815552,39627894036632240,F,6635.5,4.994,-1.401
4472.000000000198,2.69722843170166,2.4229533672332764,1.9485843181610107,39627894036632240,F,6635.5,4.994,-1.401
4472.800000000198,3.1356494426727295,2.215322732925415,1.9478013515472412,39627894036632240,F,6635.5,4.994,-1.401
4473.600000000199,2.171482563018799,2.3147695064544678,1.945643663406372,39627894036632240,F,6635.5,4.994,-1.401
4474.400000000199,1.9360780715942383,2.088411569595337,1.9201984405517578,39627894036632240,F,6635.5,4.994,-1.401
4475.200000000199,2.551486015319824,2.1690003871917725,1.8922756910324097,39627894036632240,F,6635.5,4.994,-1.401
4476.000000000199,1.64554762840271,2.1758224964141846,1.9184147119522095,39627894036632240,F,6635.5,4.994,-1.401
4476.800000000199,1.7103849649429321,2.278517484664917,1.9428099393844604,39627894036632240,F,6635.5,4.994,-1.401
4477.6000000001995,1.0494086742401123,2.323436975479126,1.9497771263122559,39627894036632240,F,6635.5,4.994,-1.401
4478.4000000002,2.0250606536865234,2.1037912368774414,1.9477006196975708,39627894036632240,F,6635.5,4.994,-1.401
4479.2000000002,1.171596646308899,2.296304225921631,1.9323992729187012,39627894036632240,F,6635.5,4.994,-1.401
4480.0000000002,2.291794538497925,2.368671178817749,1.9023079872131348,39627894036632240,F,6635.5,4.994,-1.401
4480.8000000002,1.1939685344696045,2.416222095489502,1.8786393404006958,39627894036632240,F,6635.5,4.994,-1.401
4481.6000000002,1.6540402173995972,2.280992269515991,1.8863650560379028,39627894036632240,F,6635.5,4.994,-1.401
4482.400000000201,2.0342841148376465,2.2936604022979736,1.9146288633346558,39627894036632240,F,6635.5,4.994,-1.401
4483.200000000201,0.808498203754425,2.2799875736236572,1.9283361434936523,39627894036632240,F,6635.5,4.994,-1.401
4484.000000000201,2.6319286823272705,2.4717013835906982,1.9433728456497192,39627894036632240,F,6635.5,4.994,-1.401
4484.800000000201,1.791094183921814,2.3278708457946777,1.9481157064437866,39627894036632240,F,6635.5,4.994,-1.401
4485.600000000201,1.281502366065979,2.384586811065674,1.9491702318191528,39627894036632240,F,6635.5,4.994,-1.401
4486.4000000002015,1.9192476272583008,2.1665120124816895,1.9475072622299194,39627894036632240,F,6635.5,4.994,-1.401
4487.200000000202,2.5775299072265625,2.389986515045166,1.9394447803497314,39627894036632240,F,6635.5,4.994,-1.401
4488.000000000202,2.0074636936187744,2.5008294582366943,1.9205443859100342,39627894036632240,F,6635.5,4.994,-1.401
4488.800000000202,3.1982603073120117,2.2521486282348633,1.903887391090393,39627894036632240,F,6635.5,4.994,-1.401
4489.600000000202,1.040847897529602,2.32070255279541,1.9110809564590454,39627894036632240,F,6635.5,4.994,-1.401
4490.400000000202,1.7160364389419556,2.4592485427856445,1.9238433837890625,39627894036632240,F,6635.5,4.994,-1.401
4491.200000000203,1.1021630764007568,2.4445037841796875,1.937721848487854,39627894036632240,F,6635.5,4.994,-1.401
4492.000000000203,0.8684874176979065,2.2927329540252686,1.9439635276794434,39627894036632240,F,6635.5,4.994,-1.401
4492.800000000203,1.698160171508789,2.2864198684692383,1.92804753780365,39627894036632240,F,6635.5,4.994,-1.401
4493.600000000203,1.8388068675994873,2.3377959728240967,1.9048576354980469,39627894036632240,F,6635.5,4.994,-1.401
4494.400000000203,1.3164334297180176,2.337790012359619,1.9211069345474243,39627894036632240,F,6635.5,4.994,-1.401
4495.2000000002035,1.7916169166564941,2.3848021030426025,1.9353899955749512,39627894036632240,F,6635.5,4.994,-1.401
4496.000000000204,2.1195225715637207,2.4123172760009766,1.9403808116912842,39627894036632240,F,6635.5,4.994,-1.401
4496.800000000204,2.2424681186676025,2.2275800704956055,1.946150541305542,39627894036632240,F,6635.5,4.994,-1.401
4497.600000000204,1.3594352006912231,2.337857246398926,1.9396916627883911,39627894036632240,F,6635.5,4.994,-1.401
4498.400000000204,2.0646910667419434,2.3597428798675537,1.9380247592926025,39627894036632240,F,6635.5,4.994,-1.401
4499.200000000204,0.8176460266113281,2.497140407562256,1.929893970489502,39627894036632240,F,6635.5,4.994,-1.401
4500.000000000205,1.0405267477035522,2.341338872909546,1.9104690551757812,39627894036632240,F,6635.5,4.994,-1.401
4500.800000000205,1.9284720420837402,2.599374771118164,1.9175082445144653,39627894036632240,F,6635.5,4.994,-1.401
4501.600000000205,1.675218939781189,2.4091148376464844,1.928702712059021,39627894036632240,F,6635.5,4.994,-1.401
4502.400000000205,2.3990731239318848,2.440800905227661,1.9355177879333496,39627894036632240,F,6635.5,4.994,-1.401
4503.200000000205,2.1303863525390625,2.5660581588745117,1.9380724430084229,39627894036632240,F,6635.5,4.994,-1.401
4504.000000000206,1.8493709564208984,2.4611518383026123,1.9381327629089355,39627894036632240,F,6635.5,4.994,-1.401
4504.800000000206,0.7988767623901367,2.3321001529693604,1.9444831609725952,39627894036632240,F,6635.5,4.994,-1.401
4505.600000000206,1.0886505842208862,2.47432279586792,1.9554182291030884,39627894036632240,F,6635.5,4.994,-1.401
4506.400000000206,2.087454080581665,2.5405960083007812,1.9467129707336426,39627894036632240,F,6635.5,4.994,-1.401
4507.200000000206,1.7081352472305298,2.4375574588775635,1.9379976987838745,39627894036632240,F,6635.5,4.994,-1.401
4508.0000000002065,1.6742889881134033,2.379582643508911,1.9441531896591187,39627894036632240,F,6635.5,4.994,-1.401
4508.800000000207,1.7406960725784302,2.6308834552764893,1.9477611780166626,39627894036632240,F,6635.5,4.994,-1.401
4509.600000000207,0.8107711672782898,2.53471040725708,1.9480034112930298,39627894036632240,F,6635.5,4.994,-1.401
4510.400000000207,1.6623930931091309,2.462412118911743,1.9452383518218994,39627894036632240,F,6635.5,4.994,-1.401
4511.200000000207,1.262709379196167,2.4528768062591553,1.9388517141342163,39627894036632240,F,6635.5,4.994,-1.401
4512.000000000207,2.2339296340942383,2.3146519660949707,1.9346959590911865,39627894036632240,F,6635.5,4.994,-1.401
4512.800000000208,2.554668426513672,2.413839817047119,1.933396339416504,39627894036632240,F,6635.5,4.994,-1.401
4513.600000000208,2.1885015964508057,2.364548921585083,1.9329403638839722,39627894036632240,F,6635.5,4.994,-1.401
4514.400000000208,2.0154342651367188,2.410789728164673,1.939034342765808,39627894036632240,F,6635.5,4.994,-1.401
4515.200000000208,1.338079810142517,2.5196805000305176,1.9441012144088745,39627894036632240,F,6635.5,4.994,-1.401
4516.000000000208,2.905487298965454,2.24206805229187,1.9291577339172363,39627894036632240,F,6635.5,4.994,-1.401
4516.8000000002085,1.3362058401107788,2.3721084594726562,1.9183770418167114,39627894036632240,F,6635.5,4.994,-1.401
4517.600000000209,2.0531399250030518,2.462038993835449,1.92962646484375,39627894036632240,F,6635.5,4.994,-1.401
4518.400000000209,2.2320432662963867,2.4824154376983643,1.9360398054122925,39627894036632240,F,6635.5,4.994,-1.401
4519.200000000209,1.260431170463562,2.3796756267547607,1.929707646369934,39627894036632240,F,6635.5,4.994,-1.401
4520.000000000209,1.846251368522644,2.450604200363159,1.9294780492782593,39627894036632240,F,6635.5,4.994,-1.401
4520.800000000209,1.9090834856033325,2.3869032859802246,1.9292265176773071,39627894036632240,F,6635.5,4.994,-1.401
4521.60000000021,2.3609073162078857,2.40809965133667,1.9256198406219482,39627894036632240,F,6635.5,4.994,-1.401
4522.40000000021,2.453227996826172,2.4782328605651855,1.9381921291351318,39627894036632240,F,6635.5,4.994,-1.401
4523.20000000021,1.9705835580825806,2.513160228729248,1.9374241828918457,39627894036632240,F,6635.5,4.994,-1.401
4524.00000000021,1.894139051437378,2.4574785232543945,1.9274556636810303,39627894036632240,F,6635.5,4.994,-1.401
4524.80000000021,1.3238710165023804,2.3628430366516113,1.9192023277282715,39627894036632240,F,6635.5,4.994,-1.401
4525.6000000002105,2.2151010036468506,2.5702085494995117,1.9015281200408936,39627894036632240,F,6635.5,4.994,-1.401
4526.400000000211,1.522247552871704,2.4507365226745605,1.8884572982788086,39627894036632240,F,6635.5,4.994,-1.401
4527.200000000211,1.8971234560012817,2.5648462772369385,1.877009391784668,39627894036632240,F,6635.5,4.994,-1.401
4528.000000000211,1.1207548379898071,2.3678834438323975,1.8826322555541992,39627894036632240,F,6635.5,4.994,-1.401
4528.800000000211,1.4591177701950073,2.4178662300109863,1.8980011940002441,39627894036632240,F,6635.5,4.994,-1.401
4529.600000000211,2.075529098510742,2.5708765983581543,1.8905552625656128,39627894036632240,F,6635.5,4.994,-1.401
4530.400000000212,3.2730398178100586,2.2820699214935303,1.8926703929901123,39627894036632240,F,6635.5,4.994,-1.401
4531.200000000212,1.6538057327270508,2.558943271636963,1.908354640007019,39627894036632240,F,6635.5,4.994,-1.401
4532.000000000212,1.6688214540481567,2.574282169342041,1.883250117301941,39627894036632240,F,6635.5,4.994,-1.401
4532.800000000212,2.150472402572632,2.486149549484253,1.85781991481781,39627894036632240,F,6635.5,4.994,-1.401
4533.600000000212,1.5903866291046143,2.288266181945801,1.8583132028579712,39627894036632240,F,6635.5,4.994,-1.401
4534.4000000002125,2.7530393600463867,2.3091881275177,1.861496090888977,39627894036632240,F,6635.5,4.994,-1.401
4535.200000000213,2.124483823776245,2.4962456226348877,1.879181146621704,39627894036632240,F,6635.5,4.994,-1.401
4536.000000000213,2.1117513179779053,2.4924843311309814,1.9149194955825806,39627894036632240,F,6635.5,4.994,-1.401
4536.800000000213,2.2730863094329834,2.486586570739746,1.9375717639923096,39627894036632240,F,6635.5,4.994,-1.401
4537.600000000213,1.3743305206298828,2.3440375328063965,1.947238564491272,39627894036632240,F,6635.5,4.994,-1.401
4538.400000000213,1.3746660947799683,2.5673084259033203,1.9507790803909302,39627894036632240,F,6635.5,4.994,-1.401
4539.200000000214,2.204948663711548,2.374063491821289,1.9418861865997314,39627894036632240,F,6635.5,4.994,-1.401
4540.000000000214,2.0629539489746094,2.654557228088379,1.9367139339447021,39627894036632240,F,6635.5,4.994,-1.401
4540.800000000214,2.6848104000091553,2.6127498149871826,1.9389762878417969,39627894036632240,F,6635.5,4.994,-1.401
4541.600000000214,0.6444718241691589,2.3032169342041016,1.9412965774536133,39627894036632240,F,6635.5,4.994,-1.401
4542.400000000214,2.2165260314941406,2.592311143875122,1.930558681488037,39627894036632240,F,6635.5,4.994,-1.401
4543.2000000002145,2.493537425994873,2.3616838455200195,1.9191771745681763,39627894036632240,F,6635.5,4.994,-1.401
4544.000000000215,1.7474952936172485,2.691357135772705,1.913443922996521,39627894036632240,F,6635.5,4.994,-1.401
4544.800000000215,1.458929419517517,2.1354031562805176,1.9153505563735962,39627894036632240,F,6635.5,4.994,-1.401
4545.600000000215,2.1784980297088623,2.370758533477783,1.9151334762573242,39627894036632240,F,6635.5,4.994,-1.401
4546.400000000215,0.1506272852420807,2.529951572418213,1.909626841545105,39627894036632240,F,6635.5,4.994,-1.401
4547.200000000215,1.9372799396514893,2.452052354812622,1.9006505012512207,39627894036632240,F,6635.5,4.994,-1.401
4548.000000000216,0.9320025444030762,2.5089755058288574,1.880753993988037,39627894036632240,F,6635.5,4.994,-1.401
4548.800000000216,1.9384844303131104,2.4328677654266357,1.8657071590423584,39627894036632240,F,6635.5,4.994,-1.401
4549.600000000216,1.2729542255401611,2.5922985076904297,1.9074815511703491,39627894036632240,F,6635.5,4.994,-1.401
4550.400000000216,2.2428884506225586,2.4639852046966553,1.9354082345962524,39627894036632240,F,6635.5,4.994,-1.401
4551.200000000216,1.2870711088180542,2.619367837905884,1.9340564012527466,39627894036632240,F,6635.5,4.994,-1.401
4552.0000000002165,1.893075942993164,2.4628419876098633,1.924565076828003,39627894036632240,F,6635.5,4.994,-1.401
4552.800000000217,1.868370771408081,2.488358736038208,1.9173117876052856,39627894036632240,F,6635.5,4.994,-1.401
4553.600000000217,1.8126928806304932,2.4947774410247803,1.9241211414337158,39627894036632240,F,6635.5,4.994,-1.401
4554.400000000217,2.235239267349243,2.3767855167388916,1.9152787923812866,39627894036632240,F,6635.5,4.994,-1.401
4555.200000000217,1.6137436628341675,2.341895818710327,1.905288577079773,39627894036632240,F,6635.5,4.994,-1.401
4556.000000000217,0.8155978918075562,2.5528206825256348,1.9180936813354492,39627894036632240,F,6635.5,4.994,-1.401
4556.800000000218,1.7114869356155396,2.565046787261963,1.9293016195297241,39627894036632240,F,6635.5,4.994,-1.401
4557.600000000218,1.6645910739898682,2.4236114025115967,1.9364924430847168,39627894036632240,F,6635.5,4.994,-1.401
4558.400000000218,2.2331230640411377,2.52455472946167,1.937040090560913,39627894036632240,F,6635.5,4.994,-1.401
4559.200000000218,2.454927682876587,2.725919246673584,1.9394384622573853,39627894036632240,F,6635.5,4.994,-1.401
4560.000000000218,2.736801862716675,2.5650572776794434,1.9412235021591187,39627894036632240,F,6635.5,4.994,-1.401
4560.8000000002185,2.301758050918579,2.442056894302368,1.9355722665786743,39627894036632240,F,6635.5,4.994,-1.401
4561.600000000219,1.085137128829956,2.694345474243164,1.9286290407180786,39627894036632240,F,6635.5,4.994,-1.401
4562.400000000219,2.2908620834350586,2.495182752609253,1.9157160520553589,39627894036632240,F,6635.5,4.994,-1.401
4563.200000000219,1.198443055152893,2.7409958839416504,1.9174408912658691,39627894036632240,F,6635.5,4.994,-1.401
4564.000000000219,2.1648473739624023,2.6719489097595215,1.9329698085784912,39627894036632240,F,6635.5,4.994,-1.401
4564.800000000219,0.6400061845779419,2.645749807357788,1.9404551982879639,39627894036632240,F,6635.5,4.994,-1.401
4565.60000000022,2.4733986854553223,2.528885841369629,1.9330549240112305,39627894036632240,F,6635.5,4.994,-1.401
4566.40000000022,1.3387545347213745,2.644601345062256,1.930291771888733,39627894036632240,F,6635.5,4.994,-1.401
4567.20000000022,1.9369440078735352,2.502800226211548,1.9314719438552856,39627894036632240,F,6635.5,4.994,-1.401
4568.00000000022,2.1870598793029785,2.548335075378418,1.928155779838562,39627894036632240,F,6635.5,4.994,-1.401
4568.80000000022,2.2623329162597656,2.773115634918213,1.918911099433899,39627894036632240,F,6635.5,4.994,-1.401
4569.6000000002205,1.8636574745178223,2.651334762573242,1.9020490646362305,39627894036632240,F,6635.5,4.994,-1.401
4570.400000000221,1.1897104978561401,2.67229962348938,1.8885388374328613,39627894036632240,F,6635.5,4.994,-1.401
4571.200000000221,1.3745497465133667,2.6493892669677734,1.8949836492538452,39627894036632240,F,6635.5,4.994,-1.401
4572.000000000221,2.436586380004883,2.685944080352783,1.9190685749053955,39627894036632240,F,6635.5,4.994,-1.401
4572.800000000221,1.9814542531967163,2.7081596851348877,1.931768774986267,39627894036632240,F,6635.5,4.994,-1.401
4573.600000000221,2.2651610374450684,2.7820775508880615,1.9342519044876099,39627894036632240,F,6635.5,4.994,-1.401
4574.400000000222,1.513041377067566,2.6179990768432617,1.9279340505599976,39627894036632240,F,6635.5,4.994,-1.401
4575.200000000222,2.0573947429656982,2.265451669692993,1.9252616167068481,39627894036632240,F,6635.5,4.994,-1.401
4576.000000000222,2.6157960891723633,2.5263476371765137,1.9249073266983032,39627894036632240,F,6635.5,4.994,-1.401
4576.800000000222,1.5764110088348389,2.611330270767212,1.920881748199463,39627894036632240,F,6635.5,4.994,-1.401
4577.600000000222,1.727540373802185,2.49137544631958,1.9240081310272217,39627894036632240,F,6635.5,4.994,-1.401
4578.4000000002225,0.9770499467849731,2.555588722229004,1.9333006143569946,39627894036632240,F,6635.5,4.994,-1.401
4579.200000000223,1.8943363428115845,2.5910696983337402,1.9147348403930664,39627894036632240,F,6635.5,4.994,-1.401
4580.000000000223,2.0475330352783203,2.5237233638763428,1.8918352127075195,39627894036632240,F,6635.5,4.994,-1.401
4580.800000000223,2.336577892303467,2.4706597328186035,1.895159363746643,39627894036632240,F,6635.5,4.994,-1.401
4581.600000000223,2.196272850036621,2.7405359745025635,1.9177137613296509,39627894036632240,F,6635.5,4.994,-1.401
4582.400000000223,1.2345207929611206,2.511644124984741,1.9188133478164673,39627894036632240,F,6635.5,4.994,-1.401
4583.200000000224,2.147803544998169,2.952983856201172,1.907908320426941,39627894036632240,F,6635.5,4.994,-1.401
4584.000000000224,1.3744570016860962,2.5443947315216064,1.893632173538208,39627894036632240,F,6635.5,4.994,-1.401
4584.800000000224,1.6530380249023438,2.7848188877105713,1.8816241025924683,39627894036632240,F,6635.5,4.994,-1.401
4585.600000000224,2.005629301071167,2.707453966140747,1.897936224937439,39627894036632240,F,6635.5,4.994,-1.401
4586.400000000224,0.4618314802646637,2.5664377212524414,1.911799430847168,39627894036632240,F,6635.5,4.994,-1.401
4587.2000000002245,1.4160208702087402,2.647883176803589,1.9121921062469482,39627894036632240,F,6635.5,4.994,-1.401
4588.000000000225,1.9710774421691895,2.789123773574829,1.9083253145217896,39627894036632240,F,6635.5,4.994,-1.401
4588.800000000225,1.6045933961868286,2.6562108993530273,1.9050880670547485,39627894036632240,F,6635.5,4.994,-1.401
4589.600000000225,1.671390414237976,2.789734125137329,1.9136531352996826,39627894036632240,F,6635.5,4.994,-1.401
4590.400000000225,2.774056911468506,2.662764549255371,1.9096695184707642,39627894036632240,F,6635.5,4.994,-1.401
4591.200000000225,0.6561083793640137,2.6871724128723145,1.897110939025879,39627894036632240,F,6635.5,4.994,-1.401
4592.000000000226,1.1395403146743774,2.8053276538848877,1.9050260782241821,39627894036632240,F,6635.5,4.994,-1.401
4592.800000000226,2.3793280124664307,2.774684190750122,1.9305708408355713,39627894036632240,F,6635.5,4.994,-1.401
4593.600000000226,1.6681087017059326,2.5876688957214355,1.9302564859390259,39627894036632240,F,6635.5,4.994,-1.401
4594.400000000226,1.6452100276947021,2.699845790863037,1.9244635105133057,39627894036632240,F,6635.5,4.994,-1.401
4595.200000000226,1.523794174194336,2.6876864433288574,1.9235316514968872,39627894036632240,F,6635.5,4.994,-1.401
4596.0000000002265,1.690314531326294,2.8017430305480957,1.9217721223831177,39627894036632240,F,6635.5,4.994,-1.401
4596.800000000227,0.7267165184020996,2.7482106685638428,1.9122745990753174,39627894036632240,F,6635.5,4.994,-1.401
4597.600000000227,1.2355329990386963,2.871734619140625,1.9109606742858887,39627894036632240,F,6635.5,4.994,-1.401
4598.400000000227,1.549634337425232,2.8209495544433594,1.914548397064209,39627894036632240,F,6635.5,4.994,-1.401
4599.200000000227,2.139849901199341,2.7734484672546387,1.9174964427947998,39627894036632240,F,6635.5,4.994,-1.401
4600.000000000227,2.2758758068084717,2.807711362838745,1.9089181423187256,39627894036632240,F,6635.5,4.994,-1.401
4600.800000000228,2.4546825885772705,2.8120720386505127,1.895466923713684,39627894036632240,F,6635.5,4.994,-1.401
4601.600000000228,2.225593090057373,2.9581139087677,1.8798152208328247,39627894036632240,F,6635.5,4.994,-1.401
4602.400000000228,1.7908260822296143,2.9633519649505615,1.8864954710006714,39627894036632240,F,6635.5,4.994,-1.401
4603.200000000228,1.7473269701004028,2.7037322521209717,1.904860496520996,39627894036632240,F,6635.5,4.994,-1.401
4604.000000000228,1.3689123392105103,2.7135236263275146,1.9161564111709595,39627894036632240,F,6635.5,4.994,-1.401
4604.8000000002285,0.7759727835655212,2.7441327571868896,1.926427960395813,39627894036632240,F,6635.5,4.994,-1.401
4605.600000000229,2.9373679161071777,2.6876273155212402,1.9238349199295044,39627894036632240,F,6635.5,4.994,-1.401
4606.400000000229,0.7426260709762573,2.710503101348877,1.9138283729553223,39627894036632240,F,6635.5,4.994,-1.401
4607.200000000229,2.6895556449890137,2.76430606842041,1.912986159324646,39627894036632240,F,6635.5,4.994,-1.401
4608.000000000229,1.2977665662765503,2.7698874473571777,1.9176820516586304,39627894036632240,F,6635.5,4.994,-1.401
4608.800000000229,2.7200119495391846,2.627009630203247,1.9107627868652344,39627894036632240,F,6635.5,4.994,-1.401
4609.60000000023,2.0063607692718506,2.613990545272827,1.899094820022583,39627894036632240,F,6635.5,4.994,-1.401
4610.40000000023,2.4024949073791504,2.523202657699585,1.893690586090088,39627894036632240,F,6635.5,4.994,-1.401
4611.20000000023,1.7391936779022217,2.7129695415496826,1.9044947624206543,39627894036632240,F,6635.5,4.994,-1.401
4612.00000000023,2.118010997772217,2.7668564319610596,1.9105035066604614,39627894036632240,F,6635.5,4.994,-1.401
4612.80000000023,1.308752417564392,2.806090831756592,1.9165246486663818,39627894036632240,F,6635.5,4.994,-1.401
4613.6000000002305,1.5180357694625854,2.7238364219665527,1.914743185043335,39627894036632240,F,6635.5,4.994,-1.401
4614.400000000231,1.6856545209884644,2.792379140853882,1.90699303150177,39627894036632240,F,6635.5,4.994,-1.401
4615.200000000231,1.3243111371994019,2.5883052349090576,1.8950672149658203,39627894036632240,F,6635.5,4.994,-1.401
4616.000000000231,2.0630621910095215,2.61429500579834,1.89139986038208,39627894036632240,F,6635.5,4.994,-1.401
4616.800000000231,2.122913122177124,2.775656223297119,1.8942264318466187,39627894036632240,F,6635.5,4.994,-1.401
4617.600000000231,2.3379995822906494,2.6612417697906494,1.8959695100784302,39627894036632240,F,6635.5,4.994,-1.401
4618.400000000232,2.8182177543640137,2.714287281036377,1.901421070098877,39627894036632240,F,6635.5,4.994,-1.401
4619.200000000232,2.3690295219421387,2.8101043701171875,1.9111465215682983,39627894036632240,F,6635.5,4.994,-1.401
4620.000000000232,0.9258663654327393,2.723891496658325,1.9098799228668213,39627894036632240,F,6635.5,4.994,-1.401
4620.800000000232,0.5277475714683533,2.6471707820892334,1.904875636100769,39627894036632240,F,6635.5,4.994,-1.401
4621.600000000232,2.0267958641052246,2.8190696239471436,1.9012964963912964,39627894036632240,F,6635.5,4.994,-1.401
4622.4000000002325,1.95261812210083,2.814845085144043,1.8984341621398926,39627894036632240,F,6635.5,4.994,-1.401
4623.200000000233,3.0320422649383545,2.9152493476867676,1.8977382183074951,39627894036632240,F,6635.5,4.994,-1.401
4624.000000000233,1.6070761680603027,2.7235522270202637,1.8965885639190674,39627894036632240,F,6635.5,4.994,-1.401
4624.800000000233,1.4681968688964844,2.8608651161193848,1.8970340490341187,39627894036632240,F,6635.5,4.994,-1.401
4625.600000000233,1.3182530403137207,2.7234103679656982,1.9004743099212646,39627894036632240,F,6635.5,4.994,-1.401
4626.400000000233,1.7913333177566528,2.774156093597412,1.9083657264709473,39627894036632240,F,6635.5,4.994,-1.401
4627.200000000234,1.4157044887542725,2.9385554790496826,1.9129396677017212,39627894036632240,F,6635.5,4.994,-1.401
4628.000000000234,2.5037317276000977,2.6812374591827393,1.9036734104156494,39627894036632240,F,6635.5,4.994,-1.401
4628.800000000234,3.011791944503784,2.8236241340637207,1.9002526998519897,39627894036632240,F,6635.5,4.994,-1.401
4629.600000000234,1.6324052810668945,2.7704341411590576,1.9027475118637085,39627894036632240,F,6635.5,4.994,-1.401
4630.400000000234,1.3885228633880615,2.7008931636810303,1.905357003211975,39627894036632240,F,6635.5,4.994,-1.401
4631.2000000002345,1.7266629934310913,2.7466042041778564,1.9060451984405518,39627894036632240,F,6635.5,4.994,-1.401
4632.000000000235,1.8884879350662231,2.758098840713501,1.906724214553833,39627894036632240,F,6635.5,4.994,-1.401
4632.800000000235,0.9192484021186829,2.641744613647461,1.9154512882232666,39627894036632240,F,6635.5,4.994,-1.401
4633.600000000235,3.161423683166504,2.571071147918701,1.9211050271987915,39627894036632240,F,6635.5,4.994,-1.401
4634.400000000235,1.8538230657577515,2.559004306793213,1.9187161922454834,39627894036632240,F,6635.5,4.994,-1.401
4635.200000000235,3.1416406631469727,2.74515438079834,1.910328984260559,39627894036632240,F,6635.5,4.994,-1.401
4636.000000000236,0.8185519576072693,2.712932825088501,1.8957643508911133,39627894036632240,F,6635.5,4.994,-1.401
4636.800000000236,0.9218751192092896,2.694138526916504,1.8880668878555298,39627894036632240,F,6635.5,4.994,-1.401
4637.600000000236,2.287679433822632,2.782076358795166,1.8954823017120361,39627894036632240,F,6635.5,4.994,-1.401
4638.400000000236,1.8188804388046265,2.8311150074005127,1.8964651823043823,39627894036632240,F,6635.5,4.994,-1.401
4639.200000000236,1.137433648109436,2.737294912338257,1.897898554801941,39627894036632240,F,6635.5,4.994,-1.401
4640.0000000002365,1.9008510112762451,2.66957426071167,1.901536226272583,39627894036632240,F,6635.5,4.994,-1.401
4640.800000000237,1.7227990627288818,2.865039825439453,1.9025243520736694,39627894036632240,F,6635.5,4.994,-1.401
4641.600000000237,1.4827194213867188,2.76104998588562,1.8988416194915771,39627894036632240,F,6635.5,4.994,-1.401
4642.400000000237,1.8644273281097412,3.062884569168091,1.896128535270691,39627894036632240,F,6635.5,4.994,-1.401
4643.200000000237,2.1450226306915283,2.8631443977355957,1.9024134874343872,39627894036632240,F,6635.5,4.994,-1.401
4644.000000000237,2.5857043266296387,2.8846046924591064,1.9034420251846313,39627894036632240,F,6635.5,4.994,-1.401
4644.800000000238,1.3680403232574463,2.9557526111602783,1.8933964967727661,39627894036632240,F,6635.5,4.994,-1.401
4645.600000000238,1.9896584749221802,2.9395275115966797,1.8849858045578003,39627894036632240,F,6635.5,4.994,-1.401
4646.400000000238,2.444288969039917,2.8970022201538086,1.8847171068191528,39627894036632240,F,6635.5,4.994,-1.401
4647.200000000238,2.4327614307403564,2.900449752807617,1.8939902782440186,39627894036632240,F,6635.5,4.994,-1.401
4648.000000000238,1.8157343864440918,3.132988929748535,1.8975657224655151,39627894036632240,F,6635.5,4.994,-1.401
4648.8000000002385,1.1437995433807373,3.2433254718780518,1.8967068195343018,39627894036632240,F,6635.5,4.994,-1.401
4649.600000000239,1.9168695211410522,3.0329153537750244,1.8897887468338013,39627894036632240,F,6635.5,4.994,-1.401
4650.400000000239,3.012052297592163,2.9314539432525635,1.8771377801895142,39627894036632240,F,6635.5,4.994,-1.401
4651.200000000239,1.5025124549865723,2.948035717010498,1.8721184730529785,39627894036632240,F,6635.5,4.994,-1.401
4652.000000000239,1.9013792276382446,2.77251935005188,1.882641077041626,39627894036632240,F,6635.5,4.994,-1.401
4652.800000000239,2.1912097930908203,3.0873935222625732,1.8836840391159058,39627894036632240,F,6635.5,4.994,-1.401
4653.60000000024,3.0843899250030518,2.7272377014160156,1.8813395500183105,39627894036632240,F,6635.5,4.994,-1.401
4654.40000000024,2.3298416137695312,2.694676399230957,1.8978792428970337,39627894036632240,F,6635.5,4.994,-1.401
4655.20000000024,1.6281009912490845,3.0584592819213867,1.9014631509780884,39627894036632240,F,6635.5,4.994,-1.401
4656.00000000024,2.457275152206421,2.6421399116516113,1.9000929594039917,39627894036632240,F,6635.5,4.994,-1.401
4656.80000000024,3.13866925239563,2.843276023864746,1.8986026048660278,39627894036632240,F,6635.5,4.994,-1.401
4657.6000000002405,1.609503984451294,2.7584192752838135,1.8976207971572876,39627894036632240,F,6635.5,4.994,-1.401
4658.400000000241,2.413456678390503,3.038459539413452,1.8975480794906616,39627894036632240,F,6635.5,4.994,-1.401
4659.200000000241,1.1987282037734985,2.629863739013672,1.897493600845337,39627894036632240,F,6635.5,4.994,-1.401
4660.000000000241,2.6798765659332275,2.8526103496551514,1.901151180267334,39627894036632240,F,6635.5,4.994,-1.401
4660.800000000241,1.4412477016448975,2.7047770023345947,1.9143316745758057,39627894036632240,F,6635.5,4.994,-1.401
4661.600000000241,1.405236840248108,2.559213399887085,1.9269036054611206,39627894036632240,F,6635.5,4.994,-1.401
4662.400000000242,2.17439341545105,3.071201801300049,1.9207590818405151,39627894036632240,F,6635.5,4.994,-1.401
4663.200000000242,2.4871721267700195,2.723619222640991,1.909942865371704,39627894036632240,F,6635.5,4.994,-1.401
4664.000000000242,1.4923231601715088,2.8260984420776367,1.9084954261779785,39627894036632240,F,6635.5,4.994,-1.401
4664.800000000242,0.7077637910842896,2.7170162200927734,1.9098896980285645,39627894036632240,F,6635.5,4.994,-1.401
4665.600000000242,2.150468111038208,2.912949323654175,1.8922284841537476,39627894036632240,F,6635.5,4.994,-1.401
4666.4000000002425,1.7563178539276123,2.808180093765259,1.8672670125961304,39627894036632240,F,6635.5,4.994,-1.401
4667.200000000243,1.611015796661377,2.982361078262329,1.8722339868545532,39627894036632240,F,6635.5,4.994,-1.401
4668.000000000243,2.6606571674346924,2.741628646850586,1.8962355852127075,39627894036632240,F,6635.5,4.994,-1.401
4668.800000000243,2.0296597480773926,2.9467902183532715,1.9133915901184082,39627894036632240,F,6635.5,4.994,-1.401
4669.600000000243,1.8539783954620361,2.9111506938934326,1.9168370962142944,39627894036632240,F,6635.5,4.994,-1.401
4670.400000000243,2.604188919067383,2.9109976291656494,1.906741976737976,39627894036632240,F,6635.5,4.994,-1.401
4671.200000000244,1.1683964729309082,2.8907408714294434,1.8902921676635742,39627894036632240,F,6635.5,4.994,-1.401
4672.000000000244,2.4006781578063965,2.9877982139587402,1.875973105430603,39627894036632240,F,6635.5,4.994,-1.401
4672.800000000244,2.7717783451080322,2.9226410388946533,1.881325364112854,39627894036632240,F,6635.5,4.994,-1.401
4673.600000000244,1.6652723550796509,3.018864631652832,1.8915177583694458,39627894036632240,F,6635.5,4.994,-1.401
4674.400000000244,2.9422667026519775,2.78863525390625,1.8928697109222412,39627894036632240,F,6635.5,4.994,-1.401
4675.2000000002445,1.0990781784057617,2.954111099243164,1.8906030654907227,39627894036632240,F,6635.5,4.994,-1.401
4676.000000000245,2.514343738555908,2.8342528343200684,1.8889645338058472,39627894036632240,F,6635.5,4.994,-1.401
4676.800000000245,1.7598953247070312,3.0805232524871826,1.8799612522125244,39627894036632240,F,6635.5,4.994,-1.401
4677.600000000245,2.7092232704162598,3.0564470291137695,1.8678209781646729,39627894036632240,F,6635.5,4.994,-1.401
4678.400000000245,1.9146150350570679,3.0188117027282715,1.8750271797180176,39627894036632240,F,6635.5,4.994,-1.401
4679.200000000245,3.4561636447906494,2.8629534244537354,1.8897100687026978,39627894036632240,F,6635.5,4.994,-1.401
4680.000000000246,1.427039623260498,2.993093252182007,1.8939549922943115,39627894036632240,F,6635.5,4.994,-1.401
4680.800000000246,1.8527230024337769,2.9880788326263428,1.8861898183822632,39627894036632240,F,6635.5,4.994,-1.401
4681.600000000246,1.548251748085022,2.825526475906372,1.8881018161773682,39627894036632240,F,6635.5,4.994,-1.401
4682.400000000246,1.5726250410079956,2.8347690105438232,1.8904904127120972,39627894036632240,F,6635.5,4.994,-1.401
4683.200000000246,2.506776809692383,2.899257183074951,1.8941117525100708,39627894036632240,F,6635.5,4.994,-1.401
4684.0000000002465,2.6272575855255127,2.981560230255127,1.8928701877593994,39627894036632240,F,6635.5,4.994,-1.401
4684.800000000247,0.9593319892883301,2.9613912105560303,1.8886374235153198,39627894036632240,F,6635.5,4.994,-1.401
4685.600000000247,1.540822148323059,2.973097801208496,1.8900967836380005,39627894036632240,F,6635.5,4.994,-1.401
4686.400000000247,1.5226507186889648,3.1429972648620605,1.8914532661437988,39627894036632240,F,6635.5,4.994,-1.401
4687.200000000247,1.0531219244003296,2.9673776626586914,1.8904565572738647,39627894036632240,F,6635.5,4.994,-1.401
4688.000000000247,1.8054547309875488,3.174626588821411,1.89262855052948,39627894036632240,F,6635.5,4.994,-1.401
4688.800000000248,1.277612566947937,3.137357234954834,1.8982717990875244,39627894036632240,F,6635.5,4.994,-1.401
4689.600000000248,1.8486344814300537,3.0478463172912598,1.897726058959961,39627894036632240,F,6635.5,4.994,-1.401
4690.400000000248,1.5672844648361206,3.0435550212860107,1.8884025812149048,39627894036632240,F,6635.5,4.994,-1.401
4691.200000000248,1.3447097539901733,2.9360151290893555,1.8890031576156616,39627894036632240,F,6635.5,4.994,-1.401
4692.000000000248,1.3118501901626587,2.832522392272949,1.8911843299865723,39627894036632240,F,6635.5,4.994,-1.401
4692.8000000002485,2.1948721408843994,3.225667953491211,1.89411461353302,39627894036632240,F,6635.5,4.994,-1.401
4693.600000000249,1.9466694593429565,2.907846689224243,1.895622968673706,39627894036632240,F,6635.5,4.994,-1.401
4694.400000000249,2.5533788204193115,3.0111780166625977,1.8960497379302979,39627894036632240,F,6635.5,4.994,-1.401
4695.200000000249,2.1895744800567627,3.1787943840026855,1.8935805559158325,39627894036632240,F,6635.5,4.994,-1.401
4696.000000000249,2.005805492401123,3.1815409660339355,1.8931241035461426,39627894036632240,F,6635.5,4.994,-1.401
4696.800000000249,2.15397572517395,3.075127363204956,1.89900803565979,39627894036632240,F,6635.5,4.994,-1.401
4697.60000000025,1.2554442882537842,3.2471277713775635,1.9017537832260132,39627894036632240,F,6635.5,4.994,-1.401
4698.40000000025,1.4700781106948853,3.090813159942627,1.8938407897949219,39627894036632240,F,6635.5,4.994,-1.401
4699.20000000025,1.5483256578445435,3.090341806411743,1.8878718614578247,39627894036632240,F,6635.5,4.994,-1.401
4700.00000000025,2.1545627117156982,3.024458169937134,1.8861961364746094,39627894036632240,F,6635.5,4.994,-1.401
4700.80000000025,0.7462345361709595,3.152400493621826,1.86751127243042,39627894036632240,F,6635.5,4.994,-1.401
4701.6000000002505,1.7431111335754395,3.0856735706329346,1.8324544429779053,39627894036632240,F,6635.5,4.994,-1.401
4702.400000000251,2.316494941711426,3.0148138999938965,1.8382065296173096,39627894036632240,F,6635.5,4.994,-1.401
4703.200000000251,1.9263826608657837,2.9523963928222656,1.8639198541641235,39627894036632240,F,6635.5,4.994,-1.401
4704.000000000251,0.5946134328842163,3.135035991668701,1.8782240152359009,39627894036632240,F,6635.5,4.994,-1.401
4704.800000000251,2.756178855895996,3.0765533447265625,1.8855719566345215,39627894036632240,F,6635.5,4.994,-1.401
4705.600000000251,2.0687344074249268,3.160512685775757,1.8815157413482666,39627894036632240,F,6635.5,4.994,-1.401
4706.400000000252,1.639454960823059,3.198760986328125,1.864771842956543,39627894036632240,F,6635.5,4.994,-1.401
4707.200000000252,1.4416290521621704,3.25943922996521,1.862898826599121,39627894036632240,F,6635.5,4.994,-1.401
4708.000000000252,2.0241880416870117,3.4223196506500244,1.862691044807434,39627894036632240,F,6635.5,4.994,-1.401
4708.800000000252,1.5440765619277954,3.145630359649658,1.8658416271209717,39627894036632240,F,6635.5,4.994,-1.401
4709.600000000252,2.261800765991211,2.8724026679992676,1.8715027570724487,39627894036632240,F,6635.5,4.994,-1.401
4710.4000000002525,1.936279058456421,3.083381414413452,1.878458857536316,39627894036632240,F,6635.5,4.994,-1.401
4711.200000000253,1.9790455102920532,3.2760732173919678,1.887657880783081,39627894036632240,F,6635.5,4.994,-1.401
4712.000000000253,1.4083874225616455,2.921799659729004,1.8935770988464355,39627894036632240,F,6635.5,4.994,-1.401
4712.800000000253,1.33150315284729,3.126755714416504,1.8821262121200562,39627894036632240,F,6635.5,4.994,-1.401
4713.600000000253,1.8562430143356323,3.1883726119995117,1.8732247352600098,39627894036632240,F,6635.5,4.994,-1.401
4714.400000000253,2.311619281768799,3.4591541290283203,1.8842322826385498,39627894036632240,F,6635.5,4.994,-1.401
4715.200000000254,2.534848928451538,2.9128496646881104,1.8940807580947876,39627894036632240,F,6635.5,4.994,-1.401
4716.000000000254,1.713810682296753,3.016677141189575,1.8961496353149414,39627894036632240,F,6635.5,4.994,-1.401
4716.800000000254,1.516006588935852,3.086446523666382,1.8882306814193726,39627894036632240,F,6635.5,4.994,-1.401
4717.600000000254,2.709630250930786,3.0217652320861816,1.8841009140014648,39627894036632240,F,6635.5,4.994,-1.401
4718.400000000254,1.4682786464691162,3.0550432205200195,1.8930041790008545,39627894036632240,F,6635.5,4.994,-1.401
4719.2000000002545,1.662333369255066,3.120359182357788,1.8930572271347046,39627894036632240,F,6635.5,4.994,-1.401
4720.000000000255,2.551453113555908,3.1401851177215576,1.8792535066604614,39627894036632240,F,6635.5,4.994,-1.401
4720.800000000255,1.7781691551208496,3.282677412033081,1.8671207427978516,39627894036632240,F,6635.5,4.994,-1.401
4721.600000000255,2.420283794403076,3.1511359214782715,1.874446988105774,39627894036632240,F,6635.5,4.994,-1.401
4722.400000000255,0.7190225720405579,3.0491161346435547,1.887892484664917,39627894036632240,F,6635.5,4.994,-1.401
4723.200000000255,1.388668417930603,3.282641649246216,1.891247034072876,39627894036632240,F,6635.5,4.994,-1.401
4724.000000000256,1.7031952142715454,3.1969411373138428,1.8859761953353882,39627894036632240,F,6635.5,4.994,-1.401
4724.800000000256,1.5894436836242676,3.116307020187378,1.8792946338653564,39627894036632240,F,6635.5,4.994,-1.401
4725.600000000256,2.077677011489868,3.010878562927246,1.8723515272140503,39627894036632240,F,6635.5,4.994,-1.401
4726.400000000256,2.4923856258392334,3.312290668487549,1.8697553873062134,39627894036632240,F,6635.5,4.994,-1.401
4727.200000000256,2.2528724670410156,3.105623722076416,1.8766918182373047,39627894036632240,F,6635.5,4.994,-1.401
4728.0000000002565,0.6882557272911072,3.3280696868896484,1.8799182176589966,39627894036632240,F,6635.5,4.994,-1.401
4728.800000000257,2.5313525199890137,3.0331032276153564,1.8807295560836792,39627894036632240,F,6635.5,4.994,-1.401
4729.600000000257,1.6052976846694946,3.3435120582580566,1.8805330991744995,39627894036632240,F,6635.5,4.994,-1.401
4730.400000000257,2.1781458854675293,3.520195960998535,1.8818999528884888,39627894036632240,F,6635.5,4.994,-1.401
4731.200000000257,1.2834548950195312,3.1116552352905273,1.8786033391952515,39627894036632240,F,6635.5,4.994,-1.401
4732.000000000257,1.635711431503296,3.067350387573242,1.8720589876174927,39627894036632240,F,6635.5,4.994,-1.401
4732.800000000258,2.374157428741455,3.307830810546875,1.8698396682739258,39627894036632240,F,6635.5,4.994,-1.401
4733.600000000258,1.2157623767852783,3.114353656768799,1.8749444484710693,39627894036632240,F,6635.5,4.994,-1.401
4734.400000000258,1.7344446182250977,2.9772679805755615,1.871218204498291,39627894036632240,F,6635.5,4.994,-1.401
4735.200000000258,2.0171985626220703,3.4131789207458496,1.8611557483673096,39627894036632240,F,6635.5,4.994,-1.401
4736.000000000258,1.8368449211120605,3.254680871963501,1.861222743988037,39627894036632240,F,6635.5,4.994,-1.401
4736.8000000002585,1.8497737646102905,3.2419116497039795,1.8735257387161255,39627894036632240,F,6635.5,4.994,-1.401
4737.600000000259,1.9575492143630981,3.168348550796509,1.8803155422210693,39627894036632240,F,6635.5,4.994,-1.401
4738.400000000259,1.2144633531570435,3.254995107650757,1.882922649383545,39627894036632240,F,6635.5,4.994,-1.401
4739.200000000259,2.694187879562378,3.0925238132476807,1.8828829526901245,39627894036632240,F,6635.5,4.994,-1.401
4740.000000000259,2.45051646232605,3.0777196884155273,1.8768254518508911,39627894036632240,F,6635.5,4.994,-1.401
4740.800000000259,1.0719976425170898,3.2298696041107178,1.8768643140792847,39627894036632240,F,6635.5,4.994,-1.401
4741.60000000026,1.2502106428146362,3.2781457901000977,1.8815103769302368,39627894036632240,F,6635.5,4.994,-1.401
4742.40000000026,1.1422646045684814,3.1681389808654785,1.8798716068267822,39627894036632240,F,6635.5,4.994,-1.401
4743.20000000026,1.6136025190353394,3.3647878170013428,1.8746273517608643,39627894036632240,F,6635.5,4.994,-1.401
4744.00000000026,1.9566478729248047,3.125974178314209,1.8744068145751953,39627894036632240,F,6635.5,4.994,-1.401
4744.80000000026,1.9528084993362427,3.147152900695801,1.8756873607635498,39627894036632240,F,6635.5,4.994,-1.401
4745.6000000002605,1.7792243957519531,3.181007146835327,1.880035161972046,39627894036632240,F,6635.5,4.994,-1.401
4746.400000000261,1.8203942775726318,3.031639575958252,1.8761844635009766,39627894036632240,F,6635.5,4.994,-1.401
4747.200000000261,1.8603968620300293,3.152418375015259,1.873304843902588,39627894036632240,F,6635.5,4.994,-1.401
4748.000000000261,2.086815118789673,3.232322931289673,1.8762317895889282,39627894036632240,F,6635.5,4.994,-1.401
4748.800000000261,1.3382173776626587,3.2095916271209717,1.8719279766082764,39627894036632240,F,6635.5,4.994,-1.401
4749.600000000261,2.751715898513794,3.2993075847625732,1.865956425666809,39627894036632240,F,6635.5,4.994,-1.401
4750.400000000262,1.6169908046722412,3.363133430480957,1.8652690649032593,39627894036632240,F,6635.5,4.994,-1.401
4751.200000000262,1.4610300064086914,3.1080422401428223,1.8648943901062012,39627894036632240,F,6635.5,4.994,-1.401
4752.000000000262,1.9790760278701782,3.326477289199829,1.8568778038024902,39627894036632240,F,6635.5,4.994,-1.401
4752.800000000262,1.9839177131652832,3.2885830402374268,1.8503401279449463,39627894036632240,F,6635.5,4.994,-1.401
4753.600000000262,1.656264305114746,3.1947076320648193,1.8628991842269897,39627894036632240,F,6635.5,4.994,-1.401
4754.4000000002625,1.8558465242385864,3.3214111328125,1.8696930408477783,39627894036632240,F,6635.5,4.994,-1.401
4755.200000000263,1.1075749397277832,3.1957836151123047,1.8587003946304321,39627894036632240,F,6635.5,4.994,-1.401
4756.000000000263,2.089235782623291,3.197434902191162,1.8592491149902344,39627894036632240,F,6635.5,4.994,-1.401
4756.800000000263,2.250509023666382,3.144414186477661,1.8664546012878418,39627894036632240,F,6635.5,4.994,-1.401
4757.600000000263,2.439751625061035,3.3299553394317627,1.8649777173995972,39627894036632240,F,6635.5,4.994,-1.401
4758.400000000263,1.9364653825759888,3.237638473510742,1.8633508682250977,39627894036632240,F,6635.5,4.994,-1.401
4759.200000000264,2.3929176330566406,3.1412839889526367,1.8638414144515991,39627894036632240,F,6635.5,4.994,-1.401
4760.000000000264,2.4595439434051514,2.9723398685455322,1.85759699344635,39627894036632240,F,6635.5,4.994,-1.401
4760.800000000264,1.7746589183807373,3.2849647998809814,1.8513890504837036,39627894036632240,F,6635.5,4.994,-1.401
4761.600000000264,1.9490739107131958,3.1045737266540527,1.8562644720077515,39627894036632240,F,6635.5,4.994,-1.401
4762.400000000264,1.341293454170227,3.219942569732666,1.867266058921814,39627894036632240,F,6635.5,4.994,-1.401
4763.2000000002645,2.955073833465576,3.1000447273254395,1.8744126558303833,39627894036632240,F,6635.5,4.994,-1.401
4764.000000000265,1.6991549730300903,3.1485350131988525,1.8686434030532837,39627894036632240,F,6635.5,4.994,-1.401
4764.800000000265,1.8262560367584229,3.2960126399993896,1.855634093284607,39627894036632240,F,6635.5,4.994,-1.401
4765.600000000265,1.7272447347640991,3.224146842956543,1.856162190437317,39627894036632240,F,6635.5,4.994,-1.401
4766.400000000265,2.016244411468506,3.370987892150879,1.857316493988037,39627894036632240,F,6635.5,4.994,-1.401
4767.200000000265,1.7660467624664307,3.4477667808532715,1.857221245765686,39627894036632240,F,6635.5,4.994,-1.401
4768.000000000266,1.5497620105743408,3.456188678741455,1.8648256063461304,39627894036632240,F,6635.5,4.994,-1.401
4768.800000000266,2.187904119491577,3.27705717086792,1.868046760559082,39627894036632240,F,6635.5,4.994,-1.401
4769.600000000266,0.5241162776947021,3.2166035175323486,1.8650856018066406,39627894036632240,F,6635.5,4.994,-1.401
4770.400000000266,2.5167951583862305,3.224334716796875,1.8623894453048706,39627894036632240,F,6635.5,4.994,-1.401
4771.200000000266,2.255706787109375,3.0639872550964355,1.8559850454330444,39627894036632240,F,6635.5,4.994,-1.401
4772.0000000002665,2.0311946868896484,3.385546922683716,1.8544572591781616,39627894036632240,F,6635.5,4.994,-1.401
4772.800000000267,2.9412450790405273,3.289907693862915,1.863263726234436,39627894036632240,F,6635.5,4.994,-1.401
4773.600000000267,2.164393424987793,3.383502721786499,1.8672189712524414,39627894036632240,F,6635.5,4.994,-1.401
4774.400000000267,1.3258951902389526,3.423177719116211,1.8708614110946655,39627894036632240,F,6635.5,4.994,-1.401
4775.200000000267,2.631840944290161,3.131883144378662,1.8682854175567627,39627894036632240,F,6635.5,4.994,-1.401
4776.000000000267,1.7790030241012573,3.231238842010498,1.8626306056976318,39627894036632240,F,6635.5,4.994,-1.401
4776.800000000268,2.451416492462158,3.2560086250305176,1.8628860712051392,39627894036632240,F,6635.5,4.994,-1.401
4777.600000000268,1.9248939752578735,3.2442984580993652,1.8615914583206177,39627894036632240,F,6635.5,4.994,-1.401
4778.400000000268,1.8906162977218628,3.144617795944214,1.8577412366867065,39627894036632240,F,6635.5,4.994,-1.401
4779.200000000268,1.7786507606506348,3.059683084487915,1.8532452583312988,39627894036632240,F,6635.5,4.994,-1.401
4780.000000000268,0.8347408175468445,3.428318977355957,1.853979229927063,39627894036632240,F,6635.5,4.994,-1.401
4780.8000000002685,2.2520272731781006,3.354473114013672,1.8537156581878662,39627894036632240,F,6635.5,4.994,-1.401
4781.600000000269,1.9220975637435913,3.3571979999542236,1.847275733947754,39627894036632240,F,6635.5,4.994,-1.401
4782.400000000269,1.5487146377563477,3.1582775115966797,1.8422260284423828,39627894036632240,F,6635.5,4.994,-1.401
4783.200000000269,1.8572763204574585,3.3558273315429688,1.8521620035171509,39627894036632240,F,6635.5,4.994,-1.401
4784.000000000269,1.8210711479187012,3.282971143722534,1.8571115732192993,39627894036632240,F,6635.5,4.994,-1.401
4784.800000000269,1.852673053741455,3.2191765308380127,1.8538761138916016,39627894036632240,F,6635.5,4.994,-1.401
4785.60000000027,1.3472837209701538,3.170931816101074,1.8447092771530151,39627894036632240,F,6635.5,4.994,-1.401
4786.40000000027,2.201610565185547,3.4309232234954834,1.8473140001296997,39627894036632240,F,6635.5,4.994,-1.401
4787.20000000027,2.1107606887817383,3.2155063152313232,1.8466068506240845,39627894036632240,F,6635.5,4.994,-1.401
4788.00000000027,2.1636645793914795,3.325718641281128,1.8433095216751099,39627894036632240,F,6635.5,4.994,-1.401
4788.80000000027,1.7180339097976685,3.4628098011016846,1.847378134727478,39627894036632240,F,6635.5,4.994,-1.401
4789.6000000002705,1.5334022045135498,3.2278218269348145,1.8588253259658813,39627894036632240,F,6635.5,4.994,-1.401
4790.400000000271,2.2319862842559814,3.308849334716797,1.8626123666763306,39627894036632240,F,6635.5,4.994,-1.401
4791.200000000271,2.470118522644043,3.1000466346740723,1.860209345817566,39627894036632240,F,6635.5,4.994,-1.401
4792.000000000271,1.2169878482818604,3.4435219764709473,1.856508731842041,39627894036632240,F,6635.5,4.994,-1.401
4792.800000000271,1.286665439605713,3.278167963027954,1.8556389808654785,39627894036632240,F,6635.5,4.994,-1.401
4793.600000000271,1.3122713565826416,3.229992628097534,1.8585224151611328,39627894036632240,F,6635.5,4.994,-1.401
4794.400000000272,2.744953155517578,3.1401150226593018,1.8573577404022217,39627894036632240,F,6635.5,4.994,-1.401
4795.200000000272,2.449902296066284,3.4795074462890625,1.858737826347351,39627894036632240,F,6635.5,4.994,-1.401
4796.000000000272,1.7037371397018433,3.3899097442626953,1.8630077838897705,39627894036632240,F,6635.5,4.994,-1.401
4796.800000000272,1.9868981838226318,3.4291176795959473,1.8627060651779175,39627894036632240,F,6635.5,4.994,-1.401
4797.600000000272,2.6390926837921143,3.3485054969787598,1.8608838319778442,39627894036632240,F,6635.5,4.994,-1.401
4798.4000000002725,1.7621595859527588,3.2482831478118896,1.8601363897323608,39627894036632240,F,6635.5,4.994,-1.401
4799.200000000273,2.2564659118652344,3.4761641025543213,1.8566813468933105,39627894036632240,F,6635.5,4.994,-1.401
4800.000000000273,1.563062310218811,3.19608998298645,1.8528374433517456,39627894036632240,F,6635.5,4.994,-1.401
4800.800000000273,2.9467599391937256,3.5184926986694336,1.8497179746627808,39627894036632240,F,6635.5,4.994,-1.401
4801.600000000273,2.1343820095062256,3.0921199321746826,1.849056601524353,39627894036632240,F,6635.5,4.994,-1.401
4802.400000000273,1.9744477272033691,3.5262043476104736,1.8520338535308838,39627894036632240,F,6635.5,4.994,-1.401
4803.200000000274,1.534152865409851,3.5724587440490723,1.8516937494277954,39627894036632240,F,6635.5,4.994,-1.401
4804.000000000274,2.273421287536621,3.6997029781341553,1.8468083143234253,39627894036632240,F,6635.5,4.994,-1.401
4804.800000000274,1.1241190433502197,3.828927993774414,1.854449987411499,39627894036632240,F,6635.5,4.994,-1.401
4805.600000000274,1.6924551725387573,3.6549456119537354,1.8599426746368408,39627894036632240,F,6635.5,4.994,-1.401
4806.400000000274,1.163626790046692,3.445389747619629,1.855350375175476,39627894036632240,F,6635.5,4.994,-1.401
4807.2000000002745,2.056511402130127,3.67767333984375,1.856052279472351,39627894036632240,F,6635.5,4.994,-1.401
4808.000000000275,1.6204373836517334,3.805755853652954,1.8582664728164673,39627894036632240,F,6635.5,4.994,-1.401
4808.800000000275,1.5743144750595093,3.9459309577941895,1.8466829061508179,39627894036632240,F,6635.5,4.994,-1.401
4809.600000000275,1.8602290153503418,3.5864827632904053,1.840813398361206,39627894036632240,F,6635.5,4.994,-1.401
4810.400000000275,1.9375495910644531,3.6066577434539795,1.8559826612472534,39627894036632240,F,6635.5,4.994,-1.401
4811.200000000275,0.995753824710846,3.7700142860412598,1.8604880571365356,39627894036632240,F,6635.5,4.994,-1.401
4812.000000000276,2.4366488456726074,3.7994954586029053,1.851465106010437,39627894036632240,F,6635.5,4.994,-1.401
4812.800000000276,2.192072629928589,3.590301990509033,1.8465687036514282,39627894036632240,F,6635.5,4.994,-1.401
4813.600000000276,1.7107000350952148,3.751140832901001,1.8522120714187622,39627894036632240,F,6635.5,4.994,-1.401
4814.400000000276,2.044292688369751,3.699984550476074,1.8623875379562378,39627894036632240,F,6635.5,4.994,-1.401
4815.200000000276,1.939560890197754,3.8647239208221436,1.8632622957229614,39627894036632240,F,6635.5,4.994,-1.401
4816.0000000002765,2.36879825592041,3.8325304985046387,1.855027675628662,39627894036632240,F,6635.5,4.994,-1.401
4816.800000000277,2.5236449241638184,3.147082567214966,1.845605731010437,39627894036632240,F,6635.5,4.994,-1.401
4817.600000000277,1.683754801750183,3.7361044883728027,1.8459022045135498,39627894036632240,F,6635.5,4.994,-1.401
4818.400000000277,0.43394821882247925,3.508765935897827,1.8487467765808105,39627894036632240,F,6635.5,4.994,-1.401
4819.200000000277,1.9075335264205933,3.6244709491729736,1.8503445386886597,39627894036632240,F,6635.5,4.994,-1.401
4820.000000000277,2.330507516860962,3.632852554321289,1.8466812372207642,39627894036632240,F,6635.5,4.994,-1.401
4820.800000000278,2.4486072063446045,3.607027769088745,1.8413865566253662,39627894036632240,F,6635.5,4.994,-1.401
4821.600000000278,2.423517942428589,3.798780918121338,1.835794448852539,39627894036632240,F,6635.5,4.994,-1.401
4822.400000000278,2.5377731323242188,3.5596678256988525,1.8284595012664795,39627894036632240,F,6635.5,4.994,-1.401
4823.200000000278,1.3875521421432495,3.5383706092834473,1.8374788761138916,39627894036632240,F,6635.5,4.994,-1.401
4824.000000000278,1.9550414085388184,3.529412031173706,1.851817011833191,39627894036632240,F,6635.5,4.994,-1.401
4824.8000000002785,1.3434367179870605,3.8016037940979004,1.859899878501892,39627894036632240,F,6635.5,4.994,-1.401
4825.600000000279,2.35046124458313,3.669060707092285,1.8551080226898193,39627894036632240,F,6635.5,4.994,-1.401
4826.400000000279,1.9897288084030151,3.5576798915863037,1.8473268747329712,39627894036632240,F,6635.5,4.994,-1.401
4827.200000000279,1.609330654144287,3.445286750793457,1.839094638824463,39627894036632240,F,6635.5,4.994,-1.401
4828.000000000279,0.9483543038368225,3.761345624923706,1.8326561450958252,39627894036632240,F,6635.5,4.994,-1.401
4828.800000000279,2.351116180419922,3.6936686038970947,1.8334578275680542,39627894036632240,F,6635.5,4.994,-1.401
4829.60000000028,1.1477974653244019,3.706174612045288,1.8317183256149292,39627894036632240,F,6635.5,4.994,-1.401
4830.40000000028,2.1084535121917725,3.7256667613983154,1.8338463306427002,39627894036632240,F,6635.5,4.994,-1.401
4831.20000000028,2.134476900100708,3.6925172805786133,1.8447883129119873,39627894036632240,F,6635.5,4.994,-1.401
4832.00000000028,1.2842730283737183,3.852975606918335,1.850226879119873,39627894036632240,F,6635.5,4.994,-1.401
4832.80000000028,1.315129041671753,3.7734479904174805,1.846453070640564,39627894036632240,F,6635.5,4.994,-1.401
4833.6000000002805,2.149583101272583,3.6799795627593994,1.8395663499832153,39627894036632240,F,6635.5,4.994,-1.401
4834.400000000281,2.250181198120117,3.7132744789123535,1.8421472311019897,39627894036632240,F,6635.5,4.994,-1.401
4835.200000000281,2.2755565643310547,3.618223190307617,1.8477084636688232,39627894036632240,F,6635.5,4.994,-1.401
4836.000000000281,2.6228654384613037,3.8331050872802734,1.8396966457366943,39627894036632240,F,6635.5,4.994,-1.401
4836.800000000281,2.4498610496520996,3.61434268951416,1.8299238681793213,39627894036632240,F,6635.5,4.994,-1.401
4837.600000000281,2.0256927013397217,3.4926400184631348,1.8253434896469116,39627894036632240,F,6635.5,4.994,-1.401
4838.400000000282,1.6788218021392822,3.817805767059326,1.8263869285583496,39627894036632240,F,6635.5,4.994,-1.401
4839.200000000282,1.8278357982635498,3.6750600337982178,1.8255319595336914,39627894036632240,F,6635.5,4.994,-1.401
4840.000000000282,1.4424235820770264,3.774311065673828,1.820024013519287,39627894036632240,F,6635.5,4.994,-1.401
4840.800000000282,1.1782852411270142,3.515089511871338,1.8202674388885498,39627894036632240,F,6635.5,4.994,-1.401
4841.600000000282,1.2155251502990723,3.7473037242889404,1.8209530115127563,39627894036632240,F,6635.5,4.994,-1.401
4842.4000000002825,2.2239317893981934,3.920830011367798,1.8230136632919312,39627894036632240,F,6635.5,4.994,-1.401
4843.200000000283,2.7046375274658203,3.8561055660247803,1.8236134052276611,39627894036632240,F,6635.5,4.994,-1.401
4844.000000000283,1.0322617292404175,3.53144907951355,1.8194148540496826,39627894036632240,F,6635.5,4.994,-1.401
4844.800000000283,1.7069852352142334,4.108896255493164,1.8190338611602783,39627894036632240,F,6635.5,4.994,-1.401
4845.600000000283,1.464982271194458,4.176912784576416,1.8239774703979492,39627894036632240,F,6635.5,4.994,-1.401
4846.400000000283,1.7422783374786377,4.165788173675537,1.8234410285949707,39627894036632240,F,6635.5,4.994,-1.401
4847.200000000284,1.8849706649780273,3.684218645095825,1.8198689222335815,39627894036632240,F,6635.5,4.994,-1.401
4848.000000000284,1.9455806016921997,3.975606679916382,1.8171640634536743,39627894036632240,F,6635.5,4.994,-1.401
4848.800000000284,1.9557973146438599,3.731928586959839,1.8045518398284912,39627894036632240,F,6635.5,4.994,-1.401
4849.600000000284,1.486494541168213,4.149038791656494,1.792794942855835,39627894036632240,F,6635.5,4.994,-1.401
4850.400000000284,2.697765350341797,3.9036524295806885,1.7807117700576782,39627894036632240,F,6635.5,4.994,-1.401
4851.2000000002845,1.777058720588684,4.151310443878174,1.768706202507019,39627894036632240,F,6635.5,4.994,-1.401
4852.000000000285,1.9352647066116333,3.9320952892303467,1.7582327127456665,39627894036632240,F,6635.5,4.994,-1.401
4852.800000000285,0.8804360628128052,4.149590015411377,1.7480400800704956,39627894036632240,F,6635.5,4.994,-1.401
4853.600000000285,1.2893133163452148,3.8436484336853027,1.735124111175537,39627894036632240,F,6635.5,4.994,-1.401
4854.400000000285,2.4872419834136963,3.7652201652526855,1.7215781211853027,39627894036632240,F,6635.5,4.994,-1.401
4855.200000000285,1.3503634929656982,3.867684841156006,1.7013415098190308,39627894036632240,F,6635.5,4.994,-1.401
4856.000000000286,1.7758046388626099,3.8874380588531494,1.6625791788101196,39627894036632240,F,6635.5,4.994,-1.401
4856.800000000286,1.4653440713882446,3.903071880340576,1.6120190620422363,39627894036632240,F,6635.5,4.994,-1.401
4857.600000000286,1.8009954690933228,4.314289569854736,1.5410349369049072,39627894036632240,F,6635.5,4.994,-1.401
4858.400000000286,1.279494047164917,4.184147834777832,1.4103333950042725,39627894036632240,F,6635.5,4.994,-1.401
4859.200000000286,0.9418614506721497,4.039190769195557,1.1915587186813354,39627894036632240,F,6635.5,4.994,-1.401
4860.0000000002865,0.641200065612793,4.169391632080078,0.9808773398399353,39627894036632240,F,6635.5,4.994,-1.401
4860.800000000287,0.9210033416748047,4.348606586456299,1.0516278743743896,39627894036632240,F,6635.5,4.994,-1.401
4861.600000000287,0.5126652717590332,4.119912147521973,1.2935744524002075,39627894036632240,F,6635.5,4.994,-1.401
4862.400000000287,1.2379597425460815,4.073612213134766,1.4790711402893066,39627894036632240,F,6635.5,4.994,-1.401
4863.200000000287,0.2232227474451065,3.732058525085449,1.5787278413772583,39627894036632240,F,6635.5,4.994,-1.401
4864.000000000287,1.973594069480896,3.613286018371582,1.636691927909851,39627894036632240,F,6635.5,4.994,-1.401
4864.800000000288,1.8734991550445557,4.286825656890869,1.6705431938171387,39627894036632240,F,6635.5,4.994,-1.401
4865.600000000288,1.807159185409546,4.096336841583252,1.6957100629806519,39627894036632240,F,6635.5,4.994,-1.401
4866.400000000288,0.9984117746353149,4.383743762969971,1.7235461473464966,39627894036632240,F,6635.5,4.994,-1.401
4867.200000000288,1.6928207874298096,4.036789417266846,1.7458440065383911,39627894036632240,F,6635.5,4.994,-1.401
4868.000000000288,1.907909870147705,4.190216064453125,1.7581040859222412,39627894036632240,F,6635.5,4.994,-1.401
4868.8000000002885,1.4349323511123657,4.088164806365967,1.7543318271636963,39627894036632240,F,6635.5,4.994,-1.401
4869.600000000289,2.057800054550171,3.9508216381073,1.7280250787734985,39627894036632240,F,6635.5,4.994,-1.401
4870.400000000289,1.202519416809082,4.191749095916748,1.6936590671539307,39627894036632240,F,6635.5,4.994,-1.401
4871.200000000289,1.2587354183197021,4.186174392700195,1.7096587419509888,39627894036632240,F,6635.5,4.994,-1.401
4872.000000000289,2.0191941261291504,4.157261371612549,1.7602384090423584,39627894036632240,F,6635.5,4.994,-1.401
4872.800000000289,1.8681303262710571,4.124175071716309,1.7921751737594604,39627894036632240,F,6635.5,4.994,-1.401
4873.60000000029,1.5269429683685303,3.8810205459594727,1.8018909692764282,39627894036632240,F,6635.5,4.994,-1.401
4874.40000000029,1.2418231964111328,3.9304373264312744,1.8075093030929565,39627894036632240,F,6635.5,4.994,-1.401
4875.20000000029,1.4957008361816406,4.029674053192139,1.8107506036758423,39627894036632240,F,6635.5,4.994,-1.401
4876.00000000029,2.350754499435425,3.9776103496551514,1.7949724197387695,39627894036632240,F,6635.5,4.994,-1.401
4876.80000000029,2.5984644889831543,4.296988010406494,1.7707568407058716,39627894036632240,F,6635.5,4.994,-1.401
4877.6000000002905,1.9356708526611328,3.9007728099823,1.7760478258132935,39627894036632240,F,6635.5,4.994,-1.401
4878.400000000291,2.0655863285064697,4.067942142486572,1.798781156539917,39627894036632240,F,6635.5,4.994,-1.401
4879.200000000291,1.6879124641418457,4.062817096710205,1.8123599290847778,39627894036632240,F,6635.5,4.994,-1.401
4880.000000000291,2.13940167427063,3.99037504196167,1.8160152435302734,39627894036632240,F,6635.5,4.994,-1.401
4880.800000000291,1.241468906402588,3.6114253997802734,1.8176548480987549,39627894036632240,F,6635.5,4.994,-1.401
4881.600000000291,1.5562785863876343,3.8185508251190186,1.8257415294647217,39627894036632240,F,6635.5,4.994,-1.401
4882.400000000292,1.9990689754486084,3.9419219493865967,1.8296068906784058,39627894036632240,F,6635.5,4.994,-1.401
4883.200000000292,1.8995084762573242,4.013957500457764,1.8241751194000244,39627894036632240,F,6635.5,4.994,-1.401
4884.000000000292,1.1269705295562744,3.9395625591278076,1.8136123418807983,39627894036632240,F,6635.5,4.994,-1.401
4884.800000000292,1.6221182346343994,3.7824480533599854,1.8100274801254272,39627894036632240,F,6635.5,4.994,-1.401
4885.600000000292,2.239370584487915,3.9031896591186523,1.8102891445159912,39627894036632240,F,6635.5,4.994,-1.401
4886.4000000002925,2.1582298278808594,4.011983871459961,1.8132760524749756,39627894036632240,F,6635.5,4.994,-1.401
4887.200000000293,2.1065011024475098,3.9444315433502197,1.8154605627059937,39627894036632240,F,6635.5,4.994,-1.401
4888.000000000293,2.442657470703125,4.129509925842285,1.8084625005722046,39627894036632240,F,6635.5,4.994,-1.401
4888.800000000293,1.6187599897384644,4.089474201202393,1.7790591716766357,39627894036632240,F,6635.5,4.994,-1.401
4889.600000000293,1.4417648315429688,3.8887035846710205,1.7204898595809937,39627894036632240,F,6635.5,4.994,-1.401
4890.400000000293,1.9597381353378296,4.109490394592285,1.7057534456253052,39627894036632240,F,6635.5,4.994,-1.401
4891.200000000294,2.0321896076202393,3.9478557109832764,1.764664649963379,39627894036632240,F,6635.5,4.994,-1.401
4892.000000000294,2.7084343433380127,3.7282278537750244,1.8142045736312866,39627894036632240,F,6635.5,4.994,-1.401
4892.800000000294,1.9777264595031738,4.05266809463501,1.8315378427505493,39627894036632240,F,6635.5,4.994,-1.401
4893.600000000294,2.16460919380188,3.837259531021118,1.8239984512329102,39627894036632240,F,6635.5,4.994,-1.401
4894.400000000294,1.566112756729126,3.9948649406433105,1.8175643682479858,39627894036632240,F,6635.5,4.994,-1.401
4895.2000000002945,2.007384777069092,3.8728530406951904,1.8170281648635864,39627894036632240,F,6635.5,4.994,-1.401
4896.000000000295,2.525219678878784,4.0698347091674805,1.8161201477050781,39627894036632240,F,6635.5,4.994,-1.401
4896.800000000295,1.8662638664245605,3.871936559677124,1.8148283958435059,39627894036632240,F,6635.5,4.994,-1.401
4897.600000000295,1.8374221324920654,4.040907859802246,1.815330982208252,39627894036632240,F,6635.5,4.994,-1.401
4898.400000000295,1.6714519262313843,3.865421772003174,1.8173497915267944,39627894036632240,F,6635.5,4.994,-1.401
4899.200000000295,1.0236836671829224,3.97522234916687,1.8217840194702148,39627894036632240,F,6635.5,4.994,-1.401
4900.000000000296,1.8791989088058472,4.17778205871582,1.8279175758361816,39627894036632240,F,6635.5,4.994,-1.401
4900.800000000296,0.9752160906791687,3.9734652042388916,1.8270983695983887,39627894036632240,F,6635.5,4.994,-1.401
4901.600000000296,2.428694486618042,4.131371974945068,1.8052277565002441,39627894036632240,F,6635.5,4.994,-1.401
4902.400000000296,1.4834189414978027,3.837900161743164,1.7854820489883423,39627894036632240,F,6635.5,4.994,-1.401
4903.200000000296,0.7692511081695557,4.149059772491455,1.793121337890625,39627894036632240,F,6635.5,4.994,-1.401
4904.0000000002965,1.4114375114440918,4.044736862182617,1.8092124462127686,39627894036632240,F,6635.5,4.994,-1.401
4904.800000000297,1.9080432653427124,3.8900563716888428,1.8143129348754883,39627894036632240,F,6635.5,4.994,-1.401
4905.600000000297,1.570273995399475,3.7542572021484375,1.8145155906677246,39627894036632240,F,6635.5,4.994,-1.401
4906.400000000297,2.025235652923584,3.794684886932373,1.8153057098388672,39627894036632240,F,6635.5,4.994,-1.401
4907.200000000297,2.2009541988372803,4.155911445617676,1.8145610094070435,39627894036632240,F,6635.5,4.994,-1.401
4908.000000000297,1.851638674736023,4.106029510498047,1.8074322938919067,39627894036632240,F,6635.5,4.994,-1.401
4908.800000000298,2.0956106185913086,3.876357078552246,1.795322060585022,39627894036632240,F,6635.5,4.994,-1.401
4909.600000000298,1.788671612739563,4.430909156799316,1.792382001876831,39627894036632240,F,6635.5,4.994,-1.401
4910.400000000298,1.9449011087417603,4.062787055969238,1.8071645498275757,39627894036632240,F,6635.5,4.994,-1.401
4911.200000000298,1.6578788757324219,4.026025295257568,1.8192616701126099,39627894036632240,F,6635.5,4.994,-1.401
4912.000000000298,2.4135544300079346,4.1735358238220215,1.8187772035598755,39627894036632240,F,6635.5,4.994,-1.401
4912.8000000002985,1.5327726602554321,3.970860481262207,1.8185837268829346,39627894036632240,F,6635.5,4.994,-1.401
4913.600000000299,2.0739052295684814,4.178703784942627,1.823097825050354,39627894036632240,F,6635.5,4.994,-1.401
4914.400000000299,1.128720998764038,4.109694004058838,1.819391131401062,39627894036632240,F,6635.5,4.994,-1.401
4915.200000000299,2.4535696506500244,4.406834602355957,1.8139442205429077,39627894036632240,F,6635.5,4.994,-1.401
4916.000000000299,2.146533966064453,4.256412982940674,1.8053942918777466,39627894036632240,F,6635.5,4.994,-1.401
4916.800000000299,0.9744976758956909,4.034212112426758,1.781076192855835,39627894036632240,F,6635.5,4.994,-1.401
4917.6000000003,1.3312528133392334,4.19096040725708,1.741998553276062,39627894036632240,F,6635.5,4.994,-1.401
4918.4000000003,1.647409439086914,4.206323146820068,1.7254856824874878,39627894036632240,F,6635.5,4.994,-1.401
4919.2000000003,2.2741293907165527,4.484699726104736,1.7253227233886719,39627894036632240,F,6635.5,4.994,-1.401
4920.0000000003,1.5623221397399902,4.2117156982421875,1.7675036191940308,39627894036632240,F,6635.5,4.994,-1.401
4920.8000000003,0.9336862564086914,4.360229969024658,1.8051857948303223,39627894036632240,F,6635.5,4.994,-1.401
4921.6000000003005,1.955184817314148,4.400264739990234,1.818015217781067,39627894036632240,F,6635.5,4.994,-1.401
4922.400000000301,2.059790849685669,4.070297718048096,1.8166707754135132,39627894036632240,F,6635.5,4.994,-1.401
4923.200000000301,2.137242078781128,4.202410697937012,1.8144078254699707,39627894036632240,F,6635.5,4.994,-1.401
4924.000000000301,2.291538715362549,3.958869457244873,1.8200962543487549,39627894036632240,F,6635.5,4.994,-1.401
4924.800000000301,2.6608054637908936,4.312826633453369,1.8221956491470337,39627894036632240,F,6635.5,4.994,-1.401
4925.600000000301,1.993464708328247,4.337109088897705,1.8207027912139893,39627894036632240,F,6635.5,4.994,-1.401
4926.400000000302,2.069607973098755,4.044003009796143,1.8169034719467163,39627894036632240,F,6635.5,4.994,-1.401
4927.200000000302,1.6578034162521362,4.0755486488342285,1.8133749961853027,39627894036632240,F,6635.5,4.994,-1.401
4928.000000000302,2.178135871887207,4.2359819412231445,1.8114259243011475,39627894036632240,F,6635.5,4.994,-1.401
4928.800000000302,1.139248013496399,4.330767631530762,1.8130512237548828,39627894036632240,F,6635.5,4.994,-1.401
4929.600000000302,0.9751448631286621,4.155515193939209,1.8167282342910767,39627894036632240,F,6635.5,4.994,-1.401
4930.4000000003025,1.3690131902694702,3.968541383743286,1.8185890913009644,39627894036632240,F,6635.5,4.994,-1.401
4931.200000000303,2.1947121620178223,3.963468074798584,1.8160810470581055,39627894036632240,F,6635.5,4.994,-1.401
4932.000000000303,0.7486847639083862,4.41466760635376,1.7974904775619507,39627894036632240,F,6635.5,4.994,-1.401
4932.800000000303,1.544116735458374,4.012808322906494,1.7818443775177002,39627894036632240,F,6635.5,4.994,-1.401
4933.600000000303,1.9119377136230469,3.949916124343872,1.7987792491912842,39627894036632240,F,6635.5,4.994,-1.401
4934.400000000303,2.6535377502441406,4.0877366065979,1.8090955018997192,39627894036632240,F,6635.5,4.994,-1.401
4935.200000000304,1.5108819007873535,4.306062698364258,1.8048921823501587,39627894036632240,F,6635.5,4.994,-1.401
4936.000000000304,1.788533329963684,4.103470802307129,1.7967907190322876,39627894036632240,F,6635.5,4.994,-1.401
4936.800000000304,0.9932019114494324,4.049342632293701,1.7841360569000244,39627894036632240,F,6635.5,4.994,-1.401
4937.600000000304,2.785708427429199,4.457521915435791,1.7662941217422485,39627894036632240,F,6635.5,4.994,-1.401
4938.400000000304,1.4746628999710083,4.266800403594971,1.7736485004425049,39627894036632240,F,6635.5,4.994,-1.401
4939.2000000003045,1.980273723602295,4.274592399597168,1.7969492673873901,39627894036632240,F,6635.5,4.994,-1.401
4940.000000000305,1.234791874885559,4.468494415283203,1.8109368085861206,39627894036632240,F,6635.5,4.994,-1.401
4940.800000000305,1.7543320655822754,4.238818168640137,1.8111964464187622,39627894036632240,F,6635.5,4.994,-1.401
4941.600000000305,2.0110976696014404,4.236431121826172,1.814189076423645,39627894036632240,F,6635.5,4.994,-1.401
4942.400000000305,2.2857494354248047,4.3568291664123535,1.8201103210449219,39627894036632240,F,6635.5,4.994,-1.401
4943.200000000305,1.4318584203720093,4.095865726470947,1.8199212551116943,39627894036632240,F,6635.5,4.994,-1.401
4944.000000000306,1.4432988166809082,4.258981704711914,1.8128267526626587,39627894036632240,F,6635.5,4.994,-1.401
4944.800000000306,1.3554890155792236,4.154952049255371,1.8061996698379517,39627894036632240,F,6635.5,4.994,-1.401
4945.600000000306,2.340852737426758,4.31886100769043,1.8066046237945557,39627894036632240,F,6635.5,4.994,-1.401
4946.400000000306,2.0586435794830322,4.16481351852417,1.8107311725616455,39627894036632240,F,6635.5,4.994,-1.401
4947.200000000306,1.9776387214660645,4.111774444580078,1.8125189542770386,39627894036632240,F,6635.5,4.994,-1.401
4948.0000000003065,2.2453041076660156,4.298245906829834,1.8140662908554077,39627894036632240,F,6635.5,4.994,-1.401
4948.800000000307,1.3904991149902344,4.33642053604126,1.8122330904006958,39627894036632240,F,6635.5,4.994,-1.401
4949.600000000307,1.365164041519165,4.044487476348877,1.8117477893829346,39627894036632240,F,6635.5,4.994,-1.401
4950.400000000307,1.6867501735687256,4.422168254852295,1.8137297630310059,39627894036632240,F,6635.5,4.994,-1.401
4951.200000000307,1.267231822013855,4.343995571136475,1.8147221803665161,39627894036632240,F,6635.5,4.994,-1.401
4952.000000000307,1.551462173461914,4.154185771942139,1.8126200437545776,39627894036632240,F,6635.5,4.994,-1.401
4952.800000000308,1.8919405937194824,4.4069695472717285,1.8102871179580688,39627894036632240,F,6635.5,4.994,-1.401
4953.600000000308,1.7113043069839478,4.310929298400879,1.804287075996399,39627894036632240,F,6635.5,4.994,-1.401
4954.400000000308,2.067049503326416,4.3231120109558105,1.7922807931900024,39627894036632240,F,6635.5,4.994,-1.401
4955.200000000308,1.7483166456222534,4.101677894592285,1.7480189800262451,39627894036632240,F,6635.5,4.994,-1.401
4956.000000000308,1.7936676740646362,4.295353412628174,1.6774380207061768,39627894036632240,F,6635.5,4.994,-1.401
4956.8000000003085,1.7430684566497803,4.218432903289795,1.68611741065979,39627894036632240,F,6635.5,4.994,-1.401
4957.600000000309,0.9969662427902222,4.361677646636963,1.7624493837356567,39627894036632240,F,6635.5,4.994,-1.401
4958.400000000309,1.7835477590560913,4.256772994995117,1.802530288696289,39627894036632240,F,6635.5,4.994,-1.401
4959.200000000309,1.9978410005569458,4.650343894958496,1.8089733123779297,39627894036632240,F,6635.5,4.994,-1.401
4960.000000000309,2.1838464736938477,4.244010925292969,1.8156981468200684,39627894036632240,F,6635.5,4.994,-1.401
4960.800000000309,2.827606678009033,4.22103214263916,1.818269968032837,39627894036632240,F,6635.5,4.994,-1.401
4961.60000000031,1.7650707960128784,4.153443336486816,1.811553955078125,39627894036632240,F,6635.5,4.994,-1.401
4962.40000000031,2.0716617107391357,4.507379531860352,1.805403709411621,39627894036632240,F,6635.5,4.994,-1.401
4963.20000000031,1.821406364440918,4.199902057647705,1.804766058921814,39627894036632240,F,6635.5,4.994,-1.401
4964.00000000031,1.8873696327209473,4.328648090362549,1.8005447387695312,39627894036632240,F,6635.5,4.994,-1.401
4964.80000000031,1.3613052368164062,4.1908464431762695,1.7885700464248657,39627894036632240,F,6635.5,4.994,-1.401
4965.6000000003105,1.6405493021011353,4.130992412567139,1.7904943227767944,39627894036632240,F,6635.5,4.994,-1.401
4966.400000000311,2.052417516708374,3.905531406402588,1.7963318824768066,39627894036632240,F,6635.5,4.994,-1.401
4967.200000000311,1.346096396446228,4.368553161621094,1.798938274383545,39627894036632240,F,6635.5,4.994,-1.401
4968.000000000311,1.1485744714736938,4.26928186416626,1.7989273071289062,39627894036632240,F,6635.5,4.994,-1.401
4968.800000000311,1.5388034582138062,4.393887519836426,1.8024886846542358,39627894036632240,F,6635.5,4.994,-1.401
4969.600000000311,1.537941813468933,4.475841045379639,1.8130974769592285,39627894036632240,F,6635.5,4.994,-1.401
4970.400000000312,1.9573490619659424,3.9913227558135986,1.8125770092010498,39627894036632240,F,6635.5,4.994,-1.401
4971.200000000312,1.434574007987976,4.190512180328369,1.8023312091827393,39627894036632240,F,6635.5,4.994,-1.401
4972.000000000312,1.696916103363037,4.197794437408447,1.796128749847412,39627894036632240,F,6635.5,4.994,-1.401
4972.800000000312,2.121171236038208,4.543274879455566,1.7987701892852783,39627894036632240,F,6635.5,4.994,-1.401
4973.600000000312,2.3722403049468994,4.185242652893066,1.8014806509017944,39627894036632240,F,6635.5,4.994,-1.401
4974.4000000003125,1.4703775644302368,4.328159332275391,1.804589867591858,39627894036632240,F,6635.5,4.994,-1.401
4975.200000000313,1.6445502042770386,4.280894756317139,1.807819128036499,39627894036632240,F,6635.5,4.994,-1.401
4976.000000000313,1.9270951747894287,4.279949188232422,1.8055567741394043,39627894036632240,F,6635.5,4.994,-1.401
4976.800000000313,1.0434250831604004,4.599478244781494,1.7934134006500244,39627894036632240,F,6635.5,4.994,-1.401
4977.600000000313,2.1259701251983643,4.00792121887207,1.779466986656189,39627894036632240,F,6635.5,4.994,-1.401
4978.400000000313,1.177835464477539,4.567166805267334,1.7810732126235962,39627894036632240,F,6635.5,4.994,-1.401
4979.200000000314,1.3885681629180908,4.080203056335449,1.7836809158325195,39627894036632240,F,6635.5,4.994,-1.401
4980.000000000314,1.487372875213623,4.2309651374816895,1.784908652305603,39627894036632240,F,6635.5,4.994,-1.401
4980.800000000314,2.104218006134033,4.315556526184082,1.7638254165649414,39627894036632240,F,6635.5,4.994,-1.401
4981.600000000314,1.771294355392456,4.422708511352539,1.7470550537109375,39627894036632240,F,6635.5,4.994,-1.401
4982.400000000314,2.810041666030884,4.6965012550354,1.7460699081420898,39627894036632240,F,6635.5,4.994,-1.401
4983.2000000003145,1.6585018634796143,4.333249568939209,1.7548221349716187,39627894036632240,F,6635.5,4.994,-1.401
4984.000000000315,1.6224571466445923,4.898641586303711,1.7632718086242676,39627894036632240,F,6635.5,4.994,-1.401
4984.800000000315,1.9302576780319214,4.71159029006958,1.7832896709442139,39627894036632240,F,6635.5,4.994,-1.401
4985.600000000315,1.7185029983520508,3.9825849533081055,1.8081257343292236,39627894036632240,F,6635.5,4.994,-1.401
4986.400000000315,1.219770908355713,4.58700704574585,1.8093605041503906,39627894036632240,F,6635.5,4.994,-1.401
4987.200000000315,1.9878355264663696,4.463836669921875,1.801048755645752,39627894036632240,F,6635.5,4.994,-1.401
4988.000000000316,2.364509344100952,4.348130226135254,1.8016202449798584,39627894036632240,F,6635.5,4.994,-1.401
4988.800000000316,1.6000138521194458,4.056051254272461,1.799838662147522,39627894036632240,F,6635.5,4.994,-1.401
4989.600000000316,1.9676133394241333,4.535645484924316,1.7796286344528198,39627894036632240,F,6635.5,4.994,-1.401
4990.400000000316,1.3008267879486084,4.126710891723633,1.7763028144836426,39627894036632240,F,6635.5,4.994,-1.401
4991.200000000316,1.8244702816009521,3.8545010089874268,1.7907097339630127,39627894036632240,F,6635.5,4.994,-1.401
4992.0000000003165,2.430119276046753,4.606805801391602,1.793592929840088,39627894036632240,F,6635.5,4.994,-1.401
4992.800000000317,1.7889361381530762,4.352663040161133,1.7811216115951538,39627894036632240,F,6635.5,4.994,-1.401
4993.600000000317,1.1374729871749878,4.459238529205322,1.7839882373809814,39627894036632240,F,6635.5,4.994,-1.401
4994.400000000317,1.7045978307724,4.264699459075928,1.7975181341171265,39627894036632240,F,6635.5,4.994,-1.401
4995.200000000317,1.7292475700378418,4.495372772216797,1.8046218156814575,39627894036632240,F,6635.5,4.994,-1.401
4996.000000000317,1.7854902744293213,4.462035655975342,1.8003013134002686,39627894036632240,F,6635.5,4.994,-1.401
4996.800000000318,1.8145310878753662,4.443063259124756,1.7971826791763306,39627894036632240,F,6635.5,4.994,-1.401
4997.600000000318,1.1079072952270508,4.359150409698486,1.789346694946289,39627894036632240,F,6635.5,4.994,-1.401
4998.400000000318,2.052952766418457,4.301309108734131,1.778654932975769,39627894036632240,F,6635.5,4.994,-1.401
4999.200000000318,2.07283091545105,4.066267013549805,1.7931171655654907,39627894036632240,F,6635.5,4.994,-1.401
