wavelength,flux,ivar,model,targetid,clase_aprox,teff,logg,feh
4000.000000000091,889.56396484375,0.003342341398820281,904.44970703125,2305843051882412096,B,12492.0,7.8445,-10.0
4000.800000000091,853.1011352539062,0.0036154836416244507,911.1028442382812,2305843051882412096,B,12492.0,7.8445,-10.0
4001.6000000000913,862.5630493164062,0.00377154303714633,916.9085083007812,2305843051882412096,B,12492.0,7.8445,-10.0
4002.4000000000915,936.280517578125,0.0032037626951932907,922.435302734375,2305843051882412096,B,12492.0,7.8445,-10.0
4003.2000000000917,988.1843872070312,0.002599825384095311,927.977783203125,2305843051882412096,B,12492.0,7.8445,-10.0
4004.000000000092,893.429931640625,0.003333569038659334,933.615478515625,2305843051882412096,B,12492.0,7.8445,-10.0
4004.800000000092,951.7801513671875,0.003041665069758892,939.1978149414062,2305843051882412096,B,12492.0,7.8445,-10.0
4005.600000000092,958.4085693359375,0.003151263576000929,944.6338500976562,2305843051882412096,B,12492.0,7.8445,-10.0
4006.4000000000924,1028.1142578125,0.002882258500903845,949.6481323242188,2305843051882412096,B,12492.0,7.8445,-10.0
4007.2000000000926,960.0748901367188,0.0029331243131309748,953.8798217773438,2305843051882412096,B,12492.0,7.8445,-10.0
4008.0000000000928,976.19482421875,0.003295544069260359,957.3207397460938,2305843051882412096,B,12492.0,7.8445,-10.0
4008.800000000093,920.3548583984375,0.0032409706618636847,960.8096923828125,2305843051882412096,B,12492.0,7.8445,-10.0
4009.600000000093,950.7147827148438,0.0032000215724110603,964.2457275390625,2305843051882412096,B,12492.0,7.8445,-10.0
4010.4000000000933,953.9974975585938,0.0034508449025452137,967.5902099609375,2305843051882412096,B,12492.0,7.8445,-10.0
4011.2000000000935,1025.7418212890625,0.0027563890907913446,971.0494995117188,2305843051882412096,B,12492.0,7.8445,-10.0
4012.0000000000937,974.606201171875,0.0031241965480148792,974.4003295898438,2305843051882412096,B,12492.0,7.8445,-10.0
4012.800000000094,1000.5208740234375,0.003137893509119749,977.4426879882812,2305843051882412096,B,12492.0,7.8445,-10.0
4013.600000000094,1005.740966796875,0.0029918039217591286,979.84033203125,2305843051882412096,B,12492.0,7.8445,-10.0
4014.400000000094,969.3841552734375,0.0032108512241393328,981.9185180664062,2305843051882412096,B,12492.0,7.8445,-10.0
4015.2000000000944,961.9937744140625,0.003492246847599745,983.8564453125,2305843051882412096,B,12492.0,7.8445,-10.0
4016.0000000000946,985.14501953125,0.0030052822548896074,985.7666625976562,2305843051882412096,B,12492.0,7.8445,-10.0
4016.8000000000948,955.1192016601562,0.003244338557124138,987.701904296875,2305843051882412096,B,12492.0,7.8445,-10.0
4017.600000000095,969.6112670898438,0.002956854645162821,989.7496948242188,2305843051882412096,B,12492.0,7.8445,-10.0
4018.400000000095,1007.68310546875,0.00324438139796257,991.5662841796875,2305843051882412096,B,12492.0,7.8445,-10.0
4019.2000000000953,1026.4365234375,0.0025170613080263138,993.144287109375,2305843051882412096,B,12492.0,7.8445,-10.0
4020.0000000000955,1007.5213012695312,0.0029476527124643326,994.21484375,2305843051882412096,B,12492.0,7.8445,-10.0
4020.8000000000957,1069.4774169921875,0.0029237885028123856,994.9457397460938,2305843051882412096,B,12492.0,7.8445,-10.0
4021.600000000096,1053.0625,0.0029338249005377293,995.478759765625,2305843051882412096,B,12492.0,7.8445,-10.0
4022.400000000096,1079.4866943359375,0.0026502215769141912,996.1112060546875,2305843051882412096,B,12492.0,7.8445,-10.0
4023.200000000096,1085.647705078125,0.002754366025328636,996.7489624023438,2305843051882412096,B,12492.0,7.8445,-10.0
4024.0000000000964,1084.39453125,0.002614118391647935,997.1881713867188,2305843051882412096,B,12492.0,7.8445,-10.0
4024.8000000000966,1000.7671508789062,0.0031261208932846785,997.8560791015625,2305843051882412096,B,12492.0,7.8445,-10.0
4025.6000000000968,1003.8513793945312,0.003266225103288889,998.4761352539062,2305843051882412096,B,12492.0,7.8445,-10.0
4026.400000000097,996.4228515625,0.002828750992193818,999.08349609375,2305843051882412096,B,12492.0,7.8445,-10.0
4027.200000000097,1018.5152587890625,0.0030782048124819994,999.6929931640625,2305843051882412096,B,12492.0,7.8445,-10.0
4028.0000000000973,1001.6654052734375,0.003471152391284704,1000.4911499023438,2305843051882412096,B,12492.0,7.8445,-10.0
4028.8000000000975,1029.4051513671875,0.0030738015193492174,1001.2594604492188,2305843051882412096,B,12492.0,7.8445,-10.0
4029.6000000000977,993.7752075195312,0.0034334666561335325,1001.808349609375,2305843051882412096,B,12492.0,7.8445,-10.0
4030.400000000098,1012.0474243164062,0.0029817044269293547,1002.4866333007812,2305843051882412096,B,12492.0,7.8445,-10.0
4031.200000000098,1055.0992431640625,0.0029116622172296047,1003.2125244140625,2305843051882412096,B,12492.0,7.8445,-10.0
4032.000000000098,1097.790283203125,0.0028113769367337227,1003.799072265625,2305843051882412096,B,12492.0,7.8445,-10.0
4032.8000000000984,1041.71630859375,0.002967736916616559,1004.3456420898438,2305843051882412096,B,12492.0,7.8445,-10.0
4033.6000000000986,1009.1817016601562,0.003773999400436878,1004.7592163085938,2305843051882412096,B,12492.0,7.8445,-10.0
4034.4000000000988,963.3421020507812,0.0037290460895746946,1005.0125732421875,2305843051882412096,B,12492.0,7.8445,-10.0
4035.200000000099,1120.9180908203125,0.0029076114296913147,1005.90673828125,2305843051882412096,B,12492.0,7.8445,-10.0
4036.000000000099,1211.3782958984375,0.002932758769020438,1006.423583984375,2305843051882412096,B,12492.0,7.8445,-10.0
4036.8000000000993,1118.58203125,0.0024719717912375927,1007.7643432617188,2305843051882412096,B,12492.0,7.8445,-10.0
4037.6000000000995,1003.527099609375,0.0028793986421078444,1006.3653564453125,2305843051882412096,B,12492.0,7.8445,-10.0
4038.4000000000997,1044.91259765625,0.0031023253686726093,1006.66943359375,2305843051882412096,B,12492.0,7.8445,-10.0
4039.2000000001,1016.4761962890625,0.0033760732039809227,1006.43994140625,2305843051882412096,B,12492.0,7.8445,-10.0
4040.0000000001,1022.6116943359375,0.003304303390905261,1005.7164916992188,2305843051882412096,B,12492.0,7.8445,-10.0
4040.8000000001,1018.9991455078125,0.003157650586217642,1005.0339965820312,2305843051882412096,B,12492.0,7.8445,-10.0
4041.6000000001004,1089.9383544921875,0.002898208564147353,1004.2968139648438,2305843051882412096,B,12492.0,7.8445,-10.0
4042.4000000001006,1015.2401733398438,0.003236218122765422,1003.4140014648438,2305843051882412096,B,12492.0,7.8445,-10.0
4043.2000000001008,991.7628784179688,0.003312495769932866,1002.7403564453125,2305843051882412096,B,12492.0,7.8445,-10.0
4044.000000000101,1020.1021728515625,0.003183905268087983,1001.9989624023438,2305843051882412096,B,12492.0,7.8445,-10.0
4044.800000000101,1021.9390258789062,0.003299651201814413,1000.8677978515625,2305843051882412096,B,12492.0,7.8445,-10.0
4045.6000000001013,979.0692138671875,0.0034465999342501163,999.38427734375,2305843051882412096,B,12492.0,7.8445,-10.0
4046.4000000001015,1028.80078125,0.0037254798226058483,997.5427856445312,2305843051882412096,B,12492.0,7.8445,-10.0
4047.2000000001017,1032.704833984375,0.0032407015096396208,995.48046875,2305843051882412096,B,12492.0,7.8445,-10.0
4048.000000000102,1039.4776611328125,0.0026927096769213676,993.522216796875,2305843051882412096,B,12492.0,7.8445,-10.0
4048.800000000102,975.91357421875,0.0038194432854652405,991.5314331054688,2305843051882412096,B,12492.0,7.8445,-10.0
4049.600000000102,967.2841186523438,0.003967318683862686,989.3303833007812,2305843051882412096,B,12492.0,7.8445,-10.0
4050.4000000001024,958.0222778320312,0.003613715060055256,987.4430541992188,2305843051882412096,B,12492.0,7.8445,-10.0
4051.2000000001026,945.9907836914062,0.003432944416999817,985.23388671875,2305843051882412096,B,12492.0,7.8445,-10.0
4052.000000000103,1044.5120849609375,0.0030544535256922245,982.4600830078125,2305843051882412096,B,12492.0,7.8445,-10.0
4052.800000000103,939.5308837890625,0.0030626647640019655,979.6836547851562,2305843051882412096,B,12492.0,7.8445,-10.0
4053.600000000103,984.4293212890625,0.0033368305303156376,976.8114013671875,2305843051882412096,B,12492.0,7.8445,-10.0
4054.4000000001033,1015.4039916992188,0.0031852556858211756,973.736083984375,2305843051882412096,B,12492.0,7.8445,-10.0
4055.2000000001035,1026.118896484375,0.003321069059893489,970.8754272460938,2305843051882412096,B,12492.0,7.8445,-10.0
4056.0000000001037,1000.9637451171875,0.0035982956178486347,967.9004516601562,2305843051882412096,B,12492.0,7.8445,-10.0
4056.800000000104,1006.728515625,0.0029499069787561893,964.8207397460938,2305843051882412096,B,12492.0,7.8445,-10.0
4057.600000000104,961.908447265625,0.00359179824590683,961.6281127929688,2305843051882412096,B,12492.0,7.8445,-10.0
4058.4000000001042,1030.3212890625,0.003126327646896243,957.4713134765625,2305843051882412096,B,12492.0,7.8445,-10.0
4059.2000000001044,992.718017578125,0.0034969772677868605,953.1021728515625,2305843051882412096,B,12492.0,7.8445,-10.0
4060.0000000001046,1036.292724609375,0.0029305648058652878,948.6292724609375,2305843051882412096,B,12492.0,7.8445,-10.0
4060.800000000105,978.0111083984375,0.003370506688952446,943.9028930664062,2305843051882412096,B,12492.0,7.8445,-10.0
4061.600000000105,957.088623046875,0.0035169096663594246,939.529052734375,2305843051882412096,B,12492.0,7.8445,-10.0
4062.400000000105,1007.8093872070312,0.0033115120604634285,934.8038330078125,2305843051882412096,B,12492.0,7.8445,-10.0
4063.2000000001053,944.4722900390625,0.003557804273441434,930.2035522460938,2305843051882412096,B,12492.0,7.8445,-10.0
4064.0000000001055,934.1903686523438,0.003469583811238408,925.3787231445312,2305843051882412096,B,12492.0,7.8445,-10.0
4064.8000000001057,892.1692504882812,0.004785604774951935,919.5680541992188,2305843051882412096,B,12492.0,7.8445,-10.0
4065.600000000106,883.5463256835938,0.0033218127209693193,913.6737060546875,2305843051882412096,B,12492.0,7.8445,-10.0
4066.400000000106,887.2371826171875,0.0041993362829089165,907.21875,2305843051882412096,B,12492.0,7.8445,-10.0
4067.2000000001062,823.0670776367188,0.005026535131037235,901.182373046875,2305843051882412096,B,12492.0,7.8445,-10.0
4068.0000000001064,933.8607788085938,0.004053880460560322,894.8035278320312,2305843051882412096,B,12492.0,7.8445,-10.0
4068.8000000001066,887.0254516601562,0.00396776432171464,888.6099243164062,2305843051882412096,B,12492.0,7.8445,-10.0
4069.600000000107,857.0184936523438,0.00421471893787384,882.271240234375,2305843051882412096,B,12492.0,7.8445,-10.0
4070.400000000107,843.6830444335938,0.00453280471265316,875.51171875,2305843051882412096,B,12492.0,7.8445,-10.0
4071.200000000107,842.8901977539062,0.004319376777857542,868.4873046875,2305843051882412096,B,12492.0,7.8445,-10.0
4072.0000000001073,770.8535766601562,0.0052030738443136215,861.0799560546875,2305843051882412096,B,12492.0,7.8445,-10.0
4072.8000000001075,883.3839721679688,0.004429150372743607,853.5585327148438,2305843051882412096,B,12492.0,7.8445,-10.0
4073.6000000001077,836.4596557617188,0.003920804709196091,846.0726928710938,2305843051882412096,B,12492.0,7.8445,-10.0
4074.400000000108,862.8623046875,0.004259505309164524,838.4410400390625,2305843051882412096,B,12492.0,7.8445,-10.0
4075.200000000108,878.05712890625,0.003924961667507887,830.74853515625,2305843051882412096,B,12492.0,7.8445,-10.0
4076.0000000001082,844.1620483398438,0.004221538547426462,823.1188354492188,2305843051882412096,B,12492.0,7.8445,-10.0
4076.8000000001084,818.2205200195312,0.00446149380877614,815.1458740234375,2305843051882412096,B,12492.0,7.8445,-10.0
4077.6000000001086,834.6644897460938,0.004774738103151321,806.4747314453125,2305843051882412096,B,12492.0,7.8445,-10.0
4078.400000000109,791.3016357421875,0.00499968184158206,797.3427734375,2305843051882412096,B,12492.0,7.8445,-10.0
4079.200000000109,824.328125,0.0044723073951900005,788.0231323242188,2305843051882412096,B,12492.0,7.8445,-10.0
4080.000000000109,761.8424072265625,0.004698177799582481,778.7569580078125,2305843051882412096,B,12492.0,7.8445,-10.0
4080.8000000001093,767.4948120117188,0.0046707442961633205,769.33740234375,2305843051882412096,B,12492.0,7.8445,-10.0
4081.6000000001095,747.623779296875,0.004968052729964256,760.0384521484375,2305843051882412096,B,12492.0,7.8445,-10.0
4082.4000000001097,739.0121459960938,0.005130467005074024,750.6554565429688,2305843051882412096,B,12492.0,7.8445,-10.0
4083.20000000011,672.0245361328125,0.005746860988438129,740.869140625,2305843051882412096,B,12492.0,7.8445,-10.0
4084.00000000011,677.4927978515625,0.0060670506209135056,730.6160888671875,2305843051882412096,B,12492.0,7.8445,-10.0
4084.8000000001102,695.2430419921875,0.0054761674255132675,720.0464477539062,2305843051882412096,B,12492.0,7.8445,-10.0
4085.6000000001104,673.26806640625,0.006005171220749617,709.1482543945312,2305843051882412096,B,12492.0,7.8445,-10.0
4086.4000000001106,653.7034301757812,0.006242831237614155,698.0932006835938,2305843051882412096,B,12492.0,7.8445,-10.0
4087.200000000111,643.8453979492188,0.005926556885242462,686.4811401367188,2305843051882412096,B,12492.0,7.8445,-10.0
4088.000000000111,662.9314575195312,0.0056116036139428616,674.3864135742188,2305843051882412096,B,12492.0,7.8445,-10.0
4088.800000000111,692.519775390625,0.00496380589902401,662.214111328125,2305843051882412096,B,12492.0,7.8445,-10.0
4089.6000000001113,673.3797607421875,0.005003145895898342,649.77587890625,2305843051882412096,B,12492.0,7.8445,-10.0
4090.4000000001115,632.6488037109375,0.005738324951380491,636.807861328125,2305843051882412096,B,12492.0,7.8445,-10.0
4091.2000000001117,604.6145629882812,0.005975562613457441,623.5574951171875,2305843051882412096,B,12492.0,7.8445,-10.0
4092.000000000112,580.1044921875,0.00664120027795434,610.1804809570312,2305843051882412096,B,12492.0,7.8445,-10.0
4092.800000000112,590.742431640625,0.005728698335587978,596.5162963867188,2305843051882412096,B,12492.0,7.8445,-10.0
4093.6000000001122,563.0372314453125,0.007000098470598459,582.4994506835938,2305843051882412096,B,12492.0,7.8445,-10.0
4094.4000000001124,565.3819580078125,0.005462538916617632,568.0464477539062,2305843051882412096,B,12492.0,7.8445,-10.0
4095.2000000001126,580.2036743164062,0.005562224425375462,553.1618041992188,2305843051882412096,B,12492.0,7.8445,-10.0
4096.000000000113,545.4037475585938,0.003856312483549118,537.8627319335938,2305843051882412096,B,12492.0,7.8445,-10.0
4096.800000000113,519.790771484375,0.005180900916457176,522.1356811523438,2305843051882412096,B,12492.0,7.8445,-10.0
4097.600000000113,541.2604370117188,0.006089888047426939,506.7934875488281,2305843051882412096,B,12492.0,7.8445,-10.0
4098.400000000113,528.9987182617188,0.006146478001028299,490.66729736328125,2305843051882412096,B,12492.0,7.8445,-10.0
4099.2000000001135,488.8116455078125,0.0070235650055110455,473.58489990234375,2305843051882412096,B,12492.0,7.8445,-10.0
4100.000000000114,489.4963073730469,0.007238382939249277,456.13690185546875,2305843051882412096,B,12492.0,7.8445,-10.0
4100.800000000114,434.5287780761719,0.007742190267890692,437.8984069824219,2305843051882412096,B,12492.0,7.8445,-10.0
4101.600000000114,426.78363037109375,0.008391918614506721,419.1407165527344,2305843051882412096,B,12492.0,7.8445,-10.0
4102.400000000114,389.7574462890625,0.009937514550983906,399.8876647949219,2305843051882412096,B,12492.0,7.8445,-10.0
4103.200000000114,380.8351745605469,0.009436512365937233,387.01556396484375,2305843051882412096,B,12492.0,7.8445,-10.0
4104.000000000115,369.9662170410156,0.009266814216971397,392.2021484375,2305843051882412096,B,12492.0,7.8445,-10.0
4104.800000000115,390.2325134277344,0.007753314916044474,409.1805114746094,2305843051882412096,B,12492.0,7.8445,-10.0
4105.600000000115,405.66015625,0.007897800765931606,428.5052490234375,2305843051882412096,B,12492.0,7.8445,-10.0
4106.400000000115,462.43524169921875,0.006489147897809744,446.2046813964844,2305843051882412096,B,12492.0,7.8445,-10.0
4107.200000000115,466.2115783691406,0.005898353178054094,463.5473937988281,2305843051882412096,B,12492.0,7.8445,-10.0
4108.0000000001155,500.1892395019531,0.007122117560356855,480.4702453613281,2305843051882412096,B,12492.0,7.8445,-10.0
4108.800000000116,523.6620483398438,0.006062467582523823,496.468505859375,2305843051882412096,B,12492.0,7.8445,-10.0
4109.600000000116,531.6422729492188,0.0064179059118032455,512.0343017578125,2305843051882412096,B,12492.0,7.8445,-10.0
4110.400000000116,530.012451171875,0.00687716668471694,527.1805419921875,2305843051882412096,B,12492.0,7.8445,-10.0
4111.200000000116,554.1482543945312,0.006639131810516119,541.9385986328125,2305843051882412096,B,12492.0,7.8445,-10.0
4112.000000000116,562.1013793945312,0.006129887420684099,556.4501342773438,2305843051882412096,B,12492.0,7.8445,-10.0
4112.800000000117,560.8300170898438,0.006751961540430784,570.5472412109375,2305843051882412096,B,12492.0,7.8445,-10.0
4113.600000000117,590.1254272460938,0.006205424666404724,584.210693359375,2305843051882412096,B,12492.0,7.8445,-10.0
4114.400000000117,606.5202026367188,0.005714664235711098,597.2918090820312,2305843051882412096,B,12492.0,7.8445,-10.0
4115.200000000117,574.074462890625,0.006736096926033497,610.0382690429688,2305843051882412096,B,12492.0,7.8445,-10.0
4116.000000000117,614.92236328125,0.006205936893820763,622.6912231445312,2305843051882412096,B,12492.0,7.8445,-10.0
4116.8000000001175,647.4988403320312,0.005820085760205984,635.0430297851562,2305843051882412096,B,12492.0,7.8445,-10.0
4117.600000000118,632.7377319335938,0.005803810432553291,646.64013671875,2305843051882412096,B,12492.0,7.8445,-10.0
4118.400000000118,668.781005859375,0.005785227753221989,657.8045654296875,2305843051882412096,B,12492.0,7.8445,-10.0
4119.200000000118,666.185302734375,0.0034147638361901045,668.97021484375,2305843051882412096,B,12492.0,7.8445,-10.0
4120.000000000118,666.1613159179688,0.005600421689450741,679.5326538085938,2305843051882412096,B,12492.0,7.8445,-10.0
4120.800000000118,670.6407470703125,0.003966744057834148,689.544921875,2305843051882412096,B,12492.0,7.8445,-10.0
4121.600000000119,699.5077514648438,0.005257220473140478,699.110595703125,2305843051882412096,B,12492.0,7.8445,-10.0
4122.400000000119,702.495361328125,0.005355549044907093,708.4796142578125,2305843051882412096,B,12492.0,7.8445,-10.0
4123.200000000119,733.4857177734375,0.005181417800486088,717.93896484375,2305843051882412096,B,12492.0,7.8445,-10.0
4124.000000000119,692.6892700195312,0.006389861926436424,727.3587646484375,2305843051882412096,B,12492.0,7.8445,-10.0
4124.800000000119,695.0191040039062,0.006096098572015762,736.697265625,2305843051882412096,B,12492.0,7.8445,-10.0
4125.6000000001195,714.4400024414062,0.0054559302516281605,746.0326538085938,2305843051882412096,B,12492.0,7.8445,-10.0
4126.40000000012,743.0439453125,0.005258507095277309,755.2191772460938,2305843051882412096,B,12492.0,7.8445,-10.0
4127.20000000012,800.5592041015625,0.004816002212464809,763.9202270507812,2305843051882412096,B,12492.0,7.8445,-10.0
4128.00000000012,733.7138061523438,0.005785410292446613,772.332275390625,2305843051882412096,B,12492.0,7.8445,-10.0
4128.80000000012,745.1671142578125,0.005855736322700977,780.7005004882812,2305843051882412096,B,12492.0,7.8445,-10.0
4129.60000000012,792.0853271484375,0.00490006897598505,788.960205078125,2305843051882412096,B,12492.0,7.8445,-10.0
4130.400000000121,752.708251953125,0.005717698950320482,797.2926635742188,2305843051882412096,B,12492.0,7.8445,-10.0
4131.200000000121,796.5582275390625,0.005165659822523594,805.6124877929688,2305843051882412096,B,12492.0,7.8445,-10.0
4132.000000000121,869.0922241210938,0.004252197686582804,813.8755493164062,2305843051882412096,B,12492.0,7.8445,-10.0
4132.800000000121,758.2189331054688,0.005667298100888729,821.789306640625,2305843051882412096,B,12492.0,7.8445,-10.0
4133.600000000121,836.6651611328125,0.005269882269203663,828.8670043945312,2305843051882412096,B,12492.0,7.8445,-10.0
4134.4000000001215,832.9593505859375,0.0046318285167217255,835.4822387695312,2305843051882412096,B,12492.0,7.8445,-10.0
4135.200000000122,817.4594116210938,0.00540382182225585,841.9280395507812,2305843051882412096,B,12492.0,7.8445,-10.0
4136.000000000122,776.8594970703125,0.005412663333117962,848.3379516601562,2305843051882412096,B,12492.0,7.8445,-10.0
4136.800000000122,882.9005737304688,0.00396379129961133,854.8082885742188,2305843051882412096,B,12492.0,7.8445,-10.0
4137.600000000122,860.1910400390625,0.004835297353565693,861.21435546875,2305843051882412096,B,12492.0,7.8445,-10.0
4138.400000000122,853.6116333007812,0.0046239690855145454,867.5595092773438,2305843051882412096,B,12492.0,7.8445,-10.0
4139.200000000123,875.8627319335938,0.004107275977730751,873.671875,2305843051882412096,B,12492.0,7.8445,-10.0
4140.000000000123,819.3124389648438,0.004967700690031052,879.0538940429688,2305843051882412096,B,12492.0,7.8445,-10.0
4140.800000000123,853.8543701171875,0.004824572242796421,884.2564086914062,2305843051882412096,B,12492.0,7.8445,-10.0
4141.600000000123,863.45068359375,0.004822708200663328,889.1581420898438,2305843051882412096,B,12492.0,7.8445,-10.0
4142.400000000123,861.5138549804688,0.004718226380646229,894.0303344726562,2305843051882412096,B,12492.0,7.8445,-10.0
4143.2000000001235,868.527099609375,0.004959090147167444,899.027587890625,2305843051882412096,B,12492.0,7.8445,-10.0
4144.000000000124,841.6466674804688,0.005680713802576065,904.0442504882812,2305843051882412096,B,12492.0,7.8445,-10.0
4144.800000000124,870.3626098632812,0.005436228588223457,908.7011108398438,2305843051882412096,B,12492.0,7.8445,-10.0
4145.600000000124,822.9153442382812,0.004458144772797823,913.62841796875,2305843051882412096,B,12492.0,7.8445,-10.0
4146.400000000124,892.0794677734375,0.00464777322486043,918.1906127929688,2305843051882412096,B,12492.0,7.8445,-10.0
4147.200000000124,892.368896484375,0.004843517206609249,922.960205078125,2305843051882412096,B,12492.0,7.8445,-10.0
4148.000000000125,887.4095458984375,0.004836933221668005,927.5956420898438,2305843051882412096,B,12492.0,7.8445,-10.0
4148.800000000125,1009.5037231445312,0.003736440557986498,932.1920776367188,2305843051882412096,B,12492.0,7.8445,-10.0
4149.600000000125,853.5589599609375,0.004993970971554518,936.7854614257812,2305843051882412096,B,12492.0,7.8445,-10.0
4150.400000000125,907.447021484375,0.004528441932052374,941.349853515625,2305843051882412096,B,12492.0,7.8445,-10.0
4151.200000000125,944.5703735351562,0.004141432233154774,945.884765625,2305843051882412096,B,12492.0,7.8445,-10.0
4152.0000000001255,970.3975830078125,0.003984839655458927,950.1396484375,2305843051882412096,B,12492.0,7.8445,-10.0
4152.800000000126,889.6502685546875,0.005052701570093632,953.9280395507812,2305843051882412096,B,12492.0,7.8445,-10.0
4153.600000000126,999.800048828125,0.003961761016398668,957.1930541992188,2305843051882412096,B,12492.0,7.8445,-10.0
4154.400000000126,990.1392822265625,0.003665172727778554,960.5128173828125,2305843051882412096,B,12492.0,7.8445,-10.0
4155.200000000126,950.6172485351562,0.004700756166130304,963.6568603515625,2305843051882412096,B,12492.0,7.8445,-10.0
4156.000000000126,922.4712524414062,0.004045926034450531,966.8626708984375,2305843051882412096,B,12492.0,7.8445,-10.0
4156.800000000127,973.3344116210938,0.004033327102661133,970.1513061523438,2305843051882412096,B,12492.0,7.8445,-10.0
4157.600000000127,974.1407470703125,0.004387868568301201,973.2210083007812,2305843051882412096,B,12492.0,7.8445,-10.0
4158.400000000127,996.2120361328125,0.0032956134527921677,976.2100830078125,2305843051882412096,B,12492.0,7.8445,-10.0
4159.200000000127,987.8115844726562,0.003869089297950268,978.7774047851562,2305843051882412096,B,12492.0,7.8445,-10.0
4160.000000000127,903.6062622070312,0.004718473646789789,980.953369140625,2305843051882412096,B,12492.0,7.8445,-10.0
4160.8000000001275,959.7799682617188,0.004313235636800528,983.0335693359375,2305843051882412096,B,12492.0,7.8445,-10.0
4161.600000000128,990.3451538085938,0.004271636717021465,985.1671752929688,2305843051882412096,B,12492.0,7.8445,-10.0
4162.400000000128,956.8248901367188,0.004420953802764416,987.34228515625,2305843051882412096,B,12492.0,7.8445,-10.0
4163.200000000128,997.397705078125,0.0039014590438455343,989.298095703125,2305843051882412096,B,12492.0,7.8445,-10.0
4164.000000000128,956.2951049804688,0.00437002582475543,991.4356079101562,2305843051882412096,B,12492.0,7.8445,-10.0
4164.800000000128,959.1837768554688,0.004470604471862316,993.4434204101562,2305843051882412096,B,12492.0,7.8445,-10.0
4165.600000000129,998.0758056640625,0.00403493270277977,994.7373657226562,2305843051882412096,B,12492.0,7.8445,-10.0
4166.400000000129,968.96630859375,0.004257367458194494,996.1038818359375,2305843051882412096,B,12492.0,7.8445,-10.0
4167.200000000129,995.6465454101562,0.004024201538413763,997.3366088867188,2305843051882412096,B,12492.0,7.8445,-10.0
4168.000000000129,967.3374633789062,0.0043918052688241005,998.3338623046875,2305843051882412096,B,12492.0,7.8445,-10.0
4168.800000000129,1040.2464599609375,0.0039004941936582327,999.5470581054688,2305843051882412096,B,12492.0,7.8445,-10.0
4169.6000000001295,1046.0260009765625,0.0033873231150209904,1000.7340087890625,2305843051882412096,B,12492.0,7.8445,-10.0
4170.40000000013,1018.4003295898438,0.004063241649419069,1001.7269287109375,2305843051882412096,B,12492.0,7.8445,-10.0
4171.20000000013,963.6434936523438,0.004824494477361441,1002.9495849609375,2305843051882412096,B,12492.0,7.8445,-10.0
4172.00000000013,1021.2960815429688,0.003737417981028557,1004.057861328125,2305843051882412096,B,12492.0,7.8445,-10.0
4172.80000000013,1021.41943359375,0.003934008534997702,1005.1795043945312,2305843051882412096,B,12492.0,7.8445,-10.0
4173.60000000013,1075.822509765625,0.003646227763965726,1006.2000122070312,2305843051882412096,B,12492.0,7.8445,-10.0
4174.400000000131,1100.115234375,0.0033538297284394503,1007.3193359375,2305843051882412096,B,12492.0,7.8445,-10.0
4175.200000000131,1003.0220947265625,0.0042937397956848145,1008.3703002929688,2305843051882412096,B,12492.0,7.8445,-10.0
4176.000000000131,1031.2559814453125,0.004146801773458719,1009.4032592773438,2305843051882412096,B,12492.0,7.8445,-10.0
4176.800000000131,1040.7376708984375,0.004075122997164726,1010.5238647460938,2305843051882412096,B,12492.0,7.8445,-10.0
4177.600000000131,993.198974609375,0.004468850791454315,1011.515625,2305843051882412096,B,12492.0,7.8445,-10.0
4178.4000000001315,1024.830322265625,0.004428008571267128,1012.2366943359375,2305843051882412096,B,12492.0,7.8445,-10.0
4179.200000000132,1061.8165283203125,0.0038442315999418497,1012.9207153320312,2305843051882412096,B,12492.0,7.8445,-10.0
4180.000000000132,1078.7445068359375,0.0037143544759601355,1013.468994140625,2305843051882412096,B,12492.0,7.8445,-10.0
4180.800000000132,1028.860107421875,0.004030132200568914,1014.1141357421875,2305843051882412096,B,12492.0,7.8445,-10.0
4181.600000000132,1078.119384765625,0.003935810178518295,1014.7476196289062,2305843051882412096,B,12492.0,7.8445,-10.0
4182.400000000132,1037.5225830078125,0.004414830356836319,1015.3599243164062,2305843051882412096,B,12492.0,7.8445,-10.0
4183.200000000133,1023.7025756835938,0.004419769626110792,1015.9498901367188,2305843051882412096,B,12492.0,7.8445,-10.0
4184.000000000133,1087.1016845703125,0.0035881672520190477,1016.4459228515625,2305843051882412096,B,12492.0,7.8445,-10.0
4184.800000000133,1074.394775390625,0.004042722284793854,1016.9334716796875,2305843051882412096,B,12492.0,7.8445,-10.0
4185.600000000133,1080.534912109375,0.0037512541748583317,1017.1864013671875,2305843051882412096,B,12492.0,7.8445,-10.0
4186.400000000133,1006.7299194335938,0.0043295035138726234,1017.6007690429688,2305843051882412096,B,12492.0,7.8445,-10.0
4187.2000000001335,978.0078735351562,0.0043889181688427925,1017.9545288085938,2305843051882412096,B,12492.0,7.8445,-10.0
4188.000000000134,987.792724609375,0.004718487616628408,1018.192138671875,2305843051882412096,B,12492.0,7.8445,-10.0
4188.800000000134,964.2962646484375,0.004993155598640442,1018.5247802734375,2305843051882412096,B,12492.0,7.8445,-10.0
4189.600000000134,1024.1282958984375,0.003483155509456992,1018.8795166015625,2305843051882412096,B,12492.0,7.8445,-10.0
4190.400000000134,1044.31396484375,0.00403642887249589,1019.0667114257812,2305843051882412096,B,12492.0,7.8445,-10.0
4191.200000000134,1028.161376953125,0.004408085253089666,1019.3543701171875,2305843051882412096,B,12492.0,7.8445,-10.0
4192.000000000135,968.6557006835938,0.004926627967506647,1019.5335693359375,2305843051882412096,B,12492.0,7.8445,-10.0
4192.800000000135,955.0369262695312,0.005335906986147165,1019.5994262695312,2305843051882412096,B,12492.0,7.8445,-10.0
4193.600000000135,993.6968994140625,0.004077954217791557,1019.7018432617188,2305843051882412096,B,12492.0,7.8445,-10.0
4194.400000000135,1019.5484008789062,0.004231173545122147,1019.81787109375,2305843051882412096,B,12492.0,7.8445,-10.0
4195.200000000135,1019.8495483398438,0.004378587938845158,1019.9609375,2305843051882412096,B,12492.0,7.8445,-10.0
4196.0000000001355,1028.18115234375,0.0035387203097343445,1020.0237426757812,2305843051882412096,B,12492.0,7.8445,-10.0
4196.800000000136,1038.62548828125,0.004200729075819254,1020.1444702148438,2305843051882412096,B,12492.0,7.8445,-10.0
4197.600000000136,1093.503173828125,0.0036069832276552916,1020.181640625,2305843051882412096,B,12492.0,7.8445,-10.0
4198.400000000136,983.2828979492188,0.004683373961597681,1020.139404296875,2305843051882412096,B,12492.0,7.8445,-10.0
4199.200000000136,1094.7213134765625,0.003841075114905834,1020.0642700195312,2305843051882412096,B,12492.0,7.8445,-10.0
4200.000000000136,1124.0682373046875,0.0036098312120884657,1020.0546875,2305843051882412096,B,12492.0,7.8445,-10.0
4200.800000000137,1016.6317138671875,0.0037114666774868965,1019.9678344726562,2305843051882412096,B,12492.0,7.8445,-10.0
4201.600000000137,1024.79931640625,0.0045347679406404495,1019.8908081054688,2305843051882412096,B,12492.0,7.8445,-10.0
4202.400000000137,981.5693359375,0.004654817283153534,1019.9160766601562,2305843051882412096,B,12492.0,7.8445,-10.0
4203.200000000137,1041.8648681640625,0.00447769183665514,1019.8963012695312,2305843051882412096,B,12492.0,7.8445,-10.0
4204.000000000137,1036.32958984375,0.0037010193336755037,1019.6368408203125,2305843051882412096,B,12492.0,7.8445,-10.0
4204.8000000001375,1005.976318359375,0.004536193795502186,1019.5677490234375,2305843051882412096,B,12492.0,7.8445,-10.0
4205.600000000138,1014.138916015625,0.00453367130830884,1019.3903198242188,2305843051882412096,B,12492.0,7.8445,-10.0
4206.400000000138,1057.316162109375,0.003916363697499037,1019.184326171875,2305843051882412096,B,12492.0,7.8445,-10.0
4207.200000000138,994.9408569335938,0.004673056770116091,1019.0680541992188,2305843051882412096,B,12492.0,7.8445,-10.0
4208.000000000138,991.2284545898438,0.0049875034019351006,1018.8363037109375,2305843051882412096,B,12492.0,7.8445,-10.0
4208.800000000138,987.5750122070312,0.004550657235085964,1018.6337280273438,2305843051882412096,B,12492.0,7.8445,-10.0
4209.600000000139,998.5454711914062,0.004675338044762611,1018.4773559570312,2305843051882412096,B,12492.0,7.8445,-10.0
4210.400000000139,1043.888671875,0.004059839062392712,1018.2891235351562,2305843051882412096,B,12492.0,7.8445,-10.0
4211.200000000139,1112.0281982421875,0.0036692845169454813,1017.8707275390625,2305843051882412096,B,12492.0,7.8445,-10.0
4212.000000000139,1020.4496459960938,0.004631465300917625,1017.6849975585938,2305843051882412096,B,12492.0,7.8445,-10.0
4212.800000000139,1000.7319946289062,0.004486197140067816,1017.4176025390625,2305843051882412096,B,12492.0,7.8445,-10.0
4213.6000000001395,1006.5310668945312,0.00474639143794775,1017.0673217773438,2305843051882412096,B,12492.0,7.8445,-10.0
4214.40000000014,1014.0108642578125,0.004560836125165224,1016.8113403320312,2305843051882412096,B,12492.0,7.8445,-10.0
4215.20000000014,982.1632690429688,0.004824320785701275,1016.5368041992188,2305843051882412096,B,12492.0,7.8445,-10.0
4216.00000000014,989.4766235351562,0.004654133226722479,1016.1981201171875,2305843051882412096,B,12492.0,7.8445,-10.0
4216.80000000014,1005.0928955078125,0.004866078030318022,1015.7996215820312,2305843051882412096,B,12492.0,7.8445,-10.0
4217.60000000014,1071.0296630859375,0.0035515455529093742,1015.4795532226562,2305843051882412096,B,12492.0,7.8445,-10.0
4218.400000000141,1003.192626953125,0.0043807439506053925,1015.0299682617188,2305843051882412096,B,12492.0,7.8445,-10.0
4219.200000000141,980.8381958007812,0.004982377868145704,1014.6342163085938,2305843051882412096,B,12492.0,7.8445,-10.0
4220.000000000141,1026.87255859375,0.004651645664125681,1014.2767944335938,2305843051882412096,B,12492.0,7.8445,-10.0
4220.800000000141,1059.3057861328125,0.0041999127715826035,1013.8023071289062,2305843051882412096,B,12492.0,7.8445,-10.0
4221.600000000141,1012.52880859375,0.004450293257832527,1013.4039916992188,2305843051882412096,B,12492.0,7.8445,-10.0
4222.4000000001415,992.757080078125,0.004774046596139669,1013.001953125,2305843051882412096,B,12492.0,7.8445,-10.0
4223.200000000142,1034.361083984375,0.004402980208396912,1012.4354858398438,2305843051882412096,B,12492.0,7.8445,-10.0
4224.000000000142,1015.1703491210938,0.004702715203166008,1011.9519653320312,2305843051882412096,B,12492.0,7.8445,-10.0
4224.800000000142,1071.1094970703125,0.00419118395075202,1011.4373779296875,2305843051882412096,B,12492.0,7.8445,-10.0
4225.600000000142,965.992919921875,0.0055896020494401455,1010.937255859375,2305843051882412096,B,12492.0,7.8445,-10.0
4226.400000000142,1025.61962890625,0.00496602151542902,1010.34228515625,2305843051882412096,B,12492.0,7.8445,-10.0
4227.200000000143,1005.2540283203125,0.00573114026337862,1009.7551879882812,2305843051882412096,B,12492.0,7.8445,-10.0
4228.000000000143,1062.8673095703125,0.004590364173054695,1009.4052734375,2305843051882412096,B,12492.0,7.8445,-10.0
4228.800000000143,1132.0772705078125,0.002376723103225231,1008.6373291015625,2305843051882412096,B,12492.0,7.8445,-10.0
4229.600000000143,1084.7164306640625,0.003699153196066618,1008.239501953125,2305843051882412096,B,12492.0,7.8445,-10.0
4230.400000000143,995.7515869140625,0.005058206617832184,1007.5482177734375,2305843051882412096,B,12492.0,7.8445,-10.0
4231.2000000001435,989.3880615234375,0.005151780787855387,1006.7147216796875,2305843051882412096,B,12492.0,7.8445,-10.0
4232.000000000144,1018.8267211914062,0.00411681504920125,1006.0907592773438,2305843051882412096,B,12492.0,7.8445,-10.0
4232.800000000144,1024.2015380859375,0.004448470659554005,1005.51513671875,2305843051882412096,B,12492.0,7.8445,-10.0
4233.600000000144,992.2756958007812,0.004831545986235142,1004.8453979492188,2305843051882412096,B,12492.0,7.8445,-10.0
4234.400000000144,984.8744506835938,0.005085264332592487,1004.1985473632812,2305843051882412096,B,12492.0,7.8445,-10.0
4235.200000000144,1028.2318115234375,0.004300525411963463,1003.517578125,2305843051882412096,B,12492.0,7.8445,-10.0
4236.000000000145,1020.13037109375,0.004783127456903458,1002.67578125,2305843051882412096,B,12492.0,7.8445,-10.0
4236.800000000145,997.3873291015625,0.004554602317512035,1001.8786010742188,2305843051882412096,B,12492.0,7.8445,-10.0
4237.600000000145,1033.8465576171875,0.004458252806216478,1001.0679321289062,2305843051882412096,B,12492.0,7.8445,-10.0
4238.400000000145,1043.198486328125,0.00394940422847867,1000.260498046875,2305843051882412096,B,12492.0,7.8445,-10.0
4239.200000000145,1032.236572265625,0.004800694063305855,999.4453735351562,2305843051882412096,B,12492.0,7.8445,-10.0
4240.0000000001455,1015.759765625,0.004831943195313215,998.7078247070312,2305843051882412096,B,12492.0,7.8445,-10.0
4240.800000000146,1002.3964233398438,0.004924187436699867,997.8346557617188,2305843051882412096,B,12492.0,7.8445,-10.0
4241.600000000146,1023.2477416992188,0.004068050533533096,996.9837646484375,2305843051882412096,B,12492.0,7.8445,-10.0
4242.400000000146,1004.1911010742188,0.004786304663866758,996.0729370117188,2305843051882412096,B,12492.0,7.8445,-10.0
4243.200000000146,1004.8883666992188,0.0042679826728999615,995.07373046875,2305843051882412096,B,12492.0,7.8445,-10.0
4244.000000000146,1022.0982055664062,0.00480317510664463,994.049560546875,2305843051882412096,B,12492.0,7.8445,-10.0
4244.800000000147,996.3416748046875,0.0038146472070366144,993.086181640625,2305843051882412096,B,12492.0,7.8445,-10.0
4245.600000000147,1009.30322265625,0.004433959256857634,992.1458129882812,2305843051882412096,B,12492.0,7.8445,-10.0
4246.400000000147,971.140869140625,0.005080880597233772,991.0505981445312,2305843051882412096,B,12492.0,7.8445,-10.0
4247.200000000147,975.3115844726562,0.004669344052672386,990.1099853515625,2305843051882412096,B,12492.0,7.8445,-10.0
4248.000000000147,1021.848876953125,0.004494148772209883,989.1123657226562,2305843051882412096,B,12492.0,7.8445,-10.0
4248.8000000001475,977.468017578125,0.005067046266049147,987.8203735351562,2305843051882412096,B,12492.0,7.8445,-10.0
4249.600000000148,1008.0538330078125,0.004838956985622644,986.6644287109375,2305843051882412096,B,12492.0,7.8445,-10.0
4250.400000000148,970.8026733398438,0.00536155141890049,985.480712890625,2305843051882412096,B,12492.0,7.8445,-10.0
4251.200000000148,978.4339599609375,0.0055322954431176186,984.1094970703125,2305843051882412096,B,12492.0,7.8445,-10.0
4252.000000000148,946.932861328125,0.005145149305462837,982.9541625976562,2305843051882412096,B,12492.0,7.8445,-10.0
4252.800000000148,905.744873046875,0.0051119448617100716,981.7059936523438,2305843051882412096,B,12492.0,7.8445,-10.0
4253.600000000149,928.308837890625,0.005642016418278217,980.30859375,2305843051882412096,B,12492.0,7.8445,-10.0
4254.400000000149,965.6405639648438,0.0049722581170499325,979.0383911132812,2305843051882412096,B,12492.0,7.8445,-10.0
4255.200000000149,962.8212280273438,0.005528213456273079,977.6690063476562,2305843051882412096,B,12492.0,7.8445,-10.0
4256.000000000149,958.7625732421875,0.0052842809818685055,976.0547485351562,2305843051882412096,B,12492.0,7.8445,-10.0
4256.800000000149,973.1675415039062,0.004848713520914316,974.5235595703125,2305843051882412096,B,12492.0,7.8445,-10.0
4257.6000000001495,963.4392700195312,0.004993510898202658,972.9177856445312,2305843051882412096,B,12492.0,7.8445,-10.0
4258.40000000015,957.06103515625,0.005411524325609207,971.3442993164062,2305843051882412096,B,12492.0,7.8445,-10.0
4259.20000000015,971.2172241210938,0.005321604665368795,969.7255249023438,2305843051882412096,B,12492.0,7.8445,-10.0
4260.00000000015,976.5650024414062,0.00531458854675293,968.1851196289062,2305843051882412096,B,12492.0,7.8445,-10.0
4260.80000000015,1035.95361328125,0.00448085181415081,966.5851440429688,2305843051882412096,B,12492.0,7.8445,-10.0
4261.60000000015,987.1776733398438,0.005439196713268757,964.7522583007812,2305843051882412096,B,12492.0,7.8445,-10.0
4262.400000000151,1008.0159301757812,0.004034148063510656,962.8521118164062,2305843051882412096,B,12492.0,7.8445,-10.0
4263.200000000151,1023.5825805664062,0.004106761887669563,960.9580078125,2305843051882412096,B,12492.0,7.8445,-10.0
4264.000000000151,967.6544189453125,0.004782567266374826,958.921142578125,2305843051882412096,B,12492.0,7.8445,-10.0
4264.800000000151,954.4443359375,0.005160018336027861,956.9658813476562,2305843051882412096,B,12492.0,7.8445,-10.0
4265.600000000151,957.7488403320312,0.005294392816722393,955.0326538085938,2305843051882412096,B,12492.0,7.8445,-10.0
4266.4000000001515,943.0806884765625,0.004993961192667484,953.0947875976562,2305843051882412096,B,12492.0,7.8445,-10.0
4267.200000000152,972.449462890625,0.005218105390667915,951.015625,2305843051882412096,B,12492.0,7.8445,-10.0
4268.000000000152,886.5830078125,0.0058975983411073685,948.8474731445312,2305843051882412096,B,12492.0,7.8445,-10.0
4268.800000000152,904.7911987304688,0.005845900624990463,946.3856201171875,2305843051882412096,B,12492.0,7.8445,-10.0
4269.600000000152,958.035400390625,0.004938439466059208,944.0977783203125,2305843051882412096,B,12492.0,7.8445,-10.0
4270.400000000152,978.85205078125,0.0051033953204751015,941.6921997070312,2305843051882412096,B,12492.0,7.8445,-10.0
4271.200000000153,931.0735473632812,0.005621185526251793,939.2567749023438,2305843051882412096,B,12492.0,7.8445,-10.0
4272.000000000153,948.8616943359375,0.0055284034460783005,936.8856811523438,2305843051882412096,B,12492.0,7.8445,-10.0
4272.800000000153,939.9638061523438,0.00588999642059207,934.5169677734375,2305843051882412096,B,12492.0,7.8445,-10.0
4273.600000000153,961.0250244140625,0.004737449809908867,932.071533203125,2305843051882412096,B,12492.0,7.8445,-10.0
4274.400000000153,980.1143188476562,0.005167199764400721,929.192138671875,2305843051882412096,B,12492.0,7.8445,-10.0
4275.2000000001535,938.12841796875,0.005842455197125673,926.367919921875,2305843051882412096,B,12492.0,7.8445,-10.0
4276.000000000154,919.666015625,0.005566113628447056,923.4239501953125,2305843051882412096,B,12492.0,7.8445,-10.0
4276.800000000154,894.5714721679688,0.0054269530810415745,920.45849609375,2305843051882412096,B,12492.0,7.8445,-10.0
4277.600000000154,911.2836303710938,0.005319417454302311,917.538818359375,2305843051882412096,B,12492.0,7.8445,-10.0
4278.400000000154,889.7692260742188,0.005832452327013016,914.653076171875,2305843051882412096,B,12492.0,7.8445,-10.0
4279.200000000154,915.8596801757812,0.005378239788115025,911.619140625,2305843051882412096,B,12492.0,7.8445,-10.0
4280.000000000155,915.1914672851562,0.005536784417927265,908.60498046875,2305843051882412096,B,12492.0,7.8445,-10.0
4280.800000000155,875.5958251953125,0.006128029432147741,905.3475952148438,2305843051882412096,B,12492.0,7.8445,-10.0
4281.600000000155,917.2412109375,0.005509099457412958,901.796142578125,2305843051882412096,B,12492.0,7.8445,-10.0
4282.400000000155,955.4502563476562,0.004542679525911808,898.3898315429688,2305843051882412096,B,12492.0,7.8445,-10.0
4283.200000000155,905.3201904296875,0.005583237856626511,894.8055419921875,2305843051882412096,B,12492.0,7.8445,-10.0
4284.0000000001555,878.1519165039062,0.006184461526572704,891.3585205078125,2305843051882412096,B,12492.0,7.8445,-10.0
4284.800000000156,913.3566284179688,0.005100335460156202,887.7940673828125,2305843051882412096,B,12492.0,7.8445,-10.0
4285.600000000156,863.64306640625,0.0064476253464818,884.2258911132812,2305843051882412096,B,12492.0,7.8445,-10.0
4286.400000000156,855.7435913085938,0.006364493165165186,880.6085205078125,2305843051882412096,B,12492.0,7.8445,-10.0
4287.200000000156,887.304931640625,0.005959245376288891,876.7933349609375,2305843051882412096,B,12492.0,7.8445,-10.0
4288.000000000156,837.9415283203125,0.0063329958356916904,872.9244995117188,2305843051882412096,B,12492.0,7.8445,-10.0
4288.800000000157,878.638671875,0.006054233759641647,868.8491821289062,2305843051882412096,B,12492.0,7.8445,-10.0
4289.600000000157,847.9176635742188,0.006571982521563768,864.9132080078125,2305843051882412096,B,12492.0,7.8445,-10.0
4290.400000000157,838.6422729492188,0.006672404240816832,860.965087890625,2305843051882412096,B,12492.0,7.8445,-10.0
4291.200000000157,810.19580078125,0.00715977605432272,856.9198608398438,2305843051882412096,B,12492.0,7.8445,-10.0
4292.000000000157,840.1484985351562,0.00600828044116497,852.981689453125,2305843051882412096,B,12492.0,7.8445,-10.0
4292.8000000001575,824.6822509765625,0.00624847412109375,848.8558349609375,2305843051882412096,B,12492.0,7.8445,-10.0
4293.600000000158,815.2609252929688,0.006426285952329636,844.4979858398438,2305843051882412096,B,12492.0,7.8445,-10.0
4294.400000000158,779.6399536132812,0.007437077350914478,840.0380859375,2305843051882412096,B,12492.0,7.8445,-10.0
4295.200000000158,819.2684936523438,0.006688467226922512,835.4877319335938,2305843051882412096,B,12492.0,7.8445,-10.0
4296.000000000158,800.8322143554688,0.006576592568308115,831.062744140625,2305843051882412096,B,12492.0,7.8445,-10.0
4296.800000000158,789.5250244140625,0.007002928759902716,826.4368286132812,2305843051882412096,B,12492.0,7.8445,-10.0
4297.600000000159,802.1184692382812,0.006980976555496454,821.9813232421875,2305843051882412096,B,12492.0,7.8445,-10.0
4298.400000000159,803.69775390625,0.0069503337144851685,817.450927734375,2305843051882412096,B,12492.0,7.8445,-10.0
4299.200000000159,816.170166015625,0.006847151555120945,812.7280883789062,2305843051882412096,B,12492.0,7.8445,-10.0
4300.000000000159,799.2478637695312,0.00676849577575922,807.8207397460938,2305843051882412096,B,12492.0,7.8445,-10.0
4300.800000000159,797.8289184570312,0.0070863934233784676,802.5997314453125,2305843051882412096,B,12492.0,7.8445,-10.0
4301.6000000001595,830.0114135742188,0.006218611728399992,797.3673706054688,2305843051882412096,B,12492.0,7.8445,-10.0
4302.40000000016,842.956787109375,0.005793735384941101,792.11669921875,2305843051882412096,B,12492.0,7.8445,-10.0
4303.20000000016,810.1741943359375,0.005503730848431587,786.8403930664062,2305843051882412096,B,12492.0,7.8445,-10.0
4304.00000000016,727.406982421875,0.00850267056375742,781.6491088867188,2305843051882412096,B,12492.0,7.8445,-10.0
4304.80000000016,769.0440063476562,0.006920989602804184,776.3385009765625,2305843051882412096,B,12492.0,7.8445,-10.0
4305.60000000016,796.1096801757812,0.0068020387552678585,770.90966796875,2305843051882412096,B,12492.0,7.8445,-10.0
4306.400000000161,764.1939086914062,0.007350047118961811,765.1163940429688,2305843051882412096,B,12492.0,7.8445,-10.0
4307.200000000161,724.27001953125,0.007866404950618744,759.0731811523438,2305843051882412096,B,12492.0,7.8445,-10.0
4308.000000000161,778.3142700195312,0.006224287673830986,752.9738159179688,2305843051882412096,B,12492.0,7.8445,-10.0
4308.800000000161,754.900390625,0.006830391939729452,746.8640747070312,2305843051882412096,B,12492.0,7.8445,-10.0
4309.600000000161,790.050537109375,0.006472359411418438,740.7643432617188,2305843051882412096,B,12492.0,7.8445,-10.0
4310.4000000001615,779.466796875,0.006646261550486088,734.69921875,2305843051882412096,B,12492.0,7.8445,-10.0
4311.200000000162,724.8972778320312,0.007933694869279861,728.52587890625,2305843051882412096,B,12492.0,7.8445,-10.0
4312.000000000162,783.526611328125,0.006466076709330082,722.1412963867188,2305843051882412096,B,12492.0,7.8445,-10.0
4312.800000000162,715.3956909179688,0.007934190332889557,715.4338989257812,2305843051882412096,B,12492.0,7.8445,-10.0
4313.600000000162,741.1829223632812,0.006971110124140978,708.3709106445312,2305843051882412096,B,12492.0,7.8445,-10.0
4314.400000000162,683.8184204101562,0.008276768028736115,701.1547241210938,2305843051882412096,B,12492.0,7.8445,-10.0
4315.200000000163,706.2190551757812,0.0077018942683935165,694.0120239257812,2305843051882412096,B,12492.0,7.8445,-10.0
4316.000000000163,702.8551635742188,0.007019356824457645,686.796630859375,2305843051882412096,B,12492.0,7.8445,-10.0
4316.800000000163,683.9869384765625,0.00628370326012373,679.6873168945312,2305843051882412096,B,12492.0,7.8445,-10.0
4317.600000000163,657.0060424804688,0.007425994146615267,672.4067993164062,2305843051882412096,B,12492.0,7.8445,-10.0
4318.400000000163,635.2662963867188,0.007883606478571892,664.9796142578125,2305843051882412096,B,12492.0,7.8445,-10.0
4319.2000000001635,655.965576171875,0.007087475620210171,657.0905151367188,2305843051882412096,B,12492.0,7.8445,-10.0
4320.000000000164,629.8914794921875,0.008427917025983334,648.975830078125,2305843051882412096,B,12492.0,7.8445,-10.0
4320.800000000164,665.1510009765625,0.007056127768009901,640.7011108398438,2305843051882412096,B,12492.0,7.8445,-10.0
4321.600000000164,650.2261352539062,0.007898922078311443,632.177734375,2305843051882412096,B,12492.0,7.8445,-10.0
4322.400000000164,600.90771484375,0.008827272802591324,623.5099487304688,2305843051882412096,B,12492.0,7.8445,-10.0
4323.200000000164,625.2135620117188,0.007511279080063105,614.545166015625,2305843051882412096,B,12492.0,7.8445,-10.0
4324.000000000165,617.1729125976562,0.00714904023334384,605.4328002929688,2305843051882412096,B,12492.0,7.8445,-10.0
4324.800000000165,600.0142822265625,0.008828182704746723,596.3023681640625,2305843051882412096,B,12492.0,7.8445,-10.0
4325.600000000165,609.460205078125,0.008511576801538467,586.6716918945312,2305843051882412096,B,12492.0,7.8445,-10.0
4326.400000000165,580.2745971679688,0.010215841233730316,576.7699584960938,2305843051882412096,B,12492.0,7.8445,-10.0
4327.200000000165,562.8917236328125,0.010387172922492027,566.8839721679688,2305843051882412096,B,12492.0,7.8445,-10.0
4328.0000000001655,539.086669921875,0.009845769964158535,556.7589111328125,2305843051882412096,B,12492.0,7.8445,-10.0
4328.800000000166,500.9156188964844,0.01110501866787672,546.2838134765625,2305843051882412096,B,12492.0,7.8445,-10.0
4329.600000000166,532.2819213867188,0.00986794475466013,535.536865234375,2305843051882412096,B,12492.0,7.8445,-10.0
4330.400000000166,516.8153686523438,0.00977189652621746,524.3884887695312,2305843051882412096,B,12492.0,7.8445,-10.0
4331.200000000166,506.5444641113281,0.007843172177672386,513.0648803710938,2305843051882412096,B,12492.0,7.8445,-10.0
4332.000000000166,514.741943359375,0.009731346741318703,501.4011535644531,2305843051882412096,B,12492.0,7.8445,-10.0
4332.800000000167,506.73028564453125,0.008267566561698914,489.60797119140625,2305843051882412096,B,12492.0,7.8445,-10.0
4333.600000000167,496.064208984375,0.009417952969670296,477.496337890625,2305843051882412096,B,12492.0,7.8445,-10.0
4334.400000000167,472.6706237792969,0.010532822459936142,465.1107177734375,2305843051882412096,B,12492.0,7.8445,-10.0
4335.200000000167,446.61016845703125,0.010184782557189465,452.42742919921875,2305843051882412096,B,12492.0,7.8445,-10.0
4336.000000000167,455.38092041015625,0.010478317737579346,439.395263671875,2305843051882412096,B,12492.0,7.8445,-10.0
4336.8000000001675,424.92718505859375,0.011054521426558495,425.85662841796875,2305843051882412096,B,12492.0,7.8445,-10.0
4337.600000000168,417.7115478515625,0.011072306893765926,412.0868225097656,2305843051882412096,B,12492.0,7.8445,-10.0
4338.400000000168,404.9574890136719,0.01246241107583046,397.9002685546875,2305843051882412096,B,12492.0,7.8445,-10.0
4339.200000000168,394.3810119628906,0.01262282021343708,382.756103515625,2305843051882412096,B,12492.0,7.8445,-10.0
4340.000000000168,387.3074645996094,0.013947255909442902,366.0173034667969,2305843051882412096,B,12492.0,7.8445,-10.0
4340.800000000168,350.7022705078125,0.015445506200194359,345.8290100097656,2305843051882412096,B,12492.0,7.8445,-10.0
4341.600000000169,335.6357727050781,0.015516919083893299,325.0752258300781,2305843051882412096,B,12492.0,7.8445,-10.0
4342.400000000169,336.1721496582031,0.011973079293966293,317.4671936035156,2305843051882412096,B,12492.0,7.8445,-10.0
4343.200000000169,324.6219482421875,0.014579614624381065,333.4102783203125,2305843051882412096,B,12492.0,7.8445,-10.0
4344.000000000169,330.9544372558594,0.016321778297424316,355.4576721191406,2305843051882412096,B,12492.0,7.8445,-10.0
4344.800000000169,365.9288330078125,0.014019304886460304,373.3755798339844,2305843051882412096,B,12492.0,7.8445,-10.0
4345.6000000001695,401.2850341796875,0.010759471915662289,388.4898986816406,2305843051882412096,B,12492.0,7.8445,-10.0
4346.40000000017,410.14764404296875,0.01154949702322483,402.9819641113281,2305843051882412096,B,12492.0,7.8445,-10.0
4347.20000000017,421.0818176269531,0.01118375826627016,416.9403991699219,2305843051882412096,B,12492.0,7.8445,-10.0
4348.00000000017,433.5146179199219,0.009931749664247036,430.0734558105469,2305843051882412096,B,12492.0,7.8445,-10.0
4348.80000000017,459.6970520019531,0.00990553479641676,442.7634582519531,2305843051882412096,B,12492.0,7.8445,-10.0
4349.60000000017,461.2131042480469,0.00992918573319912,455.1341247558594,2305843051882412096,B,12492.0,7.8445,-10.0
4350.400000000171,456.20159912109375,0.010053407400846481,467.2145690917969,2305843051882412096,B,12492.0,7.8445,-10.0
4351.200000000171,454.2467956542969,0.009644553065299988,479.0603942871094,2305843051882412096,B,12492.0,7.8445,-10.0
4352.000000000171,476.88250732421875,0.008348684757947922,490.6780090332031,2305843051882412096,B,12492.0,7.8445,-10.0
4352.800000000171,465.6195373535156,0.01066635362803936,501.7767639160156,2305843051882412096,B,12492.0,7.8445,-10.0
4353.600000000171,541.880615234375,0.0077425274066627026,512.499755859375,2305843051882412096,B,12492.0,7.8445,-10.0
4354.4000000001715,498.8082580566406,0.008906499482691288,523.1691284179688,2305843051882412096,B,12492.0,7.8445,-10.0
4355.200000000172,507.7539978027344,0.009726512245833874,533.7681884765625,2305843051882412096,B,12492.0,7.8445,-10.0
4356.000000000172,542.3927612304688,0.008684446103870869,543.3416748046875,2305843051882412096,B,12492.0,7.8445,-10.0
4356.800000000172,586.1910400390625,0.007390329148620367,553.1634521484375,2305843051882412096,B,12492.0,7.8445,-10.0
4357.600000000172,590.817138671875,0.007238277234137058,562.6124877929688,2305843051882412096,B,12492.0,7.8445,-10.0
4358.400000000172,592.5031127929688,0.007436627987772226,571.653076171875,2305843051882412096,B,12492.0,7.8445,-10.0
4359.200000000173,608.3132934570312,0.006804181262850761,580.7669677734375,2305843051882412096,B,12492.0,7.8445,-10.0
4360.000000000173,570.5708618164062,0.008182969875633717,589.5381469726562,2305843051882412096,B,12492.0,7.8445,-10.0
4360.800000000173,594.97607421875,0.007234378717839718,598.0423583984375,2305843051882412096,B,12492.0,7.8445,-10.0
4361.600000000173,585.5177001953125,0.00710322568193078,606.2366333007812,2305843051882412096,B,12492.0,7.8445,-10.0
4362.400000000173,627.09423828125,0.006663955748081207,614.241943359375,2305843051882412096,B,12492.0,7.8445,-10.0
4363.2000000001735,649.5826416015625,0.006090699229389429,621.9949951171875,2305843051882412096,B,12492.0,7.8445,-10.0
4364.000000000174,644.7654418945312,0.006156996823847294,629.5625610351562,2305843051882412096,B,12492.0,7.8445,-10.0
4364.800000000174,664.220458984375,0.005619438365101814,636.8877563476562,2305843051882412096,B,12492.0,7.8445,-10.0
4365.600000000174,651.4493408203125,0.005508351605385542,643.9977416992188,2305843051882412096,B,12492.0,7.8445,-10.0
4366.400000000174,671.8736572265625,0.005370263010263443,650.8863525390625,2305843051882412096,B,12492.0,7.8445,-10.0
4367.200000000174,652.8942260742188,0.005602677818387747,657.9049072265625,2305843051882412096,B,12492.0,7.8445,-10.0
4368.000000000175,657.6608276367188,0.0047484696842730045,664.0635986328125,2305843051882412096,B,12492.0,7.8445,-10.0
4368.800000000175,715.1655883789062,0.004463797435164452,669.8912353515625,2305843051882412096,B,12492.0,7.8445,-10.0
4369.600000000175,686.4952392578125,0.0031748698092997074,675.8764038085938,2305843051882412096,B,12492.0,7.8445,-10.0
4370.400000000175,690.126708984375,0.0052519128657877445,681.8991088867188,2305843051882412096,B,12492.0,7.8445,-10.0
4371.200000000175,703.3599243164062,0.005109935998916626,687.83349609375,2305843051882412096,B,12492.0,7.8445,-10.0
4372.0000000001755,719.0556030273438,0.004678751341998577,693.8203125,2305843051882412096,B,12492.0,7.8445,-10.0
4372.800000000176,749.9429931640625,0.004524331074208021,699.6022338867188,2305843051882412096,B,12492.0,7.8445,-10.0
4373.600000000176,721.8101196289062,0.004631769843399525,705.0679931640625,2305843051882412096,B,12492.0,7.8445,-10.0
4374.400000000176,732.4953002929688,0.004492524079978466,710.2247314453125,2305843051882412096,B,12492.0,7.8445,-10.0
4375.200000000176,731.419189453125,0.004934897646307945,715.0045166015625,2305843051882412096,B,12492.0,7.8445,-10.0
4376.000000000176,722.9625244140625,0.005377618130296469,719.9033203125,2305843051882412096,B,12492.0,7.8445,-10.0
4376.800000000177,675.8624877929688,0.006057972088456154,724.6992797851562,2305843051882412096,B,12492.0,7.8445,-10.0
4377.600000000177,715.3552856445312,0.003548232838511467,729.477294921875,2305843051882412096,B,12492.0,7.8445,-10.0
4378.400000000177,730.4663696289062,0.004235770553350449,734.4110717773438,2305843051882412096,B,12492.0,7.8445,-10.0
4379.200000000177,719.270751953125,0.005412069149315357,739.0910034179688,2305843051882412096,B,12492.0,7.8445,-10.0
4380.000000000177,749.4949951171875,0.004872008692473173,743.4874877929688,2305843051882412096,B,12492.0,7.8445,-10.0
4380.8000000001775,767.057861328125,0.004386174492537975,747.5175170898438,2305843051882412096,B,12492.0,7.8445,-10.0
4381.600000000178,742.99365234375,0.004925264976918697,751.4022216796875,2305843051882412096,B,12492.0,7.8445,-10.0
4382.400000000178,811.5855102539062,0.003922619391232729,755.2797241210938,2305843051882412096,B,12492.0,7.8445,-10.0
4383.200000000178,796.724365234375,0.003573277499526739,759.110107421875,2305843051882412096,B,12492.0,7.8445,-10.0
4384.000000000178,782.3677368164062,0.003534975228831172,763.0236206054688,2305843051882412096,B,12492.0,7.8445,-10.0
4384.800000000178,777.2909545898438,0.0050224014557898045,766.8826904296875,2305843051882412096,B,12492.0,7.8445,-10.0
4385.600000000179,811.7028198242188,0.004011028446257114,770.619140625,2305843051882412096,B,12492.0,7.8445,-10.0
4386.400000000179,810.00927734375,0.00413652416318655,774.2233276367188,2305843051882412096,B,12492.0,7.8445,-10.0
4387.200000000179,818.7955322265625,0.0017289846437051892,777.385498046875,2305843051882412096,B,12492.0,7.8445,-10.0
4388.000000000179,751.4915771484375,0.004671364091336727,780.6852416992188,2305843051882412096,B,12492.0,7.8445,-10.0
4388.800000000179,828.1860961914062,0.003724682377651334,783.7996826171875,2305843051882412096,B,12492.0,7.8445,-10.0
4389.6000000001795,827.7058715820312,0.00377559382468462,786.9698486328125,2305843051882412096,B,12492.0,7.8445,-10.0
4390.40000000018,801.53369140625,0.003923612646758556,790.1619873046875,2305843051882412096,B,12492.0,7.8445,-10.0
4391.20000000018,793.5908813476562,0.004027300048619509,793.37548828125,2305843051882412096,B,12492.0,7.8445,-10.0
4392.00000000018,812.6433715820312,0.003808352630585432,796.6053466796875,2305843051882412096,B,12492.0,7.8445,-10.0
4392.80000000018,818.1494750976562,0.0030318910721689463,799.9476318359375,2305843051882412096,B,12492.0,7.8445,-10.0
4393.60000000018,809.7349243164062,0.0035284035839140415,803.4757690429688,2305843051882412096,B,12492.0,7.8445,-10.0
4394.400000000181,813.4895629882812,0.0041149817407131195,807.0263061523438,2305843051882412096,B,12492.0,7.8445,-10.0
4395.200000000181,808.1250610351562,0.004030828829854727,810.6560668945312,2305843051882412096,B,12492.0,7.8445,-10.0
4396.000000000181,866.00390625,0.003674022853374481,814.2058715820312,2305843051882412096,B,12492.0,7.8445,-10.0
4396.800000000181,820.2374877929688,0.004041085951030254,817.8109741210938,2305843051882412096,B,12492.0,7.8445,-10.0
4397.600000000181,835.9526977539062,0.0035955493804067373,821.4483642578125,2305843051882412096,B,12492.0,7.8445,-10.0
4398.4000000001815,780.2871704101562,0.004609094001352787,824.7813720703125,2305843051882412096,B,12492.0,7.8445,-10.0
4399.200000000182,796.2333984375,0.004291263874620199,828.0376586914062,2305843051882412096,B,12492.0,7.8445,-10.0
4400.000000000182,794.0614624023438,0.004372005350887775,830.971923828125,2305843051882412096,B,12492.0,7.8445,-10.0
4400.800000000182,828.5244750976562,0.0041220407001674175,833.76123046875,2305843051882412096,B,12492.0,7.8445,-10.0
4401.600000000182,813.5543212890625,0.004374306183308363,836.526611328125,2305843051882412096,B,12492.0,7.8445,-10.0
4402.400000000182,877.188232421875,0.003703495254740119,839.3614501953125,2305843051882412096,B,12492.0,7.8445,-10.0
4403.200000000183,880.7261352539062,0.0035826261155307293,842.011962890625,2305843051882412096,B,12492.0,7.8445,-10.0
4404.000000000183,769.7340698242188,0.004796442575752735,844.8385620117188,2305843051882412096,B,12492.0,7.8445,-10.0
4404.800000000183,821.8807373046875,0.004254644736647606,847.6129760742188,2305843051882412096,B,12492.0,7.8445,-10.0
4405.600000000183,856.2985229492188,0.0043153404258191586,849.9326171875,2305843051882412096,B,12492.0,7.8445,-10.0
4406.400000000183,873.1300659179688,0.004024402238428593,852.147705078125,2305843051882412096,B,12492.0,7.8445,-10.0
4407.2000000001835,806.1975708007812,0.004323585890233517,854.3305053710938,2305843051882412096,B,12492.0,7.8445,-10.0
4408.000000000184,812.09619140625,0.004574914928525686,856.2899780273438,2305843051882412096,B,12492.0,7.8445,-10.0
4408.800000000184,865.535400390625,0.004180771764367819,858.4967041015625,2305843051882412096,B,12492.0,7.8445,-10.0
4409.600000000184,818.285400390625,0.004500970244407654,860.5879516601562,2305843051882412096,B,12492.0,7.8445,-10.0
4410.400000000184,827.8421630859375,0.0042391810566186905,862.5673828125,2305843051882412096,B,12492.0,7.8445,-10.0
4411.200000000184,868.8742065429688,0.003913465421646833,864.6293334960938,2305843051882412096,B,12492.0,7.8445,-10.0
4412.000000000185,829.253662109375,0.004319400526583195,866.487548828125,2305843051882412096,B,12492.0,7.8445,-10.0
4412.800000000185,840.6084594726562,0.004249163903295994,868.065185546875,2305843051882412096,B,12492.0,7.8445,-10.0
4413.600000000185,868.2120971679688,0.003955731634050608,869.5623168945312,2305843051882412096,B,12492.0,7.8445,-10.0
4414.400000000185,856.70166015625,0.003994961269199848,871.2013549804688,2305843051882412096,B,12492.0,7.8445,-10.0
4415.200000000185,820.2893676757812,0.00389971025288105,872.6900634765625,2305843051882412096,B,12492.0,7.8445,-10.0
4416.0000000001855,835.5615844726562,0.004379321355372667,874.2822265625,2305843051882412096,B,12492.0,7.8445,-10.0
4416.800000000186,866.503173828125,0.004093368072062731,875.9069213867188,2305843051882412096,B,12492.0,7.8445,-10.0
4417.600000000186,866.2200927734375,0.003787150839343667,877.191162109375,2305843051882412096,B,12492.0,7.8445,-10.0
4418.400000000186,858.5293579101562,0.00403248704969883,878.556396484375,2305843051882412096,B,12492.0,7.8445,-10.0
4419.200000000186,866.7073974609375,0.004043632186949253,879.7239990234375,2305843051882412096,B,12492.0,7.8445,-10.0
4420.000000000186,914.486572265625,0.0036017305683344603,880.734375,2305843051882412096,B,12492.0,7.8445,-10.0
4420.800000000187,913.2830200195312,0.0034991221036762,881.9075927734375,2305843051882412096,B,12492.0,7.8445,-10.0
4421.600000000187,861.9122924804688,0.003921586088836193,883.0242309570312,2305843051882412096,B,12492.0,7.8445,-10.0
4422.400000000187,878.685302734375,0.0038534002378582954,883.9863891601562,2305843051882412096,B,12492.0,7.8445,-10.0
4423.200000000187,870.4194946289062,0.003063757438212633,885.080322265625,2305843051882412096,B,12492.0,7.8445,-10.0
4424.000000000187,900.919921875,0.003618891816586256,886.1267700195312,2305843051882412096,B,12492.0,7.8445,-10.0
4424.8000000001875,943.6819458007812,0.0028842242900282145,887.02978515625,2305843051882412096,B,12492.0,7.8445,-10.0
4425.600000000188,897.5968017578125,0.003796640317887068,887.7930297851562,2305843051882412096,B,12492.0,7.8445,-10.0
4426.400000000188,884.7083740234375,0.003957989625632763,888.6292114257812,2305843051882412096,B,12492.0,7.8445,-10.0
4427.200000000188,856.4727172851562,0.004388981964439154,889.1988525390625,2305843051882412096,B,12492.0,7.8445,-10.0
4428.000000000188,833.934326171875,0.0045932321809232235,890.0040893554688,2305843051882412096,B,12492.0,7.8445,-10.0
4428.800000000188,872.2677001953125,0.004302666522562504,890.7424926757812,2305843051882412096,B,12492.0,7.8445,-10.0
4429.600000000189,862.376220703125,0.004060906358063221,891.3561401367188,2305843051882412096,B,12492.0,7.8445,-10.0
4430.400000000189,906.5532836914062,0.004025989677757025,892.0659790039062,2305843051882412096,B,12492.0,7.8445,-10.0
4431.200000000189,877.844970703125,0.0042640953324735165,892.7261352539062,2305843051882412096,B,12492.0,7.8445,-10.0
4432.000000000189,931.9006958007812,0.004259906709194183,893.0360717773438,2305843051882412096,B,12492.0,7.8445,-10.0
4432.800000000189,911.0125122070312,0.004212003201246262,893.4407348632812,2305843051882412096,B,12492.0,7.8445,-10.0
4433.6000000001895,921.6055908203125,0.004428246524184942,893.840087890625,2305843051882412096,B,12492.0,7.8445,-10.0
4434.40000000019,882.2108154296875,0.004669155925512314,894.0841674804688,2305843051882412096,B,12492.0,7.8445,-10.0
4435.20000000019,914.54931640625,0.004357642959803343,894.4688110351562,2305843051882412096,B,12492.0,7.8445,-10.0
4436.00000000019,950.7996215820312,0.0046207415871322155,894.8909301757812,2305843051882412096,B,12492.0,7.8445,-10.0
4436.80000000019,870.0537719726562,0.005444363225251436,895.2174072265625,2305843051882412096,B,12492.0,7.8445,-10.0
4437.60000000019,901.3495483398438,0.004960158374160528,895.4573364257812,2305843051882412096,B,12492.0,7.8445,-10.0
4438.400000000191,867.3882446289062,0.005249722395092249,895.71533203125,2305843051882412096,B,12492.0,7.8445,-10.0
4439.200000000191,871.0853881835938,0.00544566847383976,895.8954467773438,2305843051882412096,B,12492.0,7.8445,-10.0
4440.000000000191,865.5003662109375,0.005551845300942659,896.0020751953125,2305843051882412096,B,12492.0,7.8445,-10.0
4440.800000000191,845.144775390625,0.005835697520524263,896.1957397460938,2305843051882412096,B,12492.0,7.8445,-10.0
4441.600000000191,901.1287841796875,0.005179074127227068,896.3858032226562,2305843051882412096,B,12492.0,7.8445,-10.0
4442.4000000001915,901.1561889648438,0.005322635173797607,896.5646362304688,2305843051882412096,B,12492.0,7.8445,-10.0
4443.200000000192,889.208740234375,0.005679724738001823,896.7598266601562,2305843051882412096,B,12492.0,7.8445,-10.0
4444.000000000192,881.47998046875,0.0058793057687580585,896.9013671875,2305843051882412096,B,12492.0,7.8445,-10.0
4444.800000000192,920.8609008789062,0.005310489796102047,896.9166259765625,2305843051882412096,B,12492.0,7.8445,-10.0
4445.600000000192,852.0802001953125,0.005730255041271448,897.0796508789062,2305843051882412096,B,12492.0,7.8445,-10.0
4446.400000000192,901.0492553710938,0.0058522834442555904,897.1802978515625,2305843051882412096,B,12492.0,7.8445,-10.0
4447.200000000193,817.6978759765625,0.006809517741203308,897.2880249023438,2305843051882412096,B,12492.0,7.8445,-10.0
4448.000000000193,888.2783203125,0.004283593501895666,897.3915405273438,2305843051882412096,B,12492.0,7.8445,-10.0
4448.800000000193,862.611083984375,0.006249743048101664,897.5845336914062,2305843051882412096,B,12492.0,7.8445,-10.0
4449.600000000193,904.9194946289062,0.004446679260581732,897.521484375,2305843051882412096,B,12492.0,7.8445,-10.0
4450.400000000193,862.0027465820312,0.006227091420441866,897.5589599609375,2305843051882412096,B,12492.0,7.8445,-10.0
4451.2000000001935,814.26025390625,0.006737778894603252,897.4973754882812,2305843051882412096,B,12492.0,7.8445,-10.0
4452.000000000194,840.5712280273438,0.00665009580552578,897.3259887695312,2305843051882412096,B,12492.0,7.8445,-10.0
4452.800000000194,905.4904174804688,0.005604363512247801,897.2235717773438,2305843051882412096,B,12492.0,7.8445,-10.0
4453.600000000194,875.5122680664062,0.006599066779017448,897.15673828125,2305843051882412096,B,12492.0,7.8445,-10.0
4454.400000000194,871.06201171875,0.005838498473167419,897.0257568359375,2305843051882412096,B,12492.0,7.8445,-10.0
4455.200000000194,886.5361938476562,0.004498844966292381,896.8411865234375,2305843051882412096,B,12492.0,7.8445,-10.0
4456.000000000195,906.5242919921875,0.0057976990938186646,896.8787231445312,2305843051882412096,B,12492.0,7.8445,-10.0
4456.800000000195,860.2659912109375,0.006513700820505619,896.50341796875,2305843051882412096,B,12492.0,7.8445,-10.0
4457.600000000195,903.3452758789062,0.005601157434284687,896.3468627929688,2305843051882412096,B,12492.0,7.8445,-10.0
4458.400000000195,923.9118041992188,0.006029200274497271,896.0744018554688,2305843051882412096,B,12492.0,7.8445,-10.0
4459.200000000195,915.8026733398438,0.006102290004491806,895.79248046875,2305843051882412096,B,12492.0,7.8445,-10.0
4460.0000000001955,865.2039794921875,0.007018232252448797,895.5802001953125,2305843051882412096,B,12492.0,7.8445,-10.0
4460.800000000196,864.3615112304688,0.006618555635213852,895.32080078125,2305843051882412096,B,12492.0,7.8445,-10.0
4461.600000000196,927.9126586914062,0.006116397213190794,895.0339965820312,2305843051882412096,B,12492.0,7.8445,-10.0
4462.400000000196,889.998779296875,0.006289721000939608,894.7974853515625,2305843051882412096,B,12492.0,7.8445,-10.0
4463.200000000196,889.329345703125,0.006665597669780254,894.4359741210938,2305843051882412096,B,12492.0,7.8445,-10.0
4464.000000000196,920.2796630859375,0.004083605483174324,894.0690307617188,2305843051882412096,B,12492.0,7.8445,-10.0
4464.800000000197,910.187744140625,0.005535943433642387,893.7481689453125,2305843051882412096,B,12492.0,7.8445,-10.0
4465.600000000197,904.5266723632812,0.006270195823162794,893.415771484375,2305843051882412096,B,12492.0,7.8445,-10.0
4466.400000000197,904.0200805664062,0.006465182173997164,893.0421752929688,2305843051882412096,B,12492.0,7.8445,-10.0
4467.200000000197,862.8945922851562,0.006880983244627714,892.684814453125,2305843051882412096,B,12492.0,7.8445,-10.0
4468.000000000197,900.4208984375,0.0065681217238307,892.375,2305843051882412096,B,12492.0,7.8445,-10.0
4468.8000000001975,884.528076171875,0.006565419491380453,891.9540405273438,2305843051882412096,B,12492.0,7.8445,-10.0
4469.600000000198,922.876708984375,0.005616587121039629,891.715087890625,2305843051882412096,B,12492.0,7.8445,-10.0
4470.400000000198,866.6544189453125,0.006831628270447254,891.6563110351562,2305843051882412096,B,12492.0,7.8445,-10.0
4471.200000000198,877.4439697265625,0.0066674998961389065,891.4723510742188,2305843051882412096,B,12492.0,7.8445,-10.0
4472.000000000198,941.3598022460938,0.005896903108805418,891.4746704101562,2305843051882412096,B,12492.0,7.8445,-10.0
4472.800000000198,888.2782592773438,0.006570793688297272,891.332275390625,2305843051882412096,B,12492.0,7.8445,-10.0
4473.600000000199,879.4541015625,0.00656491843983531,891.2509155273438,2305843051882412096,B,12492.0,7.8445,-10.0
4474.400000000199,903.2770385742188,0.005750906653702259,891.1062622070312,2305843051882412096,B,12492.0,7.8445,-10.0
4475.200000000199,893.9743041992188,0.0056768907234072685,891.1057739257812,2305843051882412096,B,12492.0,7.8445,-10.0
4476.000000000199,894.4105224609375,0.005868821870535612,891.3063354492188,2305843051882412096,B,12492.0,7.8445,-10.0
4476.800000000199,924.14404296875,0.005623305216431618,890.8515014648438,2305843051882412096,B,12492.0,7.8445,-10.0
4477.6000000001995,912.59326171875,0.005540357902646065,890.6948852539062,2305843051882412096,B,12492.0,7.8445,-10.0
4478.4000000002,896.7199096679688,0.0054871756583452225,890.613037109375,2305843051882412096,B,12492.0,7.8445,-10.0
4479.2000000002,889.7059326171875,0.005940954200923443,890.504150390625,2305843051882412096,B,12492.0,7.8445,-10.0
4480.0000000002,915.61572265625,0.005285284481942654,890.3560791015625,2305843051882412096,B,12492.0,7.8445,-10.0
4480.8000000002,914.85302734375,0.005184188485145569,890.241943359375,2305843051882412096,B,12492.0,7.8445,-10.0
4481.6000000002,952.8109130859375,0.005013379734009504,890.138916015625,2305843051882412096,B,12492.0,7.8445,-10.0
4482.400000000201,923.1791381835938,0.006039388477802277,890.0018310546875,2305843051882412096,B,12492.0,7.8445,-10.0
4483.200000000201,955.4645385742188,0.005602673627436161,890.08984375,2305843051882412096,B,12492.0,7.8445,-10.0
4484.000000000201,949.9946899414062,0.004886418115347624,889.9202270507812,2305843051882412096,B,12492.0,7.8445,-10.0
4484.800000000201,883.417724609375,0.006241916213184595,889.8776245117188,2305843051882412096,B,12492.0,7.8445,-10.0
4485.600000000201,890.1513671875,0.00659872405230999,889.8104248046875,2305843051882412096,B,12492.0,7.8445,-10.0
4486.4000000002015,852.8097534179688,0.00688851298764348,889.8199462890625,2305843051882412096,B,12492.0,7.8445,-10.0
4487.200000000202,844.643310546875,0.007239194121211767,889.77490234375,2305843051882412096,B,12492.0,7.8445,-10.0
4488.000000000202,898.0231323242188,0.00674710376188159,889.7293701171875,2305843051882412096,B,12492.0,7.8445,-10.0
4488.800000000202,857.2651977539062,0.007447296287864447,889.576904296875,2305843051882412096,B,12492.0,7.8445,-10.0
4489.600000000202,879.298828125,0.007187362760305405,889.407470703125,2305843051882412096,B,12492.0,7.8445,-10.0
4490.400000000202,878.1636962890625,0.00748441694304347,889.29150390625,2305843051882412096,B,12492.0,7.8445,-10.0
4491.200000000203,930.80908203125,0.006625683978199959,889.1917724609375,2305843051882412096,B,12492.0,7.8445,-10.0
4492.000000000203,897.6776733398438,0.006969194859266281,889.072509765625,2305843051882412096,B,12492.0,7.8445,-10.0
4492.800000000203,883.9591064453125,0.007267928682267666,888.9168701171875,2305843051882412096,B,12492.0,7.8445,-10.0
4493.600000000203,889.33837890625,0.006853975355625153,888.7396240234375,2305843051882412096,B,12492.0,7.8445,-10.0
4494.400000000203,909.86572265625,0.006697717122733593,888.629150390625,2305843051882412096,B,12492.0,7.8445,-10.0
4495.2000000002035,873.95556640625,0.007141782436519861,888.4116821289062,2305843051882412096,B,12492.0,7.8445,-10.0
4496.000000000204,873.4508666992188,0.007659300696104765,888.2327880859375,2305843051882412096,B,12492.0,7.8445,-10.0
4496.800000000204,888.1873168945312,0.006404459942132235,888.0382080078125,2305843051882412096,B,12492.0,7.8445,-10.0
4497.600000000204,940.111083984375,0.006045911461114883,887.7940063476562,2305843051882412096,B,12492.0,7.8445,-10.0
4498.400000000204,875.9542846679688,0.006861611269414425,887.5790405273438,2305843051882412096,B,12492.0,7.8445,-10.0
4499.200000000204,886.163818359375,0.006917140446603298,887.357177734375,2305843051882412096,B,12492.0,7.8445,-10.0
4500.000000000205,856.2689208984375,0.007893658243119717,887.0477294921875,2305843051882412096,B,12492.0,7.8445,-10.0
4500.800000000205,870.5559692382812,0.007391385734081268,886.9031372070312,2305843051882412096,B,12492.0,7.8445,-10.0
4501.600000000205,875.0250854492188,0.007113314233720303,886.7080078125,2305843051882412096,B,12492.0,7.8445,-10.0
4502.400000000205,903.1759033203125,0.007123736198991537,886.4493408203125,2305843051882412096,B,12492.0,7.8445,-10.0
4503.200000000205,930.493896484375,0.006300434470176697,886.1800537109375,2305843051882412096,B,12492.0,7.8445,-10.0
4504.000000000206,908.11962890625,0.006073948461562395,885.91455078125,2305843051882412096,B,12492.0,7.8445,-10.0
4504.800000000206,843.027587890625,0.0067704180255532265,885.5609130859375,2305843051882412096,B,12492.0,7.8445,-10.0
4505.600000000206,892.6383056640625,0.006836774293333292,885.355224609375,2305843051882412096,B,12492.0,7.8445,-10.0
4506.400000000206,893.7437744140625,0.007130500394850969,885.124267578125,2305843051882412096,B,12492.0,7.8445,-10.0
4507.200000000206,873.931396484375,0.007634930778294802,884.7456665039062,2305843051882412096,B,12492.0,7.8445,-10.0
4508.0000000002065,864.486328125,0.0075549655593931675,884.5587158203125,2305843051882412096,B,12492.0,7.8445,-10.0
4508.800000000207,938.466796875,0.0055210473947227,884.2813720703125,2305843051882412096,B,12492.0,7.8445,-10.0
4509.600000000207,832.8624267578125,0.008262689225375652,883.897705078125,2305843051882412096,B,12492.0,7.8445,-10.0
4510.400000000207,859.4000244140625,0.007325297221541405,883.55517578125,2305843051882412096,B,12492.0,7.8445,-10.0
4511.200000000207,888.7548828125,0.0070249526761472225,883.265625,2305843051882412096,B,12492.0,7.8445,-10.0
4512.000000000207,911.5514526367188,0.006677073892205954,882.8302001953125,2305843051882412096,B,12492.0,7.8445,-10.0
4512.800000000208,908.8846435546875,0.006627346388995647,882.5548095703125,2305843051882412096,B,12492.0,7.8445,-10.0
4513.600000000208,868.2195434570312,0.007422762457281351,882.2442016601562,2305843051882412096,B,12492.0,7.8445,-10.0
4514.400000000208,930.61181640625,0.006877073086798191,881.6653442382812,2305843051882412096,B,12492.0,7.8445,-10.0
4515.200000000208,906.1105346679688,0.007215996738523245,881.1012573242188,2305843051882412096,B,12492.0,7.8445,-10.0
4516.000000000208,899.1231079101562,0.007563900202512741,880.4992065429688,2305843051882412096,B,12492.0,7.8445,-10.0
4516.8000000002085,947.6751098632812,0.006380312144756317,879.662109375,2305843051882412096,B,12492.0,7.8445,-10.0
4517.600000000209,919.5032958984375,0.006692244205623865,879.0515747070312,2305843051882412096,B,12492.0,7.8445,-10.0
4518.400000000209,878.0609130859375,0.007381151895970106,878.4149169921875,2305843051882412096,B,12492.0,7.8445,-10.0
4519.200000000209,878.6572265625,0.007585302926599979,877.6990356445312,2305843051882412096,B,12492.0,7.8445,-10.0
4520.000000000209,894.2578735351562,0.00678673479706049,877.1008911132812,2305843051882412096,B,12492.0,7.8445,-10.0
4520.800000000209,891.6034545898438,0.007514172699302435,876.6979370117188,2305843051882412096,B,12492.0,7.8445,-10.0
4521.60000000021,931.4617919921875,0.006553558632731438,876.4647216796875,2305843051882412096,B,12492.0,7.8445,-10.0
4522.40000000021,886.245361328125,0.007279614917933941,876.3348999023438,2305843051882412096,B,12492.0,7.8445,-10.0
4523.20000000021,874.0861206054688,0.007518544793128967,876.238037109375,2305843051882412096,B,12492.0,7.8445,-10.0
4524.00000000021,882.6578369140625,0.00785389356315136,876.0166015625,2305843051882412096,B,12492.0,7.8445,-10.0
4524.80000000021,893.8539428710938,0.0065619805827736855,875.9318237304688,2305843051882412096,B,12492.0,7.8445,-10.0
4525.6000000002105,871.6585083007812,0.007634234149008989,875.8322143554688,2305843051882412096,B,12492.0,7.8445,-10.0
4526.400000000211,922.2896118164062,0.006845497991889715,875.6652221679688,2305843051882412096,B,12492.0,7.8445,-10.0
4527.200000000211,943.2786865234375,0.006580187939107418,875.4788818359375,2305843051882412096,B,12492.0,7.8445,-10.0
4528.000000000211,914.4568481445312,0.007629187311977148,875.271240234375,2305843051882412096,B,12492.0,7.8445,-10.0
4528.800000000211,922.575927734375,0.006560971960425377,874.9705810546875,2305843051882412096,B,12492.0,7.8445,-10.0
4529.600000000211,874.49853515625,0.007377998903393745,874.7041015625,2305843051882412096,B,12492.0,7.8445,-10.0
4530.400000000212,903.4202270507812,0.007038932293653488,874.42919921875,2305843051882412096,B,12492.0,7.8445,-10.0
4531.200000000212,900.1996459960938,0.007184598594903946,874.1058349609375,2305843051882412096,B,12492.0,7.8445,-10.0
4532.000000000212,938.8947143554688,0.0073763104155659676,873.8062744140625,2305843051882412096,B,12492.0,7.8445,-10.0
4532.800000000212,904.4819946289062,0.006913226097822189,873.5526733398438,2305843051882412096,B,12492.0,7.8445,-10.0
4533.600000000212,860.9977416992188,0.007929308339953423,873.1825561523438,2305843051882412096,B,12492.0,7.8445,-10.0
4534.4000000002125,877.5430297851562,0.00744672492146492,872.906494140625,2305843051882412096,B,12492.0,7.8445,-10.0
4535.200000000213,913.244873046875,0.007103247568011284,872.6201782226562,2305843051882412096,B,12492.0,7.8445,-10.0
4536.000000000213,926.6156005859375,0.007059984374791384,872.2055053710938,2305843051882412096,B,12492.0,7.8445,-10.0
4536.800000000213,929.6417846679688,0.007264880463480949,871.9022827148438,2305843051882412096,B,12492.0,7.8445,-10.0
4537.600000000213,874.8457641601562,0.00778758991509676,871.5972290039062,2305843051882412096,B,12492.0,7.8445,-10.0
4538.400000000213,807.2606201171875,0.008831791579723358,871.149169921875,2305843051882412096,B,12492.0,7.8445,-10.0
4539.200000000214,837.8382568359375,0.008710658177733421,870.8970336914062,2305843051882412096,B,12492.0,7.8445,-10.0
4540.000000000214,881.5234375,0.007562320213764906,870.5999755859375,2305843051882412096,B,12492.0,7.8445,-10.0
4540.800000000214,912.9612426757812,0.007274956442415714,870.166015625,2305843051882412096,B,12492.0,7.8445,-10.0
4541.600000000214,895.016357421875,0.007391506806015968,869.8320922851562,2305843051882412096,B,12492.0,7.8445,-10.0
4542.400000000214,864.458984375,0.008221522904932499,869.53466796875,2305843051882412096,B,12492.0,7.8445,-10.0
4543.2000000002145,851.6124267578125,0.00808772724121809,869.0966796875,2305843051882412096,B,12492.0,7.8445,-10.0
4544.000000000215,877.7244262695312,0.0075872670859098434,868.801025390625,2305843051882412096,B,12492.0,7.8445,-10.0
4544.800000000215,850.8345336914062,0.008153200149536133,868.40869140625,2305843051882412096,B,12492.0,7.8445,-10.0
4545.600000000215,877.501220703125,0.006567974109202623,868.0626831054688,2305843051882412096,B,12492.0,7.8445,-10.0
4546.400000000215,840.17529296875,0.00854124128818512,867.6864013671875,2305843051882412096,B,12492.0,7.8445,-10.0
4547.200000000215,869.695556640625,0.00781067181378603,867.3772583007812,2305843051882412096,B,12492.0,7.8445,-10.0
4548.000000000216,857.1333618164062,0.008224911987781525,866.9810791015625,2305843051882412096,B,12492.0,7.8445,-10.0
4548.800000000216,868.1549682617188,0.007802770938724279,866.6732177734375,2305843051882412096,B,12492.0,7.8445,-10.0
4549.600000000216,911.8677978515625,0.00633632019162178,866.3214721679688,2305843051882412096,B,12492.0,7.8445,-10.0
4550.400000000216,880.4082641601562,0.007351349573582411,865.8297729492188,2305843051882412096,B,12492.0,7.8445,-10.0
4551.200000000216,860.6878662109375,0.007921862415969372,865.5143432617188,2305843051882412096,B,12492.0,7.8445,-10.0
4552.0000000002165,847.4100341796875,0.004029801581054926,865.2051391601562,2305843051882412096,B,12492.0,7.8445,-10.0
4552.800000000217,902.6536254882812,0.007330732420086861,864.7346801757812,2305843051882412096,B,12492.0,7.8445,-10.0
4553.600000000217,879.3649291992188,0.007785177323967218,864.4444580078125,2305843051882412096,B,12492.0,7.8445,-10.0
4554.400000000217,905.3423461914062,0.007136285770684481,864.0347290039062,2305843051882412096,B,12492.0,7.8445,-10.0
4555.200000000217,912.2548828125,0.006684008054435253,863.64208984375,2305843051882412096,B,12492.0,7.8445,-10.0
4556.000000000217,874.1018676757812,0.007336674723774195,863.4085083007812,2305843051882412096,B,12492.0,7.8445,-10.0
4556.800000000218,868.79638671875,0.008091891184449196,862.9618530273438,2305843051882412096,B,12492.0,7.8445,-10.0
4557.600000000218,850.3753051757812,0.00792643427848816,862.5331420898438,2305843051882412096,B,12492.0,7.8445,-10.0
4558.400000000218,906.354736328125,0.005568066146224737,862.083984375,2305843051882412096,B,12492.0,7.8445,-10.0
4559.200000000218,857.2525024414062,0.007561307400465012,861.718994140625,2305843051882412096,B,12492.0,7.8445,-10.0
4560.000000000218,868.4544067382812,0.007957368157804012,861.3705444335938,2305843051882412096,B,12492.0,7.8445,-10.0
4560.8000000002185,869.3948974609375,0.00773452827706933,860.9612426757812,2305843051882412096,B,12492.0,7.8445,-10.0
4561.600000000219,875.9631958007812,0.007896976545453072,860.5586547851562,2305843051882412096,B,12492.0,7.8445,-10.0
4562.400000000219,869.5477905273438,0.008092179894447327,860.1580810546875,2305843051882412096,B,12492.0,7.8445,-10.0
4563.200000000219,862.9061279296875,0.0078652398660779,859.7904663085938,2305843051882412096,B,12492.0,7.8445,-10.0
4564.000000000219,850.7806396484375,0.008157220669090748,859.3847045898438,2305843051882412096,B,12492.0,7.8445,-10.0
4564.800000000219,889.5120849609375,0.007545468397438526,858.9989013671875,2305843051882412096,B,12492.0,7.8445,-10.0
4565.60000000022,859.224365234375,0.008086822926998138,858.6246337890625,2305843051882412096,B,12492.0,7.8445,-10.0
4566.40000000022,882.2996826171875,0.00762548390775919,858.1942138671875,2305843051882412096,B,12492.0,7.8445,-10.0
4567.20000000022,924.7870483398438,0.0072267684154212475,857.8228149414062,2305843051882412096,B,12492.0,7.8445,-10.0
4568.00000000022,910.9561767578125,0.007085329852998257,857.3377685546875,2305843051882412096,B,12492.0,7.8445,-10.0
4568.80000000022,896.0155639648438,0.007209962233901024,856.9838256835938,2305843051882412096,B,12492.0,7.8445,-10.0
4569.6000000002205,843.2354125976562,0.00792235042899847,856.5887451171875,2305843051882412096,B,12492.0,7.8445,-10.0
4570.400000000221,855.7451171875,0.00807651225477457,856.1450805664062,2305843051882412096,B,12492.0,7.8445,-10.0
4571.200000000221,919.8990478515625,0.007453483063727617,855.8555297851562,2305843051882412096,B,12492.0,7.8445,-10.0
4572.000000000221,830.9824829101562,0.005785280838608742,855.4227294921875,2305843051882412096,B,12492.0,7.8445,-10.0
4572.800000000221,842.0715942382812,0.008834662847220898,855.0466918945312,2305843051882412096,B,12492.0,7.8445,-10.0
4573.600000000221,833.7338256835938,0.007938219234347343,854.6672973632812,2305843051882412096,B,12492.0,7.8445,-10.0
4574.400000000222,828.1051025390625,0.008093361742794514,854.1470947265625,2305843051882412096,B,12492.0,7.8445,-10.0
4575.200000000222,888.629150390625,0.007556049153208733,853.77783203125,2305843051882412096,B,12492.0,7.8445,-10.0
4576.000000000222,876.8615112304688,0.00766689982265234,853.4179077148438,2305843051882412096,B,12492.0,7.8445,-10.0
4576.800000000222,839.978759765625,0.008503410033881664,852.9627075195312,2305843051882412096,B,12492.0,7.8445,-10.0
4577.600000000222,829.702880859375,0.008598056621849537,852.5927124023438,2305843051882412096,B,12492.0,7.8445,-10.0
4578.4000000002225,854.6226806640625,0.007894917391240597,852.2553100585938,2305843051882412096,B,12492.0,7.8445,-10.0
4579.200000000223,836.4336547851562,0.008350769989192486,851.70361328125,2305843051882412096,B,12492.0,7.8445,-10.0
4580.000000000223,836.4614868164062,0.008157595992088318,851.329345703125,2305843051882412096,B,12492.0,7.8445,-10.0
4580.800000000223,837.30029296875,0.008140705525875092,851.0234375,2305843051882412096,B,12492.0,7.8445,-10.0
4581.600000000223,834.207275390625,0.008354336023330688,850.4970092773438,2305843051882412096,B,12492.0,7.8445,-10.0
4582.400000000223,858.6007080078125,0.008062038570642471,850.1608276367188,2305843051882412096,B,12492.0,7.8445,-10.0
4583.200000000224,874.2272338867188,0.007383452262729406,849.7332763671875,2305843051882412096,B,12492.0,7.8445,-10.0
4584.000000000224,837.4349365234375,0.008192027918994427,849.3114013671875,2305843051882412096,B,12492.0,7.8445,-10.0
4584.800000000224,880.898193359375,0.007637495175004005,848.9119873046875,2305843051882412096,B,12492.0,7.8445,-10.0
4585.600000000224,845.5748291015625,0.008262475952506065,848.4920043945312,2305843051882412096,B,12492.0,7.8445,-10.0
4586.400000000224,836.3609008789062,0.008042910136282444,848.091064453125,2305843051882412096,B,12492.0,7.8445,-10.0
4587.2000000002245,846.2015991210938,0.008333020843565464,847.7216186523438,2305843051882412096,B,12492.0,7.8445,-10.0
4588.000000000225,863.1347045898438,0.007004781160503626,847.2920532226562,2305843051882412096,B,12492.0,7.8445,-10.0
4588.800000000225,866.1023559570312,0.007537247613072395,846.8862915039062,2305843051882412096,B,12492.0,7.8445,-10.0
4589.600000000225,845.7859497070312,0.00806420762091875,846.421630859375,2305843051882412096,B,12492.0,7.8445,-10.0
4590.400000000225,866.0789184570312,0.007521914318203926,846.0565795898438,2305843051882412096,B,12492.0,7.8445,-10.0
4591.200000000225,839.3674926757812,0.008106510154902935,845.5734252929688,2305843051882412096,B,12492.0,7.8445,-10.0
4592.000000000226,844.8470458984375,0.007735146209597588,845.1871948242188,2305843051882412096,B,12492.0,7.8445,-10.0
4592.800000000226,855.9803466796875,0.00809729564934969,844.8296508789062,2305843051882412096,B,12492.0,7.8445,-10.0
4593.600000000226,838.0880737304688,0.008765218779444695,844.3096923828125,2305843051882412096,B,12492.0,7.8445,-10.0
4594.400000000226,836.9015502929688,0.008480433374643326,843.9603271484375,2305843051882412096,B,12492.0,7.8445,-10.0
4595.200000000226,802.3575439453125,0.00917789526283741,843.5387573242188,2305843051882412096,B,12492.0,7.8445,-10.0
4596.0000000002265,865.4264526367188,0.0074868593364953995,843.0740966796875,2305843051882412096,B,12492.0,7.8445,-10.0
4596.800000000227,849.447265625,0.008307537995278835,842.687744140625,2305843051882412096,B,12492.0,7.8445,-10.0
4597.600000000227,816.64404296875,0.008882410824298859,842.2767944335938,2305843051882412096,B,12492.0,7.8445,-10.0
4598.400000000227,901.51220703125,0.0073521938174963,841.8343505859375,2305843051882412096,B,12492.0,7.8445,-10.0
4599.200000000227,846.5904541015625,0.008445805869996548,841.4464111328125,2305843051882412096,B,12492.0,7.8445,-10.0
4600.000000000227,798.6226196289062,0.009280156344175339,841.0496826171875,2305843051882412096,B,12492.0,7.8445,-10.0
4600.800000000228,810.298583984375,0.00874670222401619,840.57421875,2305843051882412096,B,12492.0,7.8445,-10.0
4601.600000000228,858.946044921875,0.00833013467490673,840.2240600585938,2305843051882412096,B,12492.0,7.8445,-10.0
4602.400000000228,828.4970092773438,0.008771264925599098,839.78857421875,2305843051882412096,B,12492.0,7.8445,-10.0
4603.200000000228,800.4874877929688,0.008132497780025005,839.3461303710938,2305843051882412096,B,12492.0,7.8445,-10.0
4604.000000000228,857.6497802734375,0.008221380412578583,838.933349609375,2305843051882412096,B,12492.0,7.8445,-10.0
4604.8000000002285,861.5031127929688,0.008028719574213028,838.5133666992188,2305843051882412096,B,12492.0,7.8445,-10.0
4605.600000000229,852.9662475585938,0.008163977414369583,838.1200561523438,2305843051882412096,B,12492.0,7.8445,-10.0
4606.400000000229,851.0606689453125,0.008175565861165524,837.6958618164062,2305843051882412096,B,12492.0,7.8445,-10.0
4607.200000000229,841.141357421875,0.00812807772308588,837.202392578125,2305843051882412096,B,12492.0,7.8445,-10.0
4608.000000000229,863.4759521484375,0.007935230620205402,836.8143310546875,2305843051882412096,B,12492.0,7.8445,-10.0
4608.800000000229,847.4200439453125,0.008038465864956379,836.3954467773438,2305843051882412096,B,12492.0,7.8445,-10.0
4609.60000000023,850.025390625,0.00741370115429163,835.9974975585938,2305843051882412096,B,12492.0,7.8445,-10.0
4610.40000000023,859.0214233398438,0.007977243512868881,835.5538330078125,2305843051882412096,B,12492.0,7.8445,-10.0
4611.20000000023,809.6368408203125,0.007751394994556904,835.0978393554688,2305843051882412096,B,12492.0,7.8445,-10.0
4612.00000000023,862.871826171875,0.006826901342719793,834.7141723632812,2305843051882412096,B,12492.0,7.8445,-10.0
4612.80000000023,841.2055053710938,0.008450939320027828,834.2525634765625,2305843051882412096,B,12492.0,7.8445,-10.0
4613.6000000002305,858.8832397460938,0.007947629317641258,833.8468017578125,2305843051882412096,B,12492.0,7.8445,-10.0
4614.400000000231,849.6981811523438,0.008498959243297577,833.3865356445312,2305843051882412096,B,12492.0,7.8445,-10.0
4615.200000000231,890.8091430664062,0.007468696683645248,832.9552612304688,2305843051882412096,B,12492.0,7.8445,-10.0
4616.000000000231,853.6614990234375,0.007861504331231117,832.5359497070312,2305843051882412096,B,12492.0,7.8445,-10.0
4616.800000000231,796.7904663085938,0.009171209298074245,832.0946655273438,2305843051882412096,B,12492.0,7.8445,-10.0
4617.600000000231,834.024169921875,0.008593999780714512,831.6851196289062,2305843051882412096,B,12492.0,7.8445,-10.0
4618.400000000232,821.3414916992188,0.008584031835198402,831.25634765625,2305843051882412096,B,12492.0,7.8445,-10.0
4619.200000000232,802.482177734375,0.008930615149438381,830.7797241210938,2305843051882412096,B,12492.0,7.8445,-10.0
4620.000000000232,824.71533203125,0.007760435342788696,830.3299560546875,2305843051882412096,B,12492.0,7.8445,-10.0
4620.800000000232,864.8062133789062,0.00782958697527647,829.9495849609375,2305843051882412096,B,12492.0,7.8445,-10.0
4621.600000000232,808.8990478515625,0.007481292821466923,829.4547729492188,2305843051882412096,B,12492.0,7.8445,-10.0
4622.4000000002325,830.9453125,0.008044601418077946,829.0364990234375,2305843051882412096,B,12492.0,7.8445,-10.0
4623.200000000233,849.2674560546875,0.007449915166944265,828.6238403320312,2305843051882412096,B,12492.0,7.8445,-10.0
4624.000000000233,833.4647216796875,0.008612319827079773,828.1148681640625,2305843051882412096,B,12492.0,7.8445,-10.0
4624.800000000233,829.4234619140625,0.008193330839276314,827.7018432617188,2305843051882412096,B,12492.0,7.8445,-10.0
4625.600000000233,823.5800170898438,0.008707431145012379,827.318603515625,2305843051882412096,B,12492.0,7.8445,-10.0
4626.400000000233,837.1998901367188,0.008495531976222992,826.78564453125,2305843051882412096,B,12492.0,7.8445,-10.0
4627.200000000234,836.7228393554688,0.008295949548482895,826.4620361328125,2305843051882412096,B,12492.0,7.8445,-10.0
4628.000000000234,845.6334228515625,0.007985305041074753,825.9920043945312,2305843051882412096,B,12492.0,7.8445,-10.0
4628.800000000234,791.4730834960938,0.009268533438444138,825.471923828125,2305843051882412096,B,12492.0,7.8445,-10.0
4629.600000000234,800.6883544921875,0.009014898911118507,825.0634765625,2305843051882412096,B,12492.0,7.8445,-10.0
4630.400000000234,803.3756103515625,0.009109527803957462,824.6275024414062,2305843051882412096,B,12492.0,7.8445,-10.0
4631.2000000002345,864.8599853515625,0.007966575212776661,824.1336059570312,2305843051882412096,B,12492.0,7.8445,-10.0
4632.000000000235,852.2891845703125,0.007333189249038696,823.7354125976562,2305843051882412096,B,12492.0,7.8445,-10.0
4632.800000000235,801.6670532226562,0.00907888077199459,823.3072509765625,2305843051882412096,B,12492.0,7.8445,-10.0
4633.600000000235,845.7978515625,0.008022098802030087,822.8084716796875,2305843051882412096,B,12492.0,7.8445,-10.0
4634.400000000235,784.3433227539062,0.009427225217223167,822.328125,2305843051882412096,B,12492.0,7.8445,-10.0
4635.200000000235,857.8456420898438,0.008093778043985367,821.9165649414062,2305843051882412096,B,12492.0,7.8445,-10.0
4636.000000000236,806.0531005859375,0.00930565595626831,821.4326782226562,2305843051882412096,B,12492.0,7.8445,-10.0
4636.800000000236,771.3250732421875,0.009935827925801277,821.0317993164062,2305843051882412096,B,12492.0,7.8445,-10.0
4637.600000000236,831.6112060546875,0.008518309332430363,820.5431518554688,2305843051882412096,B,12492.0,7.8445,-10.0
4638.400000000236,811.53564453125,0.008136879652738571,820.1079711914062,2305843051882412096,B,12492.0,7.8445,-10.0
4639.200000000236,801.9015502929688,0.009149382822215557,819.6737060546875,2305843051882412096,B,12492.0,7.8445,-10.0
4640.0000000002365,886.3148803710938,0.0072301654145121574,819.1912231445312,2305843051882412096,B,12492.0,7.8445,-10.0
4640.800000000237,805.005615234375,0.009029924869537354,818.7256469726562,2305843051882412096,B,12492.0,7.8445,-10.0
4641.600000000237,805.73974609375,0.008461452089250088,818.319580078125,2305843051882412096,B,12492.0,7.8445,-10.0
4642.400000000237,811.7757568359375,0.007789961062371731,817.8068237304688,2305843051882412096,B,12492.0,7.8445,-10.0
4643.200000000237,830.9378662109375,0.008177556097507477,817.3645629882812,2305843051882412096,B,12492.0,7.8445,-10.0
4644.000000000237,820.9149780273438,0.008291728794574738,816.9254760742188,2305843051882412096,B,12492.0,7.8445,-10.0
4644.800000000238,861.4920043945312,0.007739358581602573,816.4559326171875,2305843051882412096,B,12492.0,7.8445,-10.0
4645.600000000238,835.633544921875,0.008053163066506386,815.9515991210938,2305843051882412096,B,12492.0,7.8445,-10.0
4646.400000000238,850.9843139648438,0.007610036060214043,815.5264892578125,2305843051882412096,B,12492.0,7.8445,-10.0
4647.200000000238,848.4796142578125,0.007926829159259796,815.0777587890625,2305843051882412096,B,12492.0,7.8445,-10.0
4648.000000000238,869.353271484375,0.008092528209090233,814.6038818359375,2305843051882412096,B,12492.0,7.8445,-10.0
4648.8000000002385,857.6000366210938,0.008212180808186531,814.1549072265625,2305843051882412096,B,12492.0,7.8445,-10.0
4649.600000000239,816.1144409179688,0.008582253009080887,813.6707763671875,2305843051882412096,B,12492.0,7.8445,-10.0
4650.400000000239,853.743896484375,0.008026374503970146,813.187744140625,2305843051882412096,B,12492.0,7.8445,-10.0
4651.200000000239,809.1786499023438,0.008375534787774086,812.7757568359375,2305843051882412096,B,12492.0,7.8445,-10.0
4652.000000000239,819.21484375,0.008709488436579704,812.2316284179688,2305843051882412096,B,12492.0,7.8445,-10.0
4652.800000000239,853.3380126953125,0.008498375304043293,811.805419921875,2305843051882412096,B,12492.0,7.8445,-10.0
4653.60000000024,825.781982421875,0.008671936579048634,811.314453125,2305843051882412096,B,12492.0,7.8445,-10.0
4654.40000000024,809.385498046875,0.009247113019227982,810.8410034179688,2305843051882412096,B,12492.0,7.8445,-10.0
4655.20000000024,853.9127807617188,0.00822223350405693,810.375732421875,2305843051882412096,B,12492.0,7.8445,-10.0
4656.00000000024,811.5891723632812,0.009302757680416107,809.9564819335938,2305843051882412096,B,12492.0,7.8445,-10.0
4656.80000000024,830.4812622070312,0.008446794003248215,809.4219970703125,2305843051882412096,B,12492.0,7.8445,-10.0
4657.6000000002405,834.732666015625,0.00897146575152874,808.9891967773438,2305843051882412096,B,12492.0,7.8445,-10.0
4658.400000000241,834.9942626953125,0.0084770442917943,808.5497436523438,2305843051882412096,B,12492.0,7.8445,-10.0
4659.200000000241,787.9041748046875,0.008620278909802437,807.9801025390625,2305843051882412096,B,12492.0,7.8445,-10.0
4660.000000000241,833.6065063476562,0.00798636581748724,807.5741577148438,2305843051882412096,B,12492.0,7.8445,-10.0
4660.800000000241,794.93359375,0.009224280714988708,807.0924072265625,2305843051882412096,B,12492.0,7.8445,-10.0
4661.600000000241,796.0049438476562,0.009016107767820358,806.55419921875,2305843051882412096,B,12492.0,7.8445,-10.0
4662.400000000242,831.2437133789062,0.00839351024478674,806.1103515625,2305843051882412096,B,12492.0,7.8445,-10.0
4663.200000000242,796.8736572265625,0.009059670381247997,805.628662109375,2305843051882412096,B,12492.0,7.8445,-10.0
4664.000000000242,840.975341796875,0.008308038115501404,805.1157836914062,2305843051882412096,B,12492.0,7.8445,-10.0
4664.800000000242,835.7955932617188,0.008700517937541008,804.65869140625,2305843051882412096,B,12492.0,7.8445,-10.0
4665.600000000242,851.668701171875,0.008099041879177094,804.1751708984375,2305843051882412096,B,12492.0,7.8445,-10.0
4666.4000000002425,790.6390991210938,0.009461662732064724,803.637451171875,2305843051882412096,B,12492.0,7.8445,-10.0
4667.200000000243,850.4144897460938,0.008237600326538086,803.1673583984375,2305843051882412096,B,12492.0,7.8445,-10.0
4668.000000000243,830.891845703125,0.00927966833114624,802.6934814453125,2305843051882412096,B,12492.0,7.8445,-10.0
4668.800000000243,890.3679809570312,0.007883481681346893,802.155029296875,2305843051882412096,B,12492.0,7.8445,-10.0
4669.600000000243,846.2328491210938,0.008688978850841522,801.6749267578125,2305843051882412096,B,12492.0,7.8445,-10.0
4670.400000000243,857.8936767578125,0.007230984512716532,801.1512451171875,2305843051882412096,B,12492.0,7.8445,-10.0
4671.200000000244,860.0805053710938,0.007699543610215187,800.62744140625,2305843051882412096,B,12492.0,7.8445,-10.0
4672.000000000244,783.3848266601562,0.009437204338610172,800.16015625,2305843051882412096,B,12492.0,7.8445,-10.0
4672.800000000244,823.1080932617188,0.008853288367390633,799.6231079101562,2305843051882412096,B,12492.0,7.8445,-10.0
4673.600000000244,819.5054321289062,0.00890339445322752,799.11328125,2305843051882412096,B,12492.0,7.8445,-10.0
4674.400000000244,829.2658081054688,0.008955084718763828,798.6287841796875,2305843051882412096,B,12492.0,7.8445,-10.0
4675.2000000002445,812.5439453125,0.008554015308618546,798.0982055664062,2305843051882412096,B,12492.0,7.8445,-10.0
4676.000000000245,828.220703125,0.008708151057362556,797.5548095703125,2305843051882412096,B,12492.0,7.8445,-10.0
4676.800000000245,833.9749145507812,0.008697936311364174,797.0789794921875,2305843051882412096,B,12492.0,7.8445,-10.0
4677.600000000245,820.3934326171875,0.008873172104358673,796.5533447265625,2305843051882412096,B,12492.0,7.8445,-10.0
4678.400000000245,833.0823364257812,0.008511824533343315,795.975830078125,2305843051882412096,B,12492.0,7.8445,-10.0
4679.200000000245,807.8126220703125,0.008755992166697979,795.4635620117188,2305843051882412096,B,12492.0,7.8445,-10.0
4680.000000000246,824.6022338867188,0.00841180607676506,794.9744262695312,2305843051882412096,B,12492.0,7.8445,-10.0
4680.800000000246,817.8401489257812,0.008738755248486996,794.3900146484375,2305843051882412096,B,12492.0,7.8445,-10.0
4681.600000000246,820.030517578125,0.009063812904059887,793.893798828125,2305843051882412096,B,12492.0,7.8445,-10.0
4682.400000000246,829.6420288085938,0.009143956936895847,793.3535766601562,2305843051882412096,B,12492.0,7.8445,-10.0
4683.200000000246,803.6536254882812,0.00932762585580349,792.8076171875,2305843051882412096,B,12492.0,7.8445,-10.0
4684.0000000002465,818.7052612304688,0.007405455224215984,792.282958984375,2305843051882412096,B,12492.0,7.8445,-10.0
4684.800000000247,818.0386352539062,0.008462593890726566,791.72265625,2305843051882412096,B,12492.0,7.8445,-10.0
4685.600000000247,822.31689453125,0.00879187323153019,791.1636962890625,2305843051882412096,B,12492.0,7.8445,-10.0
4686.400000000247,812.3319091796875,0.009163928218185902,790.651123046875,2305843051882412096,B,12492.0,7.8445,-10.0
4687.200000000247,801.5686645507812,0.008960725739598274,790.0738525390625,2305843051882412096,B,12492.0,7.8445,-10.0
4688.000000000247,843.8742065429688,0.00845430139452219,789.5550537109375,2305843051882412096,B,12492.0,7.8445,-10.0
4688.800000000248,781.844482421875,0.008527092635631561,788.939208984375,2305843051882412096,B,12492.0,7.8445,-10.0
4689.600000000248,776.7466430664062,0.009201294742524624,788.4080200195312,2305843051882412096,B,12492.0,7.8445,-10.0
4690.400000000248,772.4566650390625,0.010070604272186756,787.7828369140625,2305843051882412096,B,12492.0,7.8445,-10.0
4691.200000000248,812.6398315429688,0.009270472452044487,787.2630615234375,2305843051882412096,B,12492.0,7.8445,-10.0
4692.000000000248,817.6226806640625,0.007608997635543346,786.670166015625,2305843051882412096,B,12492.0,7.8445,-10.0
4692.8000000002485,807.3689575195312,0.00939388107508421,786.1133422851562,2305843051882412096,B,12492.0,7.8445,-10.0
4693.600000000249,828.7748413085938,0.008605215698480606,785.5571899414062,2305843051882412096,B,12492.0,7.8445,-10.0
4694.400000000249,820.9451904296875,0.008911244571208954,784.8936157226562,2305843051882412096,B,12492.0,7.8445,-10.0
4695.200000000249,785.5828857421875,0.009242977946996689,784.3087768554688,2305843051882412096,B,12492.0,7.8445,-10.0
4696.000000000249,816.599609375,0.008845777250826359,783.7394409179688,2305843051882412096,B,12492.0,7.8445,-10.0
4696.800000000249,819.5435180664062,0.009040666744112968,783.0384521484375,2305843051882412096,B,12492.0,7.8445,-10.0
4697.60000000025,823.3305053710938,0.008635062724351883,782.47412109375,2305843051882412096,B,12492.0,7.8445,-10.0
4698.40000000025,783.9080200195312,0.009437967091798782,781.8455810546875,2305843051882412096,B,12492.0,7.8445,-10.0
4699.20000000025,776.6117553710938,0.00816441886126995,781.2383422851562,2305843051882412096,B,12492.0,7.8445,-10.0
4700.00000000025,788.7849731445312,0.009509742259979248,780.601806640625,2305843051882412096,B,12492.0,7.8445,-10.0
4700.80000000025,823.6474609375,0.008546113967895508,779.9575805664062,2305843051882412096,B,12492.0,7.8445,-10.0
4701.6000000002505,776.4881591796875,0.009725375100970268,779.1961669921875,2305843051882412096,B,12492.0,7.8445,-10.0
4702.400000000251,784.4227905273438,0.009312683716416359,778.5597534179688,2305843051882412096,B,12492.0,7.8445,-10.0
4703.200000000251,780.0321044921875,0.008494477719068527,777.9013671875,2305843051882412096,B,12492.0,7.8445,-10.0
4704.000000000251,785.7362670898438,0.009282165206968784,777.14306640625,2305843051882412096,B,12492.0,7.8445,-10.0
4704.800000000251,799.7667846679688,0.008578944019973278,776.4550170898438,2305843051882412096,B,12492.0,7.8445,-10.0
4705.600000000251,813.1498413085938,0.007240261882543564,775.7787475585938,2305843051882412096,B,12492.0,7.8445,-10.0
4706.400000000252,821.2647705078125,0.008733836933970451,774.8773803710938,2305843051882412096,B,12492.0,7.8445,-10.0
4707.200000000252,819.0390625,0.008906506933271885,774.0255126953125,2305843051882412096,B,12492.0,7.8445,-10.0
4708.000000000252,783.17919921875,0.008190436288714409,773.069580078125,2305843051882412096,B,12492.0,7.8445,-10.0
4708.800000000252,784.4137573242188,0.009527744725346565,772.0751342773438,2305843051882412096,B,12492.0,7.8445,-10.0
4709.600000000252,793.6162719726562,0.009195670485496521,771.1383666992188,2305843051882412096,B,12492.0,7.8445,-10.0
4710.4000000002525,788.3245849609375,0.009598498232662678,770.1630859375,2305843051882412096,B,12492.0,7.8445,-10.0
4711.200000000253,768.5084228515625,0.008966035209596157,769.2045288085938,2305843051882412096,B,12492.0,7.8445,-10.0
4712.000000000253,780.8794555664062,0.008526438847184181,768.2122802734375,2305843051882412096,B,12492.0,7.8445,-10.0
4712.800000000253,767.5394897460938,0.009669395163655281,767.3771362304688,2305843051882412096,B,12492.0,7.8445,-10.0
4713.600000000253,773.0691528320312,0.009791325777769089,766.5980224609375,2305843051882412096,B,12492.0,7.8445,-10.0
4714.400000000253,788.7720947265625,0.008925078436732292,765.8606567382812,2305843051882412096,B,12492.0,7.8445,-10.0
4715.200000000254,810.2658081054688,0.007659010589122772,765.140869140625,2305843051882412096,B,12492.0,7.8445,-10.0
4716.000000000254,778.8780517578125,0.010110437870025635,764.3905639648438,2305843051882412096,B,12492.0,7.8445,-10.0
4716.800000000254,763.8652954101562,0.009003697894513607,763.6350708007812,2305843051882412096,B,12492.0,7.8445,-10.0
4717.600000000254,777.06884765625,0.008693443611264229,762.8968505859375,2305843051882412096,B,12492.0,7.8445,-10.0
4718.400000000254,733.8898315429688,0.010827111080288887,762.2298583984375,2305843051882412096,B,12492.0,7.8445,-10.0
4719.2000000002545,754.366455078125,0.010340549051761627,761.626953125,2305843051882412096,B,12492.0,7.8445,-10.0
4720.000000000255,794.965576171875,0.00901051051914692,761.1173095703125,2305843051882412096,B,12492.0,7.8445,-10.0
4720.800000000255,804.8341064453125,0.008846675977110863,760.7405395507812,2305843051882412096,B,12492.0,7.8445,-10.0
4721.600000000255,787.2352294921875,0.009621880017220974,760.3775024414062,2305843051882412096,B,12492.0,7.8445,-10.0
4722.400000000255,754.3234252929688,0.0102843027561903,759.9378662109375,2305843051882412096,B,12492.0,7.8445,-10.0
4723.200000000255,775.1655883789062,0.009621876291930676,759.58203125,2305843051882412096,B,12492.0,7.8445,-10.0
4724.000000000256,778.7555541992188,0.009921230375766754,759.1422119140625,2305843051882412096,B,12492.0,7.8445,-10.0
4724.800000000256,750.8697509765625,0.00929860770702362,758.7184448242188,2305843051882412096,B,12492.0,7.8445,-10.0
4725.600000000256,773.2884521484375,0.009451714344322681,758.1406860351562,2305843051882412096,B,12492.0,7.8445,-10.0
4726.400000000256,750.526611328125,0.010167749598622322,757.56640625,2305843051882412096,B,12492.0,7.8445,-10.0
4727.200000000256,773.2216186523438,0.009340997785329819,756.9015502929688,2305843051882412096,B,12492.0,7.8445,-10.0
4728.0000000002565,756.5267333984375,0.003980708308517933,756.28466796875,2305843051882412096,B,12492.0,7.8445,-10.0
4728.800000000257,766.30078125,0.005624578334391117,755.7232055664062,2305843051882412096,B,12492.0,7.8445,-10.0
4729.600000000257,728.6376342773438,0.010564125142991543,754.7157592773438,2305843051882412096,B,12492.0,7.8445,-10.0
4730.400000000257,755.3822631835938,0.010284719988703728,754.1336669921875,2305843051882412096,B,12492.0,7.8445,-10.0
4731.200000000257,784.2042846679688,0.009643618017435074,753.42578125,2305843051882412096,B,12492.0,7.8445,-10.0
4732.000000000257,784.9434814453125,0.009433363564312458,752.70263671875,2305843051882412096,B,12492.0,7.8445,-10.0
4732.800000000258,791.4293823242188,0.009212369099259377,751.9661865234375,2305843051882412096,B,12492.0,7.8445,-10.0
4733.600000000258,769.6422729492188,0.00945502519607544,751.1370849609375,2305843051882412096,B,12492.0,7.8445,-10.0
4734.400000000258,774.1502075195312,0.00965004414319992,750.36572265625,2305843051882412096,B,12492.0,7.8445,-10.0
4735.200000000258,780.3358764648438,0.009806997142732143,749.5714111328125,2305843051882412096,B,12492.0,7.8445,-10.0
4736.000000000258,747.724609375,0.010159906931221485,748.763916015625,2305843051882412096,B,12492.0,7.8445,-10.0
4736.8000000002585,753.9259643554688,0.009846622124314308,747.9679565429688,2305843051882412096,B,12492.0,7.8445,-10.0
4737.600000000259,778.8256225585938,0.009639961645007133,747.17529296875,2305843051882412096,B,12492.0,7.8445,-10.0
4738.400000000259,746.4129028320312,0.010744493454694748,746.3561401367188,2305843051882412096,B,12492.0,7.8445,-10.0
4739.200000000259,742.5849609375,0.00980795081704855,745.5142822265625,2305843051882412096,B,12492.0,7.8445,-10.0
4740.000000000259,753.697509765625,0.010125157423317432,744.6480102539062,2305843051882412096,B,12492.0,7.8445,-10.0
4740.800000000259,724.8920288085938,0.010414237156510353,743.7532348632812,2305843051882412096,B,12492.0,7.8445,-10.0
4741.60000000026,729.847900390625,0.010665582492947578,742.9066772460938,2305843051882412096,B,12492.0,7.8445,-10.0
4742.40000000026,754.7243041992188,0.010076597332954407,742.0957641601562,2305843051882412096,B,12492.0,7.8445,-10.0
4743.20000000026,734.6448364257812,0.009721647948026657,741.1603393554688,2305843051882412096,B,12492.0,7.8445,-10.0
4744.00000000026,748.3453979492188,0.009917285293340683,740.34130859375,2305843051882412096,B,12492.0,7.8445,-10.0
4744.80000000026,726.5662841796875,0.010819927789270878,739.422607421875,2305843051882412096,B,12492.0,7.8445,-10.0
4745.6000000002605,748.6596069335938,0.01016087643802166,738.4951782226562,2305843051882412096,B,12492.0,7.8445,-10.0
4746.400000000261,748.62646484375,0.010056165978312492,737.5965576171875,2305843051882412096,B,12492.0,7.8445,-10.0
4747.200000000261,729.6690063476562,0.010617736726999283,736.5911254882812,2305843051882412096,B,12492.0,7.8445,-10.0
4748.000000000261,754.0094604492188,0.009641911834478378,735.6502685546875,2305843051882412096,B,12492.0,7.8445,-10.0
4748.800000000261,738.98974609375,0.009930655360221863,734.7650146484375,2305843051882412096,B,12492.0,7.8445,-10.0
4749.600000000261,728.4740600585938,0.010977019555866718,733.7832641601562,2305843051882412096,B,12492.0,7.8445,-10.0
4750.400000000262,712.7744140625,0.010690746828913689,732.7982177734375,2305843051882412096,B,12492.0,7.8445,-10.0
4751.200000000262,725.581787109375,0.010266724973917007,731.8085327148438,2305843051882412096,B,12492.0,7.8445,-10.0
4752.000000000262,723.4202880859375,0.010649551637470722,730.7822265625,2305843051882412096,B,12492.0,7.8445,-10.0
4752.800000000262,744.2708740234375,0.01015559770166874,729.8232421875,2305843051882412096,B,12492.0,7.8445,-10.0
4753.600000000262,736.1480712890625,0.010525812394917011,728.8147583007812,2305843051882412096,B,12492.0,7.8445,-10.0
4754.4000000002625,753.2899169921875,0.00970892608165741,727.7000122070312,2305843051882412096,B,12492.0,7.8445,-10.0
4755.200000000263,738.3702392578125,0.010007341392338276,726.655029296875,2305843051882412096,B,12492.0,7.8445,-10.0
4756.000000000263,745.9653930664062,0.010204710997641087,725.6525268554688,2305843051882412096,B,12492.0,7.8445,-10.0
4756.800000000263,747.7493896484375,0.010051577351987362,724.5823974609375,2305843051882412096,B,12492.0,7.8445,-10.0
4757.600000000263,739.4815063476562,0.010401246137917042,723.566650390625,2305843051882412096,B,12492.0,7.8445,-10.0
4758.400000000263,707.1472778320312,0.010421974584460258,722.4549560546875,2305843051882412096,B,12492.0,7.8445,-10.0
4759.200000000264,719.5647583007812,0.010161511600017548,721.2938842773438,2305843051882412096,B,12492.0,7.8445,-10.0
4760.000000000264,730.4611206054688,0.010051333345472813,720.2000122070312,2305843051882412096,B,12492.0,7.8445,-10.0
4760.800000000264,718.2318725585938,0.01068634632974863,719.0684204101562,2305843051882412096,B,12492.0,7.8445,-10.0
4761.600000000264,741.921875,0.009960928931832314,717.9319458007812,2305843051882412096,B,12492.0,7.8445,-10.0
4762.400000000264,706.1680297851562,0.01094362884759903,716.83251953125,2305843051882412096,B,12492.0,7.8445,-10.0
4763.2000000002645,719.818603515625,0.010705642402172089,715.6866455078125,2305843051882412096,B,12492.0,7.8445,-10.0
4764.000000000265,713.7398681640625,0.01101702731102705,714.5301513671875,2305843051882412096,B,12492.0,7.8445,-10.0
4764.800000000265,712.0582885742188,0.010754317976534367,713.3087768554688,2305843051882412096,B,12492.0,7.8445,-10.0
4765.600000000265,716.5797729492188,0.010648608207702637,712.013671875,2305843051882412096,B,12492.0,7.8445,-10.0
4766.400000000265,722.8435668945312,0.010419007390737534,710.8163452148438,2305843051882412096,B,12492.0,7.8445,-10.0
4767.200000000265,731.6961059570312,0.010707932524383068,709.568603515625,2305843051882412096,B,12492.0,7.8445,-10.0
4768.000000000266,730.1959838867188,0.010625530034303665,708.3402099609375,2305843051882412096,B,12492.0,7.8445,-10.0
4768.800000000266,691.7153930664062,0.011113634333014488,707.0860595703125,2305843051882412096,B,12492.0,7.8445,-10.0
4769.600000000266,692.9896850585938,0.011407958343625069,705.841552734375,2305843051882412096,B,12492.0,7.8445,-10.0
4770.400000000266,679.0718383789062,0.011679477989673615,704.5415649414062,2305843051882412096,B,12492.0,7.8445,-10.0
4771.200000000266,674.2900390625,0.011745053343474865,703.1915283203125,2305843051882412096,B,12492.0,7.8445,-10.0
4772.0000000002665,697.77392578125,0.010808894410729408,701.87646484375,2305843051882412096,B,12492.0,7.8445,-10.0
4772.800000000267,718.5924072265625,0.010612436570227146,700.4747924804688,2305843051882412096,B,12492.0,7.8445,-10.0
4773.600000000267,735.7340698242188,0.010233049280941486,699.1475219726562,2305843051882412096,B,12492.0,7.8445,-10.0
4774.400000000267,691.5576782226562,0.011020326986908913,697.7999877929688,2305843051882412096,B,12492.0,7.8445,-10.0
4775.200000000267,704.2862548828125,0.010621798224747181,696.4334106445312,2305843051882412096,B,12492.0,7.8445,-10.0
4776.000000000267,680.4566650390625,0.011196833103895187,695.0518798828125,2305843051882412096,B,12492.0,7.8445,-10.0
4776.800000000268,659.1630249023438,0.011878952383995056,693.646728515625,2305843051882412096,B,12492.0,7.8445,-10.0
4777.600000000268,695.9522094726562,0.011185639537870884,692.1416015625,2305843051882412096,B,12492.0,7.8445,-10.0
4778.400000000268,680.3145141601562,0.010640338994562626,690.6759643554688,2305843051882412096,B,12492.0,7.8445,-10.0
4779.200000000268,681.6228637695312,0.01108573004603386,689.1727294921875,2305843051882412096,B,12492.0,7.8445,-10.0
4780.000000000268,673.8181762695312,0.011429631151258945,687.6519165039062,2305843051882412096,B,12492.0,7.8445,-10.0
4780.8000000002685,692.560302734375,0.011082883924245834,686.1922607421875,2305843051882412096,B,12492.0,7.8445,-10.0
4781.600000000269,663.0029907226562,0.01222403533756733,684.6713256835938,2305843051882412096,B,12492.0,7.8445,-10.0
4782.400000000269,721.7529296875,0.009924335405230522,683.1360473632812,2305843051882412096,B,12492.0,7.8445,-10.0
4783.200000000269,685.8019409179688,0.010962692089378834,681.5820922851562,2305843051882412096,B,12492.0,7.8445,-10.0
4784.000000000269,693.8118286132812,0.010146640241146088,679.95458984375,2305843051882412096,B,12492.0,7.8445,-10.0
4784.800000000269,684.9228515625,0.011306043714284897,678.2948608398438,2305843051882412096,B,12492.0,7.8445,-10.0
4785.60000000027,693.43310546875,0.010240243747830391,676.6821899414062,2305843051882412096,B,12492.0,7.8445,-10.0
4786.40000000027,661.3444213867188,0.011964372359216213,674.880615234375,2305843051882412096,B,12492.0,7.8445,-10.0
4787.20000000027,639.2756958007812,0.00799321848899126,673.2221069335938,2305843051882412096,B,12492.0,7.8445,-10.0
4788.00000000027,669.1260375976562,0.01162805501371622,671.5790405273438,2305843051882412096,B,12492.0,7.8445,-10.0
4788.80000000027,684.5631103515625,0.00826391763985157,669.8997802734375,2305843051882412096,B,12492.0,7.8445,-10.0
4789.6000000002705,675.309814453125,0.010996803641319275,668.0905151367188,2305843051882412096,B,12492.0,7.8445,-10.0
4790.400000000271,656.698974609375,0.01204647496342659,666.2885131835938,2305843051882412096,B,12492.0,7.8445,-10.0
4791.200000000271,664.9625854492188,0.011820110492408276,664.38720703125,2305843051882412096,B,12492.0,7.8445,-10.0
4792.000000000271,672.4259643554688,0.011262865737080574,662.5181884765625,2305843051882412096,B,12492.0,7.8445,-10.0
4792.800000000271,655.2083740234375,0.01195058599114418,660.6926879882812,2305843051882412096,B,12492.0,7.8445,-10.0
4793.600000000271,661.1057739257812,0.011652443557977676,658.77099609375,2305843051882412096,B,12492.0,7.8445,-10.0
4794.400000000272,624.5941162109375,0.010670027695596218,656.81689453125,2305843051882412096,B,12492.0,7.8445,-10.0
4795.200000000272,644.684326171875,0.009836601093411446,655.0210571289062,2305843051882412096,B,12492.0,7.8445,-10.0
4796.000000000272,661.0967407226562,0.01153201051056385,652.9696655273438,2305843051882412096,B,12492.0,7.8445,-10.0
4796.800000000272,651.8553466796875,0.01133296824991703,650.9028930664062,2305843051882412096,B,12492.0,7.8445,-10.0
4797.600000000272,652.552978515625,0.011179114691913128,648.8388671875,2305843051882412096,B,12492.0,7.8445,-10.0
4798.4000000002725,632.2730102539062,0.010736576281487942,646.7015991210938,2305843051882412096,B,12492.0,7.8445,-10.0
4799.200000000273,628.9483642578125,0.009375075809657574,644.518798828125,2305843051882412096,B,12492.0,7.8445,-10.0
4800.000000000273,632.344970703125,0.012705091387033463,642.3534545898438,2305843051882412096,B,12492.0,7.8445,-10.0
4800.800000000273,644.525146484375,0.011579131707549095,640.4166870117188,2305843051882412096,B,12492.0,7.8445,-10.0
4801.600000000273,665.5262451171875,0.011751758866012096,638.2125244140625,2305843051882412096,B,12492.0,7.8445,-10.0
4802.400000000273,603.2987060546875,0.012314005754888058,635.960693359375,2305843051882412096,B,12492.0,7.8445,-10.0
4803.200000000274,581.3452758789062,0.01355911884456873,633.6341552734375,2305843051882412096,B,12492.0,7.8445,-10.0
4804.000000000274,631.0839233398438,0.011888396926224232,631.2892456054688,2305843051882412096,B,12492.0,7.8445,-10.0
4804.800000000274,617.0283203125,0.012231826782226562,628.8834228515625,2305843051882412096,B,12492.0,7.8445,-10.0
4805.600000000274,623.6598510742188,0.0119390357285738,626.5280151367188,2305843051882412096,B,12492.0,7.8445,-10.0
4806.400000000274,618.2683715820312,0.012828826904296875,624.168212890625,2305843051882412096,B,12492.0,7.8445,-10.0
4807.2000000002745,628.864990234375,0.01200687326490879,621.76513671875,2305843051882412096,B,12492.0,7.8445,-10.0
4808.000000000275,619.8411865234375,0.012491989880800247,619.3651733398438,2305843051882412096,B,12492.0,7.8445,-10.0
4808.800000000275,608.5546875,0.012033067643642426,616.8685302734375,2305843051882412096,B,12492.0,7.8445,-10.0
4809.600000000275,652.9694213867188,0.011061983183026314,614.23779296875,2305843051882412096,B,12492.0,7.8445,-10.0
4810.400000000275,595.170654296875,0.011449817568063736,611.6160278320312,2305843051882412096,B,12492.0,7.8445,-10.0
4811.200000000275,614.0349731445312,0.01220480166375637,608.9488525390625,2305843051882412096,B,12492.0,7.8445,-10.0
4812.000000000276,603.0029296875,0.01253752876073122,606.2711791992188,2305843051882412096,B,12492.0,7.8445,-10.0
4812.800000000276,599.8334350585938,0.012162482365965843,603.6311645507812,2305843051882412096,B,12492.0,7.8445,-10.0
4813.600000000276,616.5562744140625,0.012134336866438389,600.9625244140625,2305843051882412096,B,12492.0,7.8445,-10.0
4814.400000000276,590.2678833007812,0.012610608711838722,598.2525634765625,2305843051882412096,B,12492.0,7.8445,-10.0
4815.200000000276,569.4752197265625,0.014156891033053398,595.4493408203125,2305843051882412096,B,12492.0,7.8445,-10.0
4816.0000000002765,573.4207763671875,0.013086261227726936,592.511474609375,2305843051882412096,B,12492.0,7.8445,-10.0
4816.800000000277,564.8413696289062,0.013549906201660633,589.4835205078125,2305843051882412096,B,12492.0,7.8445,-10.0
4817.600000000277,586.3665771484375,0.013054963201284409,586.5211791992188,2305843051882412096,B,12492.0,7.8445,-10.0
4818.400000000277,560.6627197265625,0.012999370694160461,583.4600830078125,2305843051882412096,B,12492.0,7.8445,-10.0
4819.200000000277,572.47998046875,0.013048073276877403,580.4908447265625,2305843051882412096,B,12492.0,7.8445,-10.0
4820.000000000277,570.9850463867188,0.013076278381049633,577.492919921875,2305843051882412096,B,12492.0,7.8445,-10.0
4820.800000000278,558.349609375,0.014201452024281025,574.4066772460938,2305843051882412096,B,12492.0,7.8445,-10.0
4821.600000000278,580.6088256835938,0.012883905321359634,571.2173461914062,2305843051882412096,B,12492.0,7.8445,-10.0
4822.400000000278,563.2392578125,0.013426605612039566,567.8247680664062,2305843051882412096,B,12492.0,7.8445,-10.0
4823.200000000278,565.7193603515625,0.013531802222132683,564.3626098632812,2305843051882412096,B,12492.0,7.8445,-10.0
4824.000000000278,543.3015747070312,0.01363656111061573,560.9102172851562,2305843051882412096,B,12492.0,7.8445,-10.0
4824.8000000002785,582.5072021484375,0.012952432036399841,557.4798583984375,2305843051882412096,B,12492.0,7.8445,-10.0
4825.600000000279,548.8651733398438,0.012075703591108322,554.0446166992188,2305843051882412096,B,12492.0,7.8445,-10.0
4826.400000000279,567.34765625,0.01037045568227768,550.5841674804688,2305843051882412096,B,12492.0,7.8445,-10.0
4827.200000000279,547.5684814453125,0.013704877346754074,547.0621337890625,2305843051882412096,B,12492.0,7.8445,-10.0
4828.000000000279,524.0643920898438,0.01452846173197031,543.3140869140625,2305843051882412096,B,12492.0,7.8445,-10.0
4828.800000000279,533.3561401367188,0.014246867969632149,539.3909912109375,2305843051882412096,B,12492.0,7.8445,-10.0
4829.60000000028,532.7070922851562,0.011940225958824158,535.3475952148438,2305843051882412096,B,12492.0,7.8445,-10.0
4830.40000000028,544.7606201171875,0.013633589260280132,531.2842407226562,2305843051882412096,B,12492.0,7.8445,-10.0
4831.20000000028,542.4450073242188,0.012937504798173904,527.28466796875,2305843051882412096,B,12492.0,7.8445,-10.0
4832.00000000028,510.0462646484375,0.015410976484417915,523.2236938476562,2305843051882412096,B,12492.0,7.8445,-10.0
4832.80000000028,512.71240234375,0.013783736154437065,519.1576538085938,2305843051882412096,B,12492.0,7.8445,-10.0
4833.6000000002805,513.4063110351562,0.014191248454153538,515.1195068359375,2305843051882412096,B,12492.0,7.8445,-10.0
4834.400000000281,495.12152099609375,0.013018576428294182,510.67431640625,2305843051882412096,B,12492.0,7.8445,-10.0
4835.200000000281,504.38238525390625,0.013910984620451927,506.0472717285156,2305843051882412096,B,12492.0,7.8445,-10.0
4836.000000000281,482.7089538574219,0.015909770503640175,501.3623962402344,2305843051882412096,B,12492.0,7.8445,-10.0
4836.800000000281,474.9999084472656,0.017271028831601143,496.5798034667969,2305843051882412096,B,12492.0,7.8445,-10.0
4837.600000000281,483.51025390625,0.016197778284549713,491.8741760253906,2305843051882412096,B,12492.0,7.8445,-10.0
4838.400000000282,486.0403137207031,0.01537652313709259,487.1350402832031,2305843051882412096,B,12492.0,7.8445,-10.0
4839.200000000282,485.0418395996094,0.014542512595653534,482.352783203125,2305843051882412096,B,12492.0,7.8445,-10.0
4840.000000000282,489.75616455078125,0.014738477766513824,477.55438232421875,2305843051882412096,B,12492.0,7.8445,-10.0
4840.800000000282,467.17669677734375,0.015379300341010094,472.5185852050781,2305843051882412096,B,12492.0,7.8445,-10.0
4841.600000000282,471.8497314453125,0.016283869743347168,467.2857971191406,2305843051882412096,B,12492.0,7.8445,-10.0
4842.4000000002825,460.6491394042969,0.014294222928583622,461.91375732421875,2305843051882412096,B,12492.0,7.8445,-10.0
4843.200000000283,457.20989990234375,0.016833428293466568,456.4891357421875,2305843051882412096,B,12492.0,7.8445,-10.0
4844.000000000283,459.983154296875,0.014496015384793282,450.9153747558594,2305843051882412096,B,12492.0,7.8445,-10.0
4844.800000000283,452.5175476074219,0.017034251242876053,445.1580810546875,2305843051882412096,B,12492.0,7.8445,-10.0
4845.600000000283,444.90728759765625,0.0139598548412323,439.2884826660156,2305843051882412096,B,12492.0,7.8445,-10.0
4846.400000000283,417.3241882324219,0.01810835488140583,433.40264892578125,2305843051882412096,B,12492.0,7.8445,-10.0
4847.200000000284,413.4259033203125,0.018305890262126923,427.3399353027344,2305843051882412096,B,12492.0,7.8445,-10.0
4848.000000000284,426.5460205078125,0.017629411071538925,421.06927490234375,2305843051882412096,B,12492.0,7.8445,-10.0
4848.800000000284,405.6330261230469,0.016491815447807312,414.6759338378906,2305843051882412096,B,12492.0,7.8445,-10.0
4849.600000000284,413.6720886230469,0.017069390043616295,408.1119689941406,2305843051882412096,B,12492.0,7.8445,-10.0
4850.400000000284,421.73675537109375,0.017589818686246872,401.4290466308594,2305843051882412096,B,12492.0,7.8445,-10.0
4851.2000000002845,397.81829833984375,0.018680838868021965,394.6116027832031,2305843051882412096,B,12492.0,7.8445,-10.0
4852.000000000285,387.7677307128906,0.01847696490585804,387.60650634765625,2305843051882412096,B,12492.0,7.8445,-10.0
4852.800000000285,396.2252197265625,0.01822318322956562,380.4652099609375,2305843051882412096,B,12492.0,7.8445,-10.0
4853.600000000285,380.4867858886719,0.018870072439312935,373.16650390625,2305843051882412096,B,12492.0,7.8445,-10.0
4854.400000000285,367.1634521484375,0.021216869354248047,365.70123291015625,2305843051882412096,B,12492.0,7.8445,-10.0
4855.200000000285,360.63653564453125,0.01982693001627922,358.1039123535156,2305843051882412096,B,12492.0,7.8445,-10.0
4856.000000000286,351.6961975097656,0.014803797006607056,350.3244934082031,2305843051882412096,B,12492.0,7.8445,-10.0
4856.800000000286,354.11578369140625,0.020274287089705467,342.4044189453125,2305843051882412096,B,12492.0,7.8445,-10.0
4857.600000000286,343.6504211425781,0.018774032592773438,334.1756591796875,2305843051882412096,B,12492.0,7.8445,-10.0
4858.400000000286,351.2298278808594,0.0191691555082798,325.6689453125,2305843051882412096,B,12492.0,7.8445,-10.0
4859.200000000286,314.77606201171875,0.021662723273038864,316.3349609375,2305843051882412096,B,12492.0,7.8445,-10.0
4860.0000000002865,308.7116394042969,0.017519518733024597,306.6378479003906,2305843051882412096,B,12492.0,7.8445,-10.0
4860.800000000287,301.4295349121094,0.013128857128322124,295.53765869140625,2305843051882412096,B,12492.0,7.8445,-10.0
4861.600000000287,276.3315734863281,0.03087552636861801,280.48455810546875,2305843051882412096,B,12492.0,7.8445,-10.0
4862.400000000287,266.4263916015625,0.03217696398496628,260.279541015625,2305843051882412096,B,12492.0,7.8445,-10.0
4863.200000000287,265.6554260253906,0.028592385351657867,246.13539123535156,2305843051882412096,B,12492.0,7.8445,-10.0
4864.000000000287,262.17694091796875,0.028484854847192764,256.765380859375,2305843051882412096,B,12492.0,7.8445,-10.0
4864.800000000288,299.841796875,0.025150470435619354,277.0711669921875,2305843051882412096,B,12492.0,7.8445,-10.0
4865.600000000288,293.7688293457031,0.025494037196040154,292.55560302734375,2305843051882412096,B,12492.0,7.8445,-10.0
4866.400000000288,298.8790283203125,0.02194821834564209,303.87042236328125,2305843051882412096,B,12492.0,7.8445,-10.0
4867.200000000288,322.49798583984375,0.021952500566840172,313.6905517578125,2305843051882412096,B,12492.0,7.8445,-10.0
4868.000000000288,317.4531555175781,0.023851018399000168,322.65216064453125,2305843051882412096,B,12492.0,7.8445,-10.0
4868.8000000002885,339.6161804199219,0.02112364023923874,330.98663330078125,2305843051882412096,B,12492.0,7.8445,-10.0
4869.600000000289,347.4881591796875,0.020486503839492798,338.9425354003906,2305843051882412096,B,12492.0,7.8445,-10.0
4870.400000000289,340.0799560546875,0.021776575595140457,346.68505859375,2305843051882412096,B,12492.0,7.8445,-10.0
4871.200000000289,358.3201904296875,0.021148324012756348,354.1876220703125,2305843051882412096,B,12492.0,7.8445,-10.0
4872.000000000289,370.1897888183594,0.020377889275550842,361.5005798339844,2305843051882412096,B,12492.0,7.8445,-10.0
4872.800000000289,363.4390563964844,0.022346805781126022,368.6011657714844,2305843051882412096,B,12492.0,7.8445,-10.0
4873.60000000029,399.27667236328125,0.01581978052854538,375.4703674316406,2305843051882412096,B,12492.0,7.8445,-10.0
4874.40000000029,383.1344299316406,0.01779760979115963,382.2807312011719,2305843051882412096,B,12492.0,7.8445,-10.0
4875.20000000029,401.9196472167969,0.018994085490703583,388.9266357421875,2305843051882412096,B,12492.0,7.8445,-10.0
4876.00000000029,405.53546142578125,0.019388582557439804,395.453125,2305843051882412096,B,12492.0,7.8445,-10.0
4876.80000000029,418.0329284667969,0.018084324896335602,401.7794189453125,2305843051882412096,B,12492.0,7.8445,-10.0
4877.6000000002905,401.2326354980469,0.019043471664190292,407.9064025878906,2305843051882412096,B,12492.0,7.8445,-10.0
4878.400000000291,414.8729553222656,0.018723582848906517,413.9520568847656,2305843051882412096,B,12492.0,7.8445,-10.0
4879.200000000291,413.0166931152344,0.019069910049438477,419.7906494140625,2305843051882412096,B,12492.0,7.8445,-10.0
4880.000000000291,428.336181640625,0.017648493871092796,425.4319152832031,2305843051882412096,B,12492.0,7.8445,-10.0
4880.800000000291,424.0108642578125,0.01729787141084671,430.9480285644531,2305843051882412096,B,12492.0,7.8445,-10.0
4881.600000000291,434.816650390625,0.0174785815179348,436.2587890625,2305843051882412096,B,12492.0,7.8445,-10.0
4882.400000000292,430.52386474609375,0.016322337090969086,441.5054016113281,2305843051882412096,B,12492.0,7.8445,-10.0
4883.200000000292,464.0057678222656,0.016219155862927437,446.70355224609375,2305843051882412096,B,12492.0,7.8445,-10.0
4884.000000000292,457.5743103027344,0.015814345329999924,451.6643981933594,2305843051882412096,B,12492.0,7.8445,-10.0
4884.800000000292,450.7876281738281,0.018338017165660858,456.46710205078125,2305843051882412096,B,12492.0,7.8445,-10.0
4885.600000000292,456.68896484375,0.01660512387752533,461.2373962402344,2305843051882412096,B,12492.0,7.8445,-10.0
4886.4000000002925,453.2355041503906,0.016642164438962936,465.89373779296875,2305843051882412096,B,12492.0,7.8445,-10.0
4887.200000000293,472.9396667480469,0.01735997572541237,470.3877258300781,2305843051882412096,B,12492.0,7.8445,-10.0
4888.000000000293,485.4668273925781,0.01671825349330902,474.7331237792969,2305843051882412096,B,12492.0,7.8445,-10.0
4888.800000000293,483.3947448730469,0.016071060672402382,478.99212646484375,2305843051882412096,B,12492.0,7.8445,-10.0
4889.600000000293,494.21881103515625,0.016449453309178352,483.1712951660156,2305843051882412096,B,12492.0,7.8445,-10.0
4890.400000000293,507.934814453125,0.015472780913114548,487.1166687011719,2305843051882412096,B,12492.0,7.8445,-10.0
4891.200000000294,493.79510498046875,0.01654985547065735,490.8988037109375,2305843051882412096,B,12492.0,7.8445,-10.0
4892.000000000294,484.0157470703125,0.016996106132864952,494.6254577636719,2305843051882412096,B,12492.0,7.8445,-10.0
4892.800000000294,490.1877136230469,0.01789528876543045,498.2021484375,2305843051882412096,B,12492.0,7.8445,-10.0
4893.600000000294,477.21160888671875,0.01700568199157715,501.9092712402344,2305843051882412096,B,12492.0,7.8445,-10.0
4894.400000000294,490.10064697265625,0.015945345163345337,505.5623474121094,2305843051882412096,B,12492.0,7.8445,-10.0
4895.2000000002945,507.45135498046875,0.015276811085641384,509.2203369140625,2305843051882412096,B,12492.0,7.8445,-10.0
4896.000000000295,507.0636901855469,0.015194430947303772,512.7979125976562,2305843051882412096,B,12492.0,7.8445,-10.0
4896.800000000295,520.0493774414062,0.015124918892979622,516.12890625,2305843051882412096,B,12492.0,7.8445,-10.0
4897.600000000295,493.2344970703125,0.016176562756299973,519.185791015625,2305843051882412096,B,12492.0,7.8445,-10.0
4898.400000000295,479.9677734375,0.017219988629221916,522.1554565429688,2305843051882412096,B,12492.0,7.8445,-10.0
4899.200000000295,521.0363159179688,0.014962056651711464,525.1774291992188,2305843051882412096,B,12492.0,7.8445,-10.0
4900.000000000296,518.3056640625,0.014101272448897362,528.11767578125,2305843051882412096,B,12492.0,7.8445,-10.0
4900.800000000296,514.9744262695312,0.01438389252871275,531.0826416015625,2305843051882412096,B,12492.0,7.8445,-10.0
4901.600000000296,562.51953125,0.01352968905121088,534.0606689453125,2305843051882412096,B,12492.0,7.8445,-10.0
4902.400000000296,533.6121215820312,0.013578820042312145,536.87890625,2305843051882412096,B,12492.0,7.8445,-10.0
4903.200000000296,534.8762817382812,0.014927554875612259,539.5590209960938,2305843051882412096,B,12492.0,7.8445,-10.0
4904.0000000002965,550.0869750976562,0.011696106754243374,542.050048828125,2305843051882412096,B,12492.0,7.8445,-10.0
4904.800000000297,559.123291015625,0.014121471904218197,544.4125366210938,2305843051882412096,B,12492.0,7.8445,-10.0
4905.600000000297,527.7060546875,0.015233505517244339,546.7830200195312,2305843051882412096,B,12492.0,7.8445,-10.0
4906.400000000297,549.5487060546875,0.013674579560756683,549.1787109375,2305843051882412096,B,12492.0,7.8445,-10.0
4907.200000000297,563.4163208007812,0.013368474319577217,551.50244140625,2305843051882412096,B,12492.0,7.8445,-10.0
4908.000000000297,556.3250732421875,0.013661474920809269,553.8661499023438,2305843051882412096,B,12492.0,7.8445,-10.0
4908.800000000298,540.62646484375,0.014190971851348877,556.1942749023438,2305843051882412096,B,12492.0,7.8445,-10.0
4909.600000000298,557.0147094726562,0.014408145099878311,558.427001953125,2305843051882412096,B,12492.0,7.8445,-10.0
4910.400000000298,535.2108154296875,0.015354352071881294,560.5573120117188,2305843051882412096,B,12492.0,7.8445,-10.0
4911.200000000298,564.1249389648438,0.014869555830955505,562.685791015625,2305843051882412096,B,12492.0,7.8445,-10.0
4912.000000000298,587.30517578125,0.013071911409497261,564.7728881835938,2305843051882412096,B,12492.0,7.8445,-10.0
4912.8000000002985,581.9951782226562,0.012735099531710148,566.8778076171875,2305843051882412096,B,12492.0,7.8445,-10.0
4913.600000000299,580.4046630859375,0.013325614854693413,568.9541015625,2305843051882412096,B,12492.0,7.8445,-10.0
4914.400000000299,576.4057006835938,0.014296835288405418,571.027587890625,2305843051882412096,B,12492.0,7.8445,-10.0
4915.200000000299,576.0823364257812,0.014276638627052307,573.04638671875,2305843051882412096,B,12492.0,7.8445,-10.0
4916.000000000299,559.6384887695312,0.014754317700862885,574.6593627929688,2305843051882412096,B,12492.0,7.8445,-10.0
4916.800000000299,557.9540405273438,0.014142390340566635,576.0101318359375,2305843051882412096,B,12492.0,7.8445,-10.0
4917.6000000003,588.2992553710938,0.013357596471905708,577.2424926757812,2305843051882412096,B,12492.0,7.8445,-10.0
4918.4000000003,585.2088012695312,0.013138478621840477,578.4743041992188,2305843051882412096,B,12492.0,7.8445,-10.0
4919.2000000003,594.3086547851562,0.012112497352063656,579.7578125,2305843051882412096,B,12492.0,7.8445,-10.0
4920.0000000003,572.0262451171875,0.015290324576199055,580.9824829101562,2305843051882412096,B,12492.0,7.8445,-10.0
4920.8000000003,602.9741821289062,0.01404569298028946,582.1951293945312,2305843051882412096,B,12492.0,7.8445,-10.0
4921.6000000003005,565.8776245117188,0.015739869326353073,583.5338745117188,2305843051882412096,B,12492.0,7.8445,-10.0
4922.400000000301,589.5028686523438,0.012801156379282475,585.0166015625,2305843051882412096,B,12492.0,7.8445,-10.0
4923.200000000301,589.421142578125,0.012431055307388306,586.6827392578125,2305843051882412096,B,12492.0,7.8445,-10.0
4924.000000000301,577.9906005859375,0.014421737752854824,588.4417724609375,2305843051882412096,B,12492.0,7.8445,-10.0
4924.800000000301,588.5540771484375,0.01345348171889782,590.1854858398438,2305843051882412096,B,12492.0,7.8445,-10.0
4925.600000000301,622.6434936523438,0.013216941617429256,591.9591064453125,2305843051882412096,B,12492.0,7.8445,-10.0
4926.400000000302,609.87744140625,0.012712828814983368,593.7183227539062,2305843051882412096,B,12492.0,7.8445,-10.0
4927.200000000302,621.7615966796875,0.012247166596353054,595.48681640625,2305843051882412096,B,12492.0,7.8445,-10.0
4928.000000000302,602.8685913085938,0.013198170810937881,597.1970825195312,2305843051882412096,B,12492.0,7.8445,-10.0
4928.800000000302,567.7921752929688,0.015201214700937271,599.032958984375,2305843051882412096,B,12492.0,7.8445,-10.0
4929.600000000302,598.0590209960938,0.013146046549081802,599.8638305664062,2305843051882412096,B,12492.0,7.8445,-10.0
4930.4000000003025,610.0964965820312,0.012359769083559513,603.9835205078125,2305843051882412096,B,12492.0,7.8445,-10.0
4931.200000000303,583.0543212890625,0.01243569329380989,608.4955444335938,2305843051882412096,B,12492.0,7.8445,-10.0
4932.000000000303,581.582275390625,0.012097994796931744,606.147705078125,2305843051882412096,B,12492.0,7.8445,-10.0
4932.800000000303,606.2628784179688,0.012250454165041447,611.0592651367188,2305843051882412096,B,12492.0,7.8445,-10.0
4933.600000000303,628.1825561523438,0.012219136580824852,608.40869140625,2305843051882412096,B,12492.0,7.8445,-10.0
4934.400000000303,585.7919921875,0.011501315981149673,609.3322143554688,2305843051882412096,B,12492.0,7.8445,-10.0
4935.200000000304,622.5917358398438,0.012965863570570946,610.8518676757812,2305843051882412096,B,12492.0,7.8445,-10.0
4936.000000000304,623.3433227539062,0.011184260249137878,611.9892578125,2305843051882412096,B,12492.0,7.8445,-10.0
4936.800000000304,606.8983764648438,0.012694340199232101,613.1672973632812,2305843051882412096,B,12492.0,7.8445,-10.0
4937.600000000304,609.1968994140625,0.012929799035191536,614.28125,2305843051882412096,B,12492.0,7.8445,-10.0
4938.400000000304,608.3777465820312,0.012818862684071064,615.471435546875,2305843051882412096,B,12492.0,7.8445,-10.0
4939.2000000003045,633.4180908203125,0.012030723504722118,616.6563720703125,2305843051882412096,B,12492.0,7.8445,-10.0
4940.000000000305,639.9083862304688,0.0131075419485569,617.7977905273438,2305843051882412096,B,12492.0,7.8445,-10.0
4940.800000000305,630.8193969726562,0.012813601642847061,618.9209594726562,2305843051882412096,B,12492.0,7.8445,-10.0
4941.600000000305,618.0776977539062,0.012351525016129017,619.95458984375,2305843051882412096,B,12492.0,7.8445,-10.0
4942.400000000305,609.0446166992188,0.013114537112414837,620.839599609375,2305843051882412096,B,12492.0,7.8445,-10.0
4943.200000000305,614.6380004882812,0.01323979813605547,621.8008422851562,2305843051882412096,B,12492.0,7.8445,-10.0
4944.000000000306,625.5396118164062,0.013100884854793549,622.7133178710938,2305843051882412096,B,12492.0,7.8445,-10.0
4944.800000000306,624.7881469726562,0.012395828031003475,623.6104125976562,2305843051882412096,B,12492.0,7.8445,-10.0
4945.600000000306,618.0657348632812,0.012836160138249397,624.5189208984375,2305843051882412096,B,12492.0,7.8445,-10.0
4946.400000000306,608.3021850585938,0.012977374717593193,625.427734375,2305843051882412096,B,12492.0,7.8445,-10.0
4947.200000000306,605.404052734375,0.013716901652514935,626.3231811523438,2305843051882412096,B,12492.0,7.8445,-10.0
4948.0000000003065,631.0363159179688,0.012826412916183472,627.114013671875,2305843051882412096,B,12492.0,7.8445,-10.0
4948.800000000307,646.3845825195312,0.012021178379654884,627.8671875,2305843051882412096,B,12492.0,7.8445,-10.0
4949.600000000307,637.763916015625,0.012565229088068008,628.5781860351562,2305843051882412096,B,12492.0,7.8445,-10.0
4950.400000000307,617.7147216796875,0.013156615197658539,629.275146484375,2305843051882412096,B,12492.0,7.8445,-10.0
4951.200000000307,626.962890625,0.012930570170283318,629.993896484375,2305843051882412096,B,12492.0,7.8445,-10.0
4952.000000000307,625.3814697265625,0.012554201297461987,630.7073364257812,2305843051882412096,B,12492.0,7.8445,-10.0
4952.800000000308,631.8286743164062,0.012766001746058464,631.43408203125,2305843051882412096,B,12492.0,7.8445,-10.0
4953.600000000308,627.9390869140625,0.01083635538816452,632.112060546875,2305843051882412096,B,12492.0,7.8445,-10.0
4954.400000000308,600.513427734375,0.014188146218657494,632.7523803710938,2305843051882412096,B,12492.0,7.8445,-10.0
4955.200000000308,646.7866821289062,0.012454546988010406,633.31689453125,2305843051882412096,B,12492.0,7.8445,-10.0
4956.000000000308,653.049072265625,0.012188459746539593,633.8973999023438,2305843051882412096,B,12492.0,7.8445,-10.0
4956.8000000003085,638.3590698242188,0.013131823390722275,634.433349609375,2305843051882412096,B,12492.0,7.8445,-10.0
4957.600000000309,634.2413940429688,0.012125642970204353,635.02099609375,2305843051882412096,B,12492.0,7.8445,-10.0
4958.400000000309,634.4918212890625,0.012678987346589565,635.608642578125,2305843051882412096,B,12492.0,7.8445,-10.0
4959.200000000309,642.3779907226562,0.013456346467137337,636.1201171875,2305843051882412096,B,12492.0,7.8445,-10.0
4960.000000000309,654.609130859375,0.011896688491106033,636.7061157226562,2305843051882412096,B,12492.0,7.8445,-10.0
4960.800000000309,656.1821899414062,0.01235462911427021,637.1792602539062,2305843051882412096,B,12492.0,7.8445,-10.0
4961.60000000031,618.8890991210938,0.013644959777593613,637.603271484375,2305843051882412096,B,12492.0,7.8445,-10.0
4962.40000000031,628.6422729492188,0.0129578597843647,638.042236328125,2305843051882412096,B,12492.0,7.8445,-10.0
4963.20000000031,660.8536376953125,0.011545686051249504,638.5027465820312,2305843051882412096,B,12492.0,7.8445,-10.0
4964.00000000031,622.9517822265625,0.0136699378490448,638.9022216796875,2305843051882412096,B,12492.0,7.8445,-10.0
4964.80000000031,623.16650390625,0.013709996826946735,639.3223876953125,2305843051882412096,B,12492.0,7.8445,-10.0
4965.6000000003105,626.3657836914062,0.013276664540171623,639.7576904296875,2305843051882412096,B,12492.0,7.8445,-10.0
4966.400000000311,636.232421875,0.00860549882054329,640.1915893554688,2305843051882412096,B,12492.0,7.8445,-10.0
4967.200000000311,606.8377685546875,0.01412571594119072,640.5993041992188,2305843051882412096,B,12492.0,7.8445,-10.0
4968.000000000311,663.2903442382812,0.010971594601869583,640.8915405273438,2305843051882412096,B,12492.0,7.8445,-10.0
4968.800000000311,638.3348388671875,0.01254174206405878,641.212890625,2305843051882412096,B,12492.0,7.8445,-10.0
4969.600000000311,604.7403564453125,0.01431848295032978,641.5601196289062,2305843051882412096,B,12492.0,7.8445,-10.0
4970.400000000312,619.8111572265625,0.01366585772484541,641.8458862304688,2305843051882412096,B,12492.0,7.8445,-10.0
4971.200000000312,610.0626831054688,0.014432445168495178,642.16259765625,2305843051882412096,B,12492.0,7.8445,-10.0
4972.000000000312,631.6570434570312,0.012635906226933002,642.4970703125,2305843051882412096,B,12492.0,7.8445,-10.0
4972.800000000312,634.0350341796875,0.011756169609725475,642.7965087890625,2305843051882412096,B,12492.0,7.8445,-10.0
4973.600000000312,645.891845703125,0.012468592263758183,643.0914916992188,2305843051882412096,B,12492.0,7.8445,-10.0
4974.4000000003125,624.124267578125,0.013781333342194557,643.32373046875,2305843051882412096,B,12492.0,7.8445,-10.0
4975.200000000313,641.747314453125,0.011826385743916035,643.548828125,2305843051882412096,B,12492.0,7.8445,-10.0
4976.000000000313,630.7509155273438,0.012831378728151321,643.821044921875,2305843051882412096,B,12492.0,7.8445,-10.0
4976.800000000313,623.798828125,0.013002855703234673,644.0094604492188,2305843051882412096,B,12492.0,7.8445,-10.0
4977.600000000313,631.9727172851562,0.013233641162514687,644.24951171875,2305843051882412096,B,12492.0,7.8445,-10.0
4978.400000000313,640.0092163085938,0.01279059611260891,644.4850463867188,2305843051882412096,B,12492.0,7.8445,-10.0
4979.200000000314,635.53515625,0.012031533755362034,644.6912231445312,2305843051882412096,B,12492.0,7.8445,-10.0
4980.000000000314,595.9801025390625,0.014775226823985577,644.8756713867188,2305843051882412096,B,12492.0,7.8445,-10.0
4980.800000000314,636.326416015625,0.013194523751735687,645.0482788085938,2305843051882412096,B,12492.0,7.8445,-10.0
4981.600000000314,627.8280029296875,0.014002913609147072,645.1896362304688,2305843051882412096,B,12492.0,7.8445,-10.0
4982.400000000314,641.7133178710938,0.013243161141872406,645.3353271484375,2305843051882412096,B,12492.0,7.8445,-10.0
4983.2000000003145,640.3303833007812,0.01389008853584528,645.4612426757812,2305843051882412096,B,12492.0,7.8445,-10.0
4984.000000000315,656.2846069335938,0.01329053658992052,645.6228637695312,2305843051882412096,B,12492.0,7.8445,-10.0
4984.800000000315,645.5911254882812,0.013511663302779198,645.7777099609375,2305843051882412096,B,12492.0,7.8445,-10.0
4985.600000000315,665.87109375,0.012709694914519787,645.9246215820312,2305843051882412096,B,12492.0,7.8445,-10.0
4986.400000000315,631.5950927734375,0.013515423983335495,646.0150756835938,2305843051882412096,B,12492.0,7.8445,-10.0
4987.200000000315,639.4508666992188,0.012799469754099846,646.1029663085938,2305843051882412096,B,12492.0,7.8445,-10.0
4988.000000000316,664.69140625,0.011114686727523804,646.1888427734375,2305843051882412096,B,12492.0,7.8445,-10.0
4988.800000000316,636.265625,0.012790743261575699,646.276123046875,2305843051882412096,B,12492.0,7.8445,-10.0
4989.600000000316,633.675048828125,0.012171350419521332,646.3519287109375,2305843051882412096,B,12492.0,7.8445,-10.0
4990.400000000316,617.9857177734375,0.013626161962747574,646.4658203125,2305843051882412096,B,12492.0,7.8445,-10.0
4991.200000000316,664.792236328125,0.012142275460064411,646.501220703125,2305843051882412096,B,12492.0,7.8445,-10.0
4992.0000000003165,647.3778076171875,0.012120326980948448,646.6168823242188,2305843051882412096,B,12492.0,7.8445,-10.0
4992.800000000317,637.2037963867188,0.012856168672442436,646.6734619140625,2305843051882412096,B,12492.0,7.8445,-10.0
4993.600000000317,655.8616333007812,0.012101068161427975,646.70556640625,2305843051882412096,B,12492.0,7.8445,-10.0
4994.400000000317,636.147705078125,0.013111215084791183,646.7164916992188,2305843051882412096,B,12492.0,7.8445,-10.0
4995.200000000317,635.9038696289062,0.01374599989503622,646.7368774414062,2305843051882412096,B,12492.0,7.8445,-10.0
4996.000000000317,639.6758422851562,0.013277271762490273,646.7899780273438,2305843051882412096,B,12492.0,7.8445,-10.0
4996.800000000318,642.3238525390625,0.013425636105239391,646.7647705078125,2305843051882412096,B,12492.0,7.8445,-10.0
4997.600000000318,618.703369140625,0.013799612410366535,646.8038330078125,2305843051882412096,B,12492.0,7.8445,-10.0
4998.400000000318,613.5640258789062,0.014442866668105125,646.7891235351562,2305843051882412096,B,12492.0,7.8445,-10.0
4999.200000000318,647.28466796875,0.012713953852653503,646.7269897460938,2305843051882412096,B,12492.0,7.8445,-10.0
