wavelength,flux,ivar,model,targetid,clase_aprox,teff,logg,feh
4000.000000000091,1.4271175861358643,0.1083313375711441,0.21765604615211487,39628476814197727,B,12756.0,8.9976,-10.0
4000.800000000091,4.573533058166504,0.11061183363199234,0.22620294988155365,39628476814197727,B,12756.0,8.9976,-10.0
4001.6000000000913,5.6428680419921875,0.11412107199430466,0.3148365318775177,39628476814197727,B,12756.0,8.9976,-10.0
4002.4000000000915,2.0159146785736084,0.09785230457782745,0.39414581656455994,39628476814197727,B,12756.0,8.9976,-10.0
4003.2000000000917,-0.48274725675582886,0.12181738764047623,0.4357030689716339,39628476814197727,B,12756.0,8.9976,-10.0
4004.000000000092,1.977096438407898,0.1287492960691452,0.45813697576522827,39628476814197727,B,12756.0,8.9976,-10.0
4004.800000000092,2.935617446899414,0.12825557589530945,0.4567861557006836,39628476814197727,B,12756.0,8.9976,-10.0
4005.600000000092,-2.0101563930511475,0.11952172964811325,0.42662355303764343,39628476814197727,B,12756.0,8.9976,-10.0
4006.4000000000924,-5.20820951461792,0.08249137550592422,0.36393457651138306,39628476814197727,B,12756.0,8.9976,-10.0
4007.2000000000926,-1.4975495338439941,0.09839969873428345,0.32176485657691956,39628476814197727,B,12756.0,8.9976,-10.0
4008.0000000000928,-0.8187879323959351,0.11037253588438034,0.37660592794418335,39628476814197727,B,12756.0,8.9976,-10.0
4008.800000000093,2.1021039485931396,0.11776191741228104,0.42936399579048157,39628476814197727,B,12756.0,8.9976,-10.0
4009.600000000093,-8.754595756530762,0.08908285945653915,0.4054583013057709,39628476814197727,B,12756.0,8.9976,-10.0
4010.4000000000933,-1.0212602615356445,0.10584922134876251,0.3365614116191864,39628476814197727,B,12756.0,8.9976,-10.0
4011.2000000000935,0.21143965423107147,0.1124076247215271,0.3387983739376068,39628476814197727,B,12756.0,8.9976,-10.0
4012.0000000000937,2.081449031829834,0.10307226330041885,0.42327386140823364,39628476814197727,B,12756.0,8.9976,-10.0
4012.800000000094,-0.760903537273407,0.10816163569688797,0.47554659843444824,39628476814197727,B,12756.0,8.9976,-10.0
4013.600000000094,-3.3293371200561523,0.0961904376745224,0.4741637408733368,39628476814197727,B,12756.0,8.9976,-10.0
4014.400000000094,-0.44462496042251587,0.11602338403463364,0.4793502390384674,39628476814197727,B,12756.0,8.9976,-10.0
4015.2000000000944,0.5257605910301208,0.11237447708845139,0.4981740415096283,39628476814197727,B,12756.0,8.9976,-10.0
4016.0000000000946,0.5929412245750427,0.11356610059738159,0.5214325785636902,39628476814197727,B,12756.0,8.9976,-10.0
4016.8000000000948,-3.024355173110962,0.13193081319332123,0.5416384935379028,39628476814197727,B,12756.0,8.9976,-10.0
4017.600000000095,0.4416149854660034,0.12620662152767181,0.5430634021759033,39628476814197727,B,12756.0,8.9976,-10.0
4018.400000000095,-1.9101608991622925,0.11822105199098587,0.5237369537353516,39628476814197727,B,12756.0,8.9976,-10.0
4019.2000000000953,-4.924752235412598,0.12979963421821594,0.5015034079551697,39628476814197727,B,12756.0,8.9976,-10.0
4020.0000000000955,2.6066012382507324,0.1179521232843399,0.4929361343383789,39628476814197727,B,12756.0,8.9976,-10.0
4020.8000000000957,-0.7556875944137573,0.10417047888040543,0.5127086043357849,39628476814197727,B,12756.0,8.9976,-10.0
4021.600000000096,3.18306565284729,0.12834107875823975,0.4824068546295166,39628476814197727,B,12756.0,8.9976,-10.0
4022.400000000096,-0.026707276701927185,0.10586229711771011,0.4278753995895386,39628476814197727,B,12756.0,8.9976,-10.0
4023.200000000096,-1.0166867971420288,0.10622495412826538,0.44478729367256165,39628476814197727,B,12756.0,8.9976,-10.0
4024.0000000000964,-4.2595391273498535,0.10940420627593994,0.46507057547569275,39628476814197727,B,12756.0,8.9976,-10.0
4024.8000000000966,0.8627640604972839,0.10913877934217453,0.4210740327835083,39628476814197727,B,12756.0,8.9976,-10.0
4025.6000000000968,2.74690580368042,0.13467156887054443,0.3196602761745453,39628476814197727,B,12756.0,8.9976,-10.0
4026.400000000097,3.2134437561035156,0.12174884974956512,0.2874748408794403,39628476814197727,B,12756.0,8.9976,-10.0
4027.200000000097,-5.066460132598877,0.10771230608224869,0.3511723577976227,39628476814197727,B,12756.0,8.9976,-10.0
4028.0000000000973,2.0749921798706055,0.11355863511562347,0.4030991494655609,39628476814197727,B,12756.0,8.9976,-10.0
4028.8000000000975,-0.8676571846008301,0.11950473487377167,0.4085414409637451,39628476814197727,B,12756.0,8.9976,-10.0
4029.6000000000977,-1.9240334033966064,0.12051977217197418,0.3971191644668579,39628476814197727,B,12756.0,8.9976,-10.0
4030.400000000098,0.10844384878873825,0.10794973373413086,0.3607403635978699,39628476814197727,B,12756.0,8.9976,-10.0
4031.200000000098,-1.886682152748108,0.12314873188734055,0.28409716486930847,39628476814197727,B,12756.0,8.9976,-10.0
4032.000000000098,0.46625199913978577,0.12706053256988525,0.19398072361946106,39628476814197727,B,12756.0,8.9976,-10.0
4032.8000000000984,-3.6319825649261475,0.1307377815246582,0.15678751468658447,39628476814197727,B,12756.0,8.9976,-10.0
4033.6000000000986,1.9468138217926025,0.11626166105270386,0.17182953655719757,39628476814197727,B,12756.0,8.9976,-10.0
4034.4000000000988,0.9411035776138306,0.13406474888324738,0.16113311052322388,39628476814197727,B,12756.0,8.9976,-10.0
4035.200000000099,-2.1030359268188477,0.14008726179599762,0.14195090532302856,39628476814197727,B,12756.0,8.9976,-10.0
4036.000000000099,2.5847361087799072,0.117636539041996,0.15457864105701447,39628476814197727,B,12756.0,8.9976,-10.0
4036.8000000000993,3.3761861324310303,0.11495465785264969,0.21260999143123627,39628476814197727,B,12756.0,8.9976,-10.0
4037.6000000000995,1.8041070699691772,0.12551018595695496,0.3036176562309265,39628476814197727,B,12756.0,8.9976,-10.0
4038.4000000000997,-3.414738893508911,0.09747031331062317,0.3928525149822235,39628476814197727,B,12756.0,8.9976,-10.0
4039.2000000001,-1.4376683235168457,0.12922456860542297,0.4483710825443268,39628476814197727,B,12756.0,8.9976,-10.0
4040.0000000001,-0.9231023788452148,0.10607068985700607,0.4804525077342987,39628476814197727,B,12756.0,8.9976,-10.0
4040.8000000001,4.976811408996582,0.11590923368930817,0.49645131826400757,39628476814197727,B,12756.0,8.9976,-10.0
4041.6000000001004,1.7949773073196411,0.10320780426263809,0.49400511384010315,39628476814197727,B,12756.0,8.9976,-10.0
4042.4000000001006,0.5005654096603394,0.10942637920379639,0.46831345558166504,39628476814197727,B,12756.0,8.9976,-10.0
4043.2000000001008,-0.9459991455078125,0.12236862629652023,0.4460778832435608,39628476814197727,B,12756.0,8.9976,-10.0
4044.000000000101,-0.017275283113121986,0.13764961063861847,0.4577735662460327,39628476814197727,B,12756.0,8.9976,-10.0
4044.800000000101,5.96354866027832,0.14973311126232147,0.44041284918785095,39628476814197727,B,12756.0,8.9976,-10.0
4045.6000000001013,-0.7612633109092712,0.12962022423744202,0.37357136607170105,39628476814197727,B,12756.0,8.9976,-10.0
4046.4000000001015,-2.9395945072174072,0.11494065076112747,0.29141250252723694,39628476814197727,B,12756.0,8.9976,-10.0
4047.2000000001017,-2.4312174320220947,0.11476727575063705,0.216981440782547,39628476814197727,B,12756.0,8.9976,-10.0
4048.000000000102,3.8486669063568115,0.12622928619384766,0.21198147535324097,39628476814197727,B,12756.0,8.9976,-10.0
4048.800000000102,2.556509017944336,0.10610853135585785,0.28419360518455505,39628476814197727,B,12756.0,8.9976,-10.0
4049.600000000102,0.17263679206371307,0.13031473755836487,0.3594640791416168,39628476814197727,B,12756.0,8.9976,-10.0
4050.4000000001024,-1.8641356229782104,0.13118135929107666,0.4204425811767578,39628476814197727,B,12756.0,8.9976,-10.0
4051.2000000001026,-1.4761230945587158,0.12629367411136627,0.4744388461112976,39628476814197727,B,12756.0,8.9976,-10.0
4052.000000000103,-3.1569039821624756,0.10400742292404175,0.5139503479003906,39628476814197727,B,12756.0,8.9976,-10.0
4052.800000000103,0.1255713254213333,0.1241956278681755,0.5314422845840454,39628476814197727,B,12756.0,8.9976,-10.0
4053.600000000103,1.0293205976486206,0.07868624478578568,0.5376420021057129,39628476814197727,B,12756.0,8.9976,-10.0
4054.4000000001033,2.321932554244995,0.11552264541387558,0.5370457768440247,39628476814197727,B,12756.0,8.9976,-10.0
4055.2000000001035,-4.000835418701172,0.1192202940583229,0.5250920057296753,39628476814197727,B,12756.0,8.9976,-10.0
4056.0000000001037,4.1448516845703125,0.13948620855808258,0.47078803181648254,39628476814197727,B,12756.0,8.9976,-10.0
4056.800000000104,1.2826812267303467,0.11451414227485657,0.4403297007083893,39628476814197727,B,12756.0,8.9976,-10.0
4057.600000000104,-3.819002389907837,0.1165553480386734,0.49656379222869873,39628476814197727,B,12756.0,8.9976,-10.0
4058.4000000001042,-4.145288944244385,0.14566896855831146,0.5314919352531433,39628476814197727,B,12756.0,8.9976,-10.0
4059.2000000001044,1.3564560413360596,0.13662569224834442,0.4970877468585968,39628476814197727,B,12756.0,8.9976,-10.0
4060.0000000001046,-1.1963129043579102,0.13353067636489868,0.46594467759132385,39628476814197727,B,12756.0,8.9976,-10.0
4060.800000000105,-2.2520358562469482,0.13584473729133606,0.4694577753543854,39628476814197727,B,12756.0,8.9976,-10.0
4061.600000000105,-1.7011375427246094,0.1013842448592186,0.4719622731208801,39628476814197727,B,12756.0,8.9976,-10.0
4062.400000000105,-0.9256575107574463,0.12126979976892471,0.4525284469127655,39628476814197727,B,12756.0,8.9976,-10.0
4063.2000000001053,4.479753017425537,0.15681590139865875,0.43919357657432556,39628476814197727,B,12756.0,8.9976,-10.0
4064.0000000001055,-0.3142136335372925,0.158698171377182,0.3777236342430115,39628476814197727,B,12756.0,8.9976,-10.0
4064.8000000001057,1.7798230648040771,0.1393980085849762,0.28165802359580994,39628476814197727,B,12756.0,8.9976,-10.0
4065.600000000106,-1.2825095653533936,0.1213887482881546,0.23879759013652802,39628476814197727,B,12756.0,8.9976,-10.0
4066.400000000106,-3.1763219833374023,0.1253339648246765,0.3041069805622101,39628476814197727,B,12756.0,8.9976,-10.0
4067.2000000001062,0.1615065038204193,0.12037301808595657,0.39452803134918213,39628476814197727,B,12756.0,8.9976,-10.0
4068.0000000001064,1.873305320739746,0.11954192072153091,0.4513271152973175,39628476814197727,B,12756.0,8.9976,-10.0
4068.8000000001066,-1.8714609146118164,0.1486813724040985,0.46717381477355957,39628476814197727,B,12756.0,8.9976,-10.0
4069.600000000107,3.559242010116577,0.1264897733926773,0.486785888671875,39628476814197727,B,12756.0,8.9976,-10.0
4070.400000000107,-3.210850238800049,0.14019909501075745,0.5211566090583801,39628476814197727,B,12756.0,8.9976,-10.0
4071.200000000107,0.9299940466880798,0.12033397704362869,0.524285614490509,39628476814197727,B,12756.0,8.9976,-10.0
4072.0000000001073,3.814849853515625,0.126303032040596,0.4600977599620819,39628476814197727,B,12756.0,8.9976,-10.0
4072.8000000001075,2.21270751953125,0.12093600630760193,0.34455442428588867,39628476814197727,B,12756.0,8.9976,-10.0
4073.6000000001077,2.1156134605407715,0.1518545299768448,0.28090259432792664,39628476814197727,B,12756.0,8.9976,-10.0
4074.400000000108,-0.4950551688671112,0.1353716105222702,0.3572266101837158,39628476814197727,B,12756.0,8.9976,-10.0
4075.200000000108,2.1895241737365723,0.11321787536144257,0.4615772068500519,39628476814197727,B,12756.0,8.9976,-10.0
4076.0000000001082,-2.3425216674804688,0.1060359999537468,0.5004016160964966,39628476814197727,B,12756.0,8.9976,-10.0
4076.8000000001084,4.067674160003662,0.11204233020544052,0.5006455779075623,39628476814197727,B,12756.0,8.9976,-10.0
4077.6000000001086,-2.3188323974609375,0.1442829668521881,0.4839538633823395,39628476814197727,B,12756.0,8.9976,-10.0
4078.400000000109,0.8711808323860168,0.1365703046321869,0.4288351535797119,39628476814197727,B,12756.0,8.9976,-10.0
4079.200000000109,3.6644480228424072,0.1589440256357193,0.3854787051677704,39628476814197727,B,12756.0,8.9976,-10.0
4080.000000000109,0.3794732093811035,0.15100671350955963,0.3726198375225067,39628476814197727,B,12756.0,8.9976,-10.0
4080.8000000001093,-3.9103245735168457,0.14570829272270203,0.40915876626968384,39628476814197727,B,12756.0,8.9976,-10.0
4081.6000000001095,-1.3079969882965088,0.14286182820796967,0.4956304728984833,39628476814197727,B,12756.0,8.9976,-10.0
4082.4000000001097,-4.0783162117004395,0.14063386619091034,0.5836141109466553,39628476814197727,B,12756.0,8.9976,-10.0
4083.20000000011,1.680462121963501,0.14895562827587128,0.5917419791221619,39628476814197727,B,12756.0,8.9976,-10.0
4084.00000000011,-0.9176833629608154,0.11975082010030746,0.51047682762146,39628476814197727,B,12756.0,8.9976,-10.0
4084.8000000001102,-1.2988229990005493,0.12637798488140106,0.4711677134037018,39628476814197727,B,12756.0,8.9976,-10.0
4085.6000000001104,0.1322619467973709,0.11144612729549408,0.5051652193069458,39628476814197727,B,12756.0,8.9976,-10.0
4086.4000000001106,-4.888973712921143,0.15616217255592346,0.5664798617362976,39628476814197727,B,12756.0,8.9976,-10.0
4087.200000000111,-3.8362159729003906,0.1173943281173706,0.6211613416671753,39628476814197727,B,12756.0,8.9976,-10.0
4088.000000000111,2.712348222732544,0.15653644502162933,0.6571685075759888,39628476814197727,B,12756.0,8.9976,-10.0
4088.800000000111,3.4248580932617188,0.1335991621017456,0.6459601521492004,39628476814197727,B,12756.0,8.9976,-10.0
4089.6000000001113,-2.1987009048461914,0.12764106690883636,0.6441308856010437,39628476814197727,B,12756.0,8.9976,-10.0
4090.4000000001115,-1.0731769800186157,0.10290783643722534,0.6532138586044312,39628476814197727,B,12756.0,8.9976,-10.0
4091.2000000001117,2.3427305221557617,0.14287090301513672,0.6449665427207947,39628476814197727,B,12756.0,8.9976,-10.0
4092.000000000112,3.2624778747558594,0.11897578835487366,0.6118936538696289,39628476814197727,B,12756.0,8.9976,-10.0
4092.800000000112,2.4518418312072754,0.1518593430519104,0.5985974073410034,39628476814197727,B,12756.0,8.9976,-10.0
4093.6000000001122,0.19160649180412292,0.12685662508010864,0.5839961171150208,39628476814197727,B,12756.0,8.9976,-10.0
4094.4000000001124,0.17811532318592072,0.15373167395591736,0.5397138595581055,39628476814197727,B,12756.0,8.9976,-10.0
4095.2000000001126,-2.879568338394165,0.11355307698249817,0.5808055996894836,39628476814197727,B,12756.0,8.9976,-10.0
4096.000000000113,-0.3298325538635254,0.12091764807701111,0.592113733291626,39628476814197727,B,12756.0,8.9976,-10.0
4096.800000000113,-2.0381455421447754,0.1282857060432434,0.4848426878452301,39628476814197727,B,12756.0,8.9976,-10.0
4097.600000000113,-0.17668165266513824,0.16167034208774567,0.3937627077102661,39628476814197727,B,12756.0,8.9976,-10.0
4098.400000000113,-1.845924735069275,0.15593598783016205,0.4039192199707031,39628476814197727,B,12756.0,8.9976,-10.0
4099.2000000001135,1.8958064317703247,0.1367790400981903,0.43781954050064087,39628476814197727,B,12756.0,8.9976,-10.0
4100.000000000114,1.4770396947860718,0.1463911086320877,0.4287261366844177,39628476814197727,B,12756.0,8.9976,-10.0
4100.800000000114,0.7659114003181458,0.14046797156333923,0.4015115797519684,39628476814197727,B,12756.0,8.9976,-10.0
4101.600000000114,-2.265172243118286,0.0883825421333313,0.3573578894138336,39628476814197727,B,12756.0,8.9976,-10.0
4102.400000000114,0.705193817615509,0.15873438119888306,0.33450356125831604,39628476814197727,B,12756.0,8.9976,-10.0
4103.200000000114,-0.6730707883834839,0.18997341394424438,0.34396734833717346,39628476814197727,B,12756.0,8.9976,-10.0
4104.000000000115,0.2787047326564789,0.17962828278541565,0.3631081283092499,39628476814197727,B,12756.0,8.9976,-10.0
4104.800000000115,-0.3403273820877075,0.14371511340141296,0.4060238301753998,39628476814197727,B,12756.0,8.9976,-10.0
4105.600000000115,0.7734066247940063,0.11080703884363174,0.42192399501800537,39628476814197727,B,12756.0,8.9976,-10.0
4106.400000000115,1.6052850484848022,0.12103366106748581,0.3996289074420929,39628476814197727,B,12756.0,8.9976,-10.0
4107.200000000115,-2.6805877685546875,0.15151546895503998,0.4055580496788025,39628476814197727,B,12756.0,8.9976,-10.0
4108.0000000001155,-3.5033228397369385,0.1409984976053238,0.44653457403182983,39628476814197727,B,12756.0,8.9976,-10.0
4108.800000000116,-2.440993070602417,0.12153240293264389,0.45830821990966797,39628476814197727,B,12756.0,8.9976,-10.0
4109.600000000116,-2.9699854850769043,0.16129106283187866,0.4278714060783386,39628476814197727,B,12756.0,8.9976,-10.0
4110.400000000116,0.6824604868888855,0.16990092396736145,0.41843414306640625,39628476814197727,B,12756.0,8.9976,-10.0
4111.200000000116,2.4622550010681152,0.1319059580564499,0.41566401720046997,39628476814197727,B,12756.0,8.9976,-10.0
4112.000000000116,2.3310492038726807,0.16812637448310852,0.42502260208129883,39628476814197727,B,12756.0,8.9976,-10.0
4112.800000000117,1.7535710334777832,0.1683608889579773,0.39187929034233093,39628476814197727,B,12756.0,8.9976,-10.0
4113.600000000117,0.8598259091377258,0.13324199616909027,0.33360037207603455,39628476814197727,B,12756.0,8.9976,-10.0
4114.400000000117,4.56137228012085,0.1334770917892456,0.3348010778427124,39628476814197727,B,12756.0,8.9976,-10.0
4115.200000000117,0.46822261810302734,0.13802111148834229,0.3879890441894531,39628476814197727,B,12756.0,8.9976,-10.0
4116.000000000117,2.270207643508911,0.1386641561985016,0.406390905380249,39628476814197727,B,12756.0,8.9976,-10.0
4116.8000000001175,2.3188352584838867,0.135979562997818,0.38035574555397034,39628476814197727,B,12756.0,8.9976,-10.0
4117.600000000118,1.2336705923080444,0.15676620602607727,0.3802467882633209,39628476814197727,B,12756.0,8.9976,-10.0
4118.400000000118,-2.28839373588562,0.12964469194412231,0.4191679060459137,39628476814197727,B,12756.0,8.9976,-10.0
4119.200000000118,1.3400837182998657,0.13062448799610138,0.4638522267341614,39628476814197727,B,12756.0,8.9976,-10.0
4120.000000000118,0.09837991744279861,0.13697585463523865,0.44685736298561096,39628476814197727,B,12756.0,8.9976,-10.0
4120.800000000118,6.416016101837158,0.1485021710395813,0.4354422688484192,39628476814197727,B,12756.0,8.9976,-10.0
4121.600000000119,-0.9190568923950195,0.15381686389446259,0.45614323019981384,39628476814197727,B,12756.0,8.9976,-10.0
4122.400000000119,0.8510884046554565,0.16948948800563812,0.4587690532207489,39628476814197727,B,12756.0,8.9976,-10.0
4123.200000000119,-1.477902889251709,0.13992944359779358,0.46829429268836975,39628476814197727,B,12756.0,8.9976,-10.0
4124.000000000119,2.5201966762542725,0.17933663725852966,0.4957505762577057,39628476814197727,B,12756.0,8.9976,-10.0
4124.800000000119,3.4215915203094482,0.1547991782426834,0.4767780900001526,39628476814197727,B,12756.0,8.9976,-10.0
4125.6000000001195,3.6354923248291016,0.1385556012392044,0.4833160936832428,39628476814197727,B,12756.0,8.9976,-10.0
4126.40000000012,-3.3872480392456055,0.12796153128147125,0.5450551509857178,39628476814197727,B,12756.0,8.9976,-10.0
4127.20000000012,-2.539768934249878,0.12601503729820251,0.5631279945373535,39628476814197727,B,12756.0,8.9976,-10.0
4128.00000000012,1.1969349384307861,0.15885980427265167,0.5514839887619019,39628476814197727,B,12756.0,8.9976,-10.0
4128.80000000012,-1.2701870203018188,0.16706664860248566,0.5067495107650757,39628476814197727,B,12756.0,8.9976,-10.0
4129.60000000012,-0.8811622858047485,0.15969917178153992,0.43714815378189087,39628476814197727,B,12756.0,8.9976,-10.0
4130.400000000121,-1.511629343032837,0.16076506674289703,0.4315432608127594,39628476814197727,B,12756.0,8.9976,-10.0
4131.200000000121,-2.955296754837036,0.16542676091194153,0.46214619278907776,39628476814197727,B,12756.0,8.9976,-10.0
4132.000000000121,-2.4009594917297363,0.12138813734054565,0.44103556871414185,39628476814197727,B,12756.0,8.9976,-10.0
4132.800000000121,-0.0741729587316513,0.15508247911930084,0.3699807822704315,39628476814197727,B,12756.0,8.9976,-10.0
4133.600000000121,-4.238545894622803,0.16185663640499115,0.30484864115715027,39628476814197727,B,12756.0,8.9976,-10.0
4134.4000000001215,1.0033810138702393,0.16803041100502014,0.30400723218917847,39628476814197727,B,12756.0,8.9976,-10.0
4135.200000000122,-6.479539394378662,0.1492023766040802,0.3388024568557739,39628476814197727,B,12756.0,8.9976,-10.0
4136.000000000122,3.9246883392333984,0.1628791242837906,0.3509940505027771,39628476814197727,B,12756.0,8.9976,-10.0
4136.800000000122,3.885704755783081,0.1786051094532013,0.38455185294151306,39628476814197727,B,12756.0,8.9976,-10.0
4137.600000000122,-0.867458164691925,0.1512121707201004,0.42692968249320984,39628476814197727,B,12756.0,8.9976,-10.0
4138.400000000122,-2.0827324390411377,0.15054690837860107,0.42428383231163025,39628476814197727,B,12756.0,8.9976,-10.0
4139.200000000123,-0.7290185689926147,0.18104934692382812,0.40997499227523804,39628476814197727,B,12756.0,8.9976,-10.0
4140.000000000123,-1.8463243246078491,0.13712361454963684,0.42621535062789917,39628476814197727,B,12756.0,8.9976,-10.0
4140.800000000123,0.31881603598594666,0.181428924202919,0.4574006199836731,39628476814197727,B,12756.0,8.9976,-10.0
4141.600000000123,-2.898155689239502,0.13251259922981262,0.4507147967815399,39628476814197727,B,12756.0,8.9976,-10.0
4142.400000000123,2.818272590637207,0.12834644317626953,0.44131365418434143,39628476814197727,B,12756.0,8.9976,-10.0
4143.2000000001235,-0.35084250569343567,0.14747175574302673,0.4041086733341217,39628476814197727,B,12756.0,8.9976,-10.0
4144.000000000124,1.7253841161727905,0.12665459513664246,0.3004016578197479,39628476814197727,B,12756.0,8.9976,-10.0
4144.800000000124,2.4370033740997314,0.13905173540115356,0.21980872750282288,39628476814197727,B,12756.0,8.9976,-10.0
4145.600000000124,-0.08278319984674454,0.152189239859581,0.21717502176761627,39628476814197727,B,12756.0,8.9976,-10.0
4146.400000000124,-2.2065610885620117,0.1486823856830597,0.2860930263996124,39628476814197727,B,12756.0,8.9976,-10.0
4147.200000000124,1.909935712814331,0.15415768325328827,0.3626394271850586,39628476814197727,B,12756.0,8.9976,-10.0
4148.000000000125,-1.6962432861328125,0.15974900126457214,0.4013711214065552,39628476814197727,B,12756.0,8.9976,-10.0
4148.800000000125,-2.9169204235076904,0.14080746471881866,0.41912758350372314,39628476814197727,B,12756.0,8.9976,-10.0
4149.600000000125,2.24483060836792,0.17216263711452484,0.4160689413547516,39628476814197727,B,12756.0,8.9976,-10.0
4150.400000000125,2.763885974884033,0.15666136145591736,0.44069400429725647,39628476814197727,B,12756.0,8.9976,-10.0
4151.200000000125,2.9034318923950195,0.15019434690475464,0.4414355456829071,39628476814197727,B,12756.0,8.9976,-10.0
4152.0000000001255,-0.2565288245677948,0.15113085508346558,0.42399826645851135,39628476814197727,B,12756.0,8.9976,-10.0
4152.800000000126,2.402567148208618,0.1337628811597824,0.4377724230289459,39628476814197727,B,12756.0,8.9976,-10.0
4153.600000000126,2.994631052017212,0.16092796623706818,0.4576311707496643,39628476814197727,B,12756.0,8.9976,-10.0
4154.400000000126,1.4917036294937134,0.1646457314491272,0.46123939752578735,39628476814197727,B,12756.0,8.9976,-10.0
4155.200000000126,-2.130293846130371,0.16691917181015015,0.4730217754840851,39628476814197727,B,12756.0,8.9976,-10.0
4156.000000000126,-0.07547174394130707,0.1479976922273636,0.4607591927051544,39628476814197727,B,12756.0,8.9976,-10.0
4156.800000000127,0.7794562578201294,0.15799684822559357,0.438489705324173,39628476814197727,B,12756.0,8.9976,-10.0
4157.600000000127,1.4176667928695679,0.15903429687023163,0.4404557943344116,39628476814197727,B,12756.0,8.9976,-10.0
4158.400000000127,0.17933468520641327,0.17412836849689484,0.4484216272830963,39628476814197727,B,12756.0,8.9976,-10.0
4159.200000000127,0.18323971331119537,0.15604698657989502,0.46010860800743103,39628476814197727,B,12756.0,8.9976,-10.0
4160.000000000127,2.259730339050293,0.1419219672679901,0.49957191944122314,39628476814197727,B,12756.0,8.9976,-10.0
4160.8000000001275,0.13113223016262054,0.1520177274942398,0.5083656311035156,39628476814197727,B,12756.0,8.9976,-10.0
4161.600000000128,0.7879090905189514,0.13548970222473145,0.4986332654953003,39628476814197727,B,12756.0,8.9976,-10.0
4162.400000000128,1.7145774364471436,0.15662500262260437,0.5185083746910095,39628476814197727,B,12756.0,8.9976,-10.0
4163.200000000128,-1.3045275211334229,0.15486276149749756,0.5162274837493896,39628476814197727,B,12756.0,8.9976,-10.0
4164.000000000128,1.851251482963562,0.12901762127876282,0.4913066625595093,39628476814197727,B,12756.0,8.9976,-10.0
4164.800000000128,0.20440255105495453,0.15664976835250854,0.49714744091033936,39628476814197727,B,12756.0,8.9976,-10.0
4165.600000000129,1.534401774406433,0.15433919429779053,0.46602630615234375,39628476814197727,B,12756.0,8.9976,-10.0
4166.400000000129,2.404104471206665,0.14776046574115753,0.40460261702537537,39628476814197727,B,12756.0,8.9976,-10.0
4167.200000000129,0.3088330626487732,0.1331767588853836,0.38092029094696045,39628476814197727,B,12756.0,8.9976,-10.0
4168.000000000129,1.7164195775985718,0.15236178040504456,0.39650699496269226,39628476814197727,B,12756.0,8.9976,-10.0
4168.800000000129,2.13350510597229,0.1611161231994629,0.3977447748184204,39628476814197727,B,12756.0,8.9976,-10.0
4169.6000000001295,1.4245312213897705,0.1590464860200882,0.40141957998275757,39628476814197727,B,12756.0,8.9976,-10.0
4170.40000000013,-2.0994136333465576,0.15718770027160645,0.40775066614151,39628476814197727,B,12756.0,8.9976,-10.0
4171.20000000013,3.8095951080322266,0.1405923068523407,0.4054040014743805,39628476814197727,B,12756.0,8.9976,-10.0
4172.00000000013,1.9438151121139526,0.14294756948947906,0.3989929258823395,39628476814197727,B,12756.0,8.9976,-10.0
4172.80000000013,-0.9609888792037964,0.14664900302886963,0.36171311140060425,39628476814197727,B,12756.0,8.9976,-10.0
4173.60000000013,2.3054795265197754,0.14587678015232086,0.31150302290916443,39628476814197727,B,12756.0,8.9976,-10.0
4174.400000000131,-0.45975279808044434,0.1704101860523224,0.3117262125015259,39628476814197727,B,12756.0,8.9976,-10.0
4175.200000000131,-1.1839582920074463,0.1478714793920517,0.35153642296791077,39628476814197727,B,12756.0,8.9976,-10.0
4176.000000000131,1.118526577949524,0.1461283415555954,0.3514077067375183,39628476814197727,B,12756.0,8.9976,-10.0
4176.800000000131,4.3997673988342285,0.14687123894691467,0.33539825677871704,39628476814197727,B,12756.0,8.9976,-10.0
4177.600000000131,1.5148590803146362,0.13938413560390472,0.3668624758720398,39628476814197727,B,12756.0,8.9976,-10.0
4178.4000000001315,-2.4297006130218506,0.1425597071647644,0.41772302985191345,39628476814197727,B,12756.0,8.9976,-10.0
4179.200000000132,-2.1703696250915527,0.17698705196380615,0.41562536358833313,39628476814197727,B,12756.0,8.9976,-10.0
4180.000000000132,-1.261659026145935,0.1780916005373001,0.4059433937072754,39628476814197727,B,12756.0,8.9976,-10.0
4180.800000000132,1.7519065141677856,0.20377933979034424,0.4313350021839142,39628476814197727,B,12756.0,8.9976,-10.0
4181.600000000132,-0.45558279752731323,0.15905052423477173,0.44064682722091675,39628476814197727,B,12756.0,8.9976,-10.0
4182.400000000132,-0.9553831815719604,0.1518310010433197,0.4368538558483124,39628476814197727,B,12756.0,8.9976,-10.0
4183.200000000133,-0.5396237969398499,0.15801586210727692,0.40103596448898315,39628476814197727,B,12756.0,8.9976,-10.0
4184.000000000133,-2.386612892150879,0.1592561900615692,0.3963768184185028,39628476814197727,B,12756.0,8.9976,-10.0
4184.800000000133,1.5915100574493408,0.14503072202205658,0.4117259085178375,39628476814197727,B,12756.0,8.9976,-10.0
4185.600000000133,6.463634490966797,0.133830264210701,0.4098609387874603,39628476814197727,B,12756.0,8.9976,-10.0
4186.400000000133,0.5588434934616089,0.12531054019927979,0.3891226351261139,39628476814197727,B,12756.0,8.9976,-10.0
4187.2000000001335,1.771714448928833,0.14649555087089539,0.3748665153980255,39628476814197727,B,12756.0,8.9976,-10.0
4188.000000000134,1.596493124961853,0.16916801035404205,0.36334413290023804,39628476814197727,B,12756.0,8.9976,-10.0
4188.800000000134,0.9176619052886963,0.16713933646678925,0.3484770357608795,39628476814197727,B,12756.0,8.9976,-10.0
4189.600000000134,1.1606050729751587,0.17762191593647003,0.34306418895721436,39628476814197727,B,12756.0,8.9976,-10.0
4190.400000000134,2.857377529144287,0.158998042345047,0.35905948281288147,39628476814197727,B,12756.0,8.9976,-10.0
4191.200000000134,3.2879364490509033,0.11582820117473602,0.3710830807685852,39628476814197727,B,12756.0,8.9976,-10.0
4192.000000000135,-0.10753950476646423,0.15742912888526917,0.365799218416214,39628476814197727,B,12756.0,8.9976,-10.0
4192.800000000135,-0.01927214488387108,0.1612561047077179,0.3503781259059906,39628476814197727,B,12756.0,8.9976,-10.0
4193.600000000135,-0.12204018235206604,0.16298185288906097,0.35483625531196594,39628476814197727,B,12756.0,8.9976,-10.0
4194.400000000135,3.06465482711792,0.17024408280849457,0.3886004388332367,39628476814197727,B,12756.0,8.9976,-10.0
4195.200000000135,-2.2553048133850098,0.1407347321510315,0.39636147022247314,39628476814197727,B,12756.0,8.9976,-10.0
4196.0000000001355,3.118147611618042,0.17744217813014984,0.3868909776210785,39628476814197727,B,12756.0,8.9976,-10.0
4196.800000000136,-5.426093578338623,0.15892548859119415,0.3807086944580078,39628476814197727,B,12756.0,8.9976,-10.0
4197.600000000136,-3.0931732654571533,0.14337319135665894,0.37801384925842285,39628476814197727,B,12756.0,8.9976,-10.0
4198.400000000136,-1.2970606088638306,0.12700486183166504,0.36476558446884155,39628476814197727,B,12756.0,8.9976,-10.0
4199.200000000136,-3.7159759998321533,0.15105915069580078,0.32741880416870117,39628476814197727,B,12756.0,8.9976,-10.0
4200.000000000136,0.7145817875862122,0.17200620472431183,0.2851385474205017,39628476814197727,B,12756.0,8.9976,-10.0
4200.800000000137,4.095913410186768,0.17033542692661285,0.27641060948371887,39628476814197727,B,12756.0,8.9976,-10.0
4201.600000000137,0.7658600211143494,0.19270773231983185,0.29083776473999023,39628476814197727,B,12756.0,8.9976,-10.0
4202.400000000137,0.08970176428556442,0.17415812611579895,0.29479852318763733,39628476814197727,B,12756.0,8.9976,-10.0
4203.200000000137,-1.756561279296875,0.18329225480556488,0.2748541831970215,39628476814197727,B,12756.0,8.9976,-10.0
4204.000000000137,2.476412057876587,0.159392312169075,0.25780096650123596,39628476814197727,B,12756.0,8.9976,-10.0
4204.8000000001375,-1.8140968084335327,0.17890222370624542,0.2798861563205719,39628476814197727,B,12756.0,8.9976,-10.0
4205.600000000138,6.162502765655518,0.144352525472641,0.2987261712551117,39628476814197727,B,12756.0,8.9976,-10.0
4206.400000000138,0.05859066918492317,0.19061687588691711,0.3045697510242462,39628476814197727,B,12756.0,8.9976,-10.0
4207.200000000138,3.621595621109009,0.1945662647485733,0.3139065206050873,39628476814197727,B,12756.0,8.9976,-10.0
4208.000000000138,3.917553424835205,0.19361887872219086,0.3098270297050476,39628476814197727,B,12756.0,8.9976,-10.0
4208.800000000138,-4.642177581787109,0.15165592730045319,0.2982448637485504,39628476814197727,B,12756.0,8.9976,-10.0
4209.600000000139,4.513523101806641,0.1833602488040924,0.30431878566741943,39628476814197727,B,12756.0,8.9976,-10.0
4210.400000000139,-2.739203453063965,0.16555491089820862,0.30424851179122925,39628476814197727,B,12756.0,8.9976,-10.0
4211.200000000139,0.17885230481624603,0.15594735741615295,0.28954029083251953,39628476814197727,B,12756.0,8.9976,-10.0
4212.000000000139,0.5551294684410095,0.15682636201381683,0.26916563510894775,39628476814197727,B,12756.0,8.9976,-10.0
4212.800000000139,-1.4188034534454346,0.17949600517749786,0.27083829045295715,39628476814197727,B,12756.0,8.9976,-10.0
4213.6000000001395,1.3408050537109375,0.17552080750465393,0.2700086832046509,39628476814197727,B,12756.0,8.9976,-10.0
4214.40000000014,0.6476859450340271,0.19727525115013123,0.25923725962638855,39628476814197727,B,12756.0,8.9976,-10.0
4215.20000000014,2.8955204486846924,0.16757559776306152,0.251949667930603,39628476814197727,B,12756.0,8.9976,-10.0
4216.00000000014,1.9651485681533813,0.17570418119430542,0.2522263824939728,39628476814197727,B,12756.0,8.9976,-10.0
4216.80000000014,0.19622348248958588,0.19678373634815216,0.23619809746742249,39628476814197727,B,12756.0,8.9976,-10.0
4217.60000000014,-0.4333714246749878,0.19433067739009857,0.21025891602039337,39628476814197727,B,12756.0,8.9976,-10.0
4218.400000000141,3.4727303981781006,0.18299683928489685,0.2058596909046173,39628476814197727,B,12756.0,8.9976,-10.0
4219.200000000141,-6.722738742828369,0.14139914512634277,0.20762164890766144,39628476814197727,B,12756.0,8.9976,-10.0
4220.000000000141,-3.983130693435669,0.16250817477703094,0.20248287916183472,39628476814197727,B,12756.0,8.9976,-10.0
4220.800000000141,-0.19733577966690063,0.1764201521873474,0.19671325385570526,39628476814197727,B,12756.0,8.9976,-10.0
4221.600000000141,-1.6555070877075195,0.148281529545784,0.1916053742170334,39628476814197727,B,12756.0,8.9976,-10.0
4222.4000000001415,0.6832666993141174,0.17625775933265686,0.18269750475883484,39628476814197727,B,12756.0,8.9976,-10.0
4223.200000000142,0.37561920285224915,0.16480425000190735,0.16700363159179688,39628476814197727,B,12756.0,8.9976,-10.0
4224.000000000142,0.3150770962238312,0.15843327343463898,0.15306612849235535,39628476814197727,B,12756.0,8.9976,-10.0
4224.800000000142,-1.574365496635437,0.21894146502017975,0.14201873540878296,39628476814197727,B,12756.0,8.9976,-10.0
4225.600000000142,-3.4737794399261475,0.18128256499767303,0.1295253485441208,39628476814197727,B,12756.0,8.9976,-10.0
4226.400000000142,-0.7737504243850708,0.1953362226486206,0.11432120949029922,39628476814197727,B,12756.0,8.9976,-10.0
4227.200000000143,0.8958004117012024,0.21261700987815857,0.09490179270505905,39628476814197727,B,12756.0,8.9976,-10.0
4228.000000000143,-2.515312910079956,0.18880829215049744,0.07297927141189575,39628476814197727,B,12756.0,8.9976,-10.0
4228.800000000143,2.1127758026123047,0.21871578693389893,0.06375293433666229,39628476814197727,B,12756.0,8.9976,-10.0
4229.600000000143,2.0339114665985107,0.19155442714691162,0.08107724040746689,39628476814197727,B,12756.0,8.9976,-10.0
4230.400000000143,3.202193260192871,0.19183015823364258,0.10657443851232529,39628476814197727,B,12756.0,8.9976,-10.0
4231.2000000001435,2.0369629859924316,0.1789236217737198,0.12492507696151733,39628476814197727,B,12756.0,8.9976,-10.0
4232.000000000144,-3.937368154525757,0.17499563097953796,0.13738635182380676,39628476814197727,B,12756.0,8.9976,-10.0
4232.800000000144,-1.9272562265396118,0.1667441725730896,0.15063099563121796,39628476814197727,B,12756.0,8.9976,-10.0
4233.600000000144,-0.4560582637786865,0.16308511793613434,0.16288964450359344,39628476814197727,B,12756.0,8.9976,-10.0
4234.400000000144,0.7593824863433838,0.17973844707012177,0.1740746796131134,39628476814197727,B,12756.0,8.9976,-10.0
4235.200000000144,-0.4538731276988983,0.1943657547235489,0.18876785039901733,39628476814197727,B,12756.0,8.9976,-10.0
4236.000000000145,-0.9294133186340332,0.15818165242671967,0.20016345381736755,39628476814197727,B,12756.0,8.9976,-10.0
4236.800000000145,0.3286796510219574,0.21646687388420105,0.20384138822555542,39628476814197727,B,12756.0,8.9976,-10.0
4237.600000000145,1.9100546836853027,0.18131615221500397,0.20763251185417175,39628476814197727,B,12756.0,8.9976,-10.0
4238.400000000145,1.624225378036499,0.17008130252361298,0.22092895209789276,39628476814197727,B,12756.0,8.9976,-10.0
4239.200000000145,1.5306727886199951,0.16547876596450806,0.23666320741176605,39628476814197727,B,12756.0,8.9976,-10.0
4240.0000000001455,0.8492446541786194,0.16804169118404388,0.2532119154930115,39628476814197727,B,12756.0,8.9976,-10.0
4240.800000000146,4.539210319519043,0.1798545867204666,0.2624339163303375,39628476814197727,B,12756.0,8.9976,-10.0
4241.600000000146,5.541016101837158,0.17524407804012299,0.26620176434516907,39628476814197727,B,12756.0,8.9976,-10.0
4242.400000000146,-5.947205066680908,0.17168991267681122,0.27391740679740906,39628476814197727,B,12756.0,8.9976,-10.0
4243.200000000146,0.07326223701238632,0.16255144774913788,0.28671184182167053,39628476814197727,B,12756.0,8.9976,-10.0
4244.000000000146,-0.9232019186019897,0.19230970740318298,0.29492029547691345,39628476814197727,B,12756.0,8.9976,-10.0
4244.800000000147,2.9106383323669434,0.14316262304782867,0.3040967881679535,39628476814197727,B,12756.0,8.9976,-10.0
4245.600000000147,-3.567946434020996,0.19125710427761078,0.31934836506843567,39628476814197727,B,12756.0,8.9976,-10.0
4246.400000000147,1.5085418224334717,0.16155412793159485,0.3366924822330475,39628476814197727,B,12756.0,8.9976,-10.0
4247.200000000147,-0.07362411171197891,0.15765655040740967,0.34147676825523376,39628476814197727,B,12756.0,8.9976,-10.0
4248.000000000147,1.8871437311172485,0.17042291164398193,0.3360438644886017,39628476814197727,B,12756.0,8.9976,-10.0
4248.8000000001475,0.141117662191391,0.17719797790050507,0.32563522458076477,39628476814197727,B,12756.0,8.9976,-10.0
4249.600000000148,-0.6046048402786255,0.15020984411239624,0.3282296359539032,39628476814197727,B,12756.0,8.9976,-10.0
4250.400000000148,1.0485249757766724,0.1645304560661316,0.33587154746055603,39628476814197727,B,12756.0,8.9976,-10.0
4251.200000000148,-0.5388343930244446,0.2117525041103363,0.3268972933292389,39628476814197727,B,12756.0,8.9976,-10.0
4252.000000000148,-2.1334433555603027,0.23087504506111145,0.28506001830101013,39628476814197727,B,12756.0,8.9976,-10.0
4252.800000000148,-3.2474799156188965,0.1787717640399933,0.2578701972961426,39628476814197727,B,12756.0,8.9976,-10.0
4253.600000000149,-0.08657915145158768,0.17736054956912994,0.26769688725471497,39628476814197727,B,12756.0,8.9976,-10.0
4254.400000000149,1.5017863512039185,0.2146410346031189,0.2606559991836548,39628476814197727,B,12756.0,8.9976,-10.0
4255.200000000149,5.329747676849365,0.16336196660995483,0.2130175232887268,39628476814197727,B,12756.0,8.9976,-10.0
4256.000000000149,-0.5668460726737976,0.1787939965724945,0.16501204669475555,39628476814197727,B,12756.0,8.9976,-10.0
4256.800000000149,-1.9197434186935425,0.149632066488266,0.1821010857820511,39628476814197727,B,12756.0,8.9976,-10.0
4257.6000000001495,1.7154216766357422,0.18551868200302124,0.24836322665214539,39628476814197727,B,12756.0,8.9976,-10.0
4258.40000000015,-1.049933671951294,0.16131022572517395,0.30392035841941833,39628476814197727,B,12756.0,8.9976,-10.0
4259.20000000015,-0.3032893240451813,0.16599754989147186,0.32713091373443604,39628476814197727,B,12756.0,8.9976,-10.0
4260.00000000015,1.3100767135620117,0.16217248141765594,0.34290602803230286,39628476814197727,B,12756.0,8.9976,-10.0
4260.80000000015,0.9313040971755981,0.1673138290643692,0.3572359085083008,39628476814197727,B,12756.0,8.9976,-10.0
4261.60000000015,1.2729054689407349,0.21685297787189484,0.3479636013507843,39628476814197727,B,12756.0,8.9976,-10.0
4262.400000000151,1.3785400390625,0.1768762469291687,0.33073294162750244,39628476814197727,B,12756.0,8.9976,-10.0
4263.200000000151,-0.5267546772956848,0.18374785780906677,0.35133787989616394,39628476814197727,B,12756.0,8.9976,-10.0
4264.000000000151,-1.5917643308639526,0.16604050993919373,0.3747999668121338,39628476814197727,B,12756.0,8.9976,-10.0
4264.800000000151,-0.46311795711517334,0.2099403440952301,0.39700382947921753,39628476814197727,B,12756.0,8.9976,-10.0
4265.600000000151,0.7357098460197449,0.1443287879228592,0.42788973450660706,39628476814197727,B,12756.0,8.9976,-10.0
4266.4000000001515,-0.19966542720794678,0.16712245345115662,0.441705584526062,39628476814197727,B,12756.0,8.9976,-10.0
4267.200000000152,1.569998860359192,0.19577018916606903,0.44412869215011597,39628476814197727,B,12756.0,8.9976,-10.0
4268.000000000152,-1.3214787244796753,0.19647428393363953,0.43046054244041443,39628476814197727,B,12756.0,8.9976,-10.0
4268.800000000152,0.10637512803077698,0.16913774609565735,0.42589110136032104,39628476814197727,B,12756.0,8.9976,-10.0
4269.600000000152,2.841240167617798,0.16619375348091125,0.41998428106307983,39628476814197727,B,12756.0,8.9976,-10.0
4270.400000000152,-2.917515516281128,0.19952017068862915,0.40625667572021484,39628476814197727,B,12756.0,8.9976,-10.0
4271.200000000153,1.036620020866394,0.17705486714839935,0.3988277316093445,39628476814197727,B,12756.0,8.9976,-10.0
4272.000000000153,-0.009552269242703915,0.17768506705760956,0.364967405796051,39628476814197727,B,12756.0,8.9976,-10.0
4272.800000000153,0.05386921763420105,0.1893184334039688,0.29759159684181213,39628476814197727,B,12756.0,8.9976,-10.0
4273.600000000153,2.1897425651550293,0.17301566898822784,0.24251627922058105,39628476814197727,B,12756.0,8.9976,-10.0
4274.400000000153,-1.5642523765563965,0.1666450798511505,0.2544592022895813,39628476814197727,B,12756.0,8.9976,-10.0
4275.2000000001535,-2.513333797454834,0.21610693633556366,0.2557964622974396,39628476814197727,B,12756.0,8.9976,-10.0
4276.000000000154,1.5674883127212524,0.20763862133026123,0.20782409608364105,39628476814197727,B,12756.0,8.9976,-10.0
4276.800000000154,0.06959367543458939,0.22101131081581116,0.17737911641597748,39628476814197727,B,12756.0,8.9976,-10.0
4277.600000000154,-1.677496075630188,0.1893197000026703,0.2285548448562622,39628476814197727,B,12756.0,8.9976,-10.0
4278.400000000154,-0.06925904750823975,0.15539118647575378,0.30442681908607483,39628476814197727,B,12756.0,8.9976,-10.0
4279.200000000154,3.3877921104431152,0.1783437430858612,0.36168113350868225,39628476814197727,B,12756.0,8.9976,-10.0
4280.000000000155,0.6004679203033447,0.17051982879638672,0.39430364966392517,39628476814197727,B,12756.0,8.9976,-10.0
4280.800000000155,-2.040869951248169,0.21566078066825867,0.41225191950798035,39628476814197727,B,12756.0,8.9976,-10.0
4281.600000000155,1.1239210367202759,0.1891840398311615,0.42923733592033386,39628476814197727,B,12756.0,8.9976,-10.0
4282.400000000155,0.42597633600234985,0.20443245768547058,0.43990418314933777,39628476814197727,B,12756.0,8.9976,-10.0
4283.200000000155,-1.5207568407058716,0.19559071958065033,0.4132540822029114,39628476814197727,B,12756.0,8.9976,-10.0
4284.0000000001555,1.6480315923690796,0.20411957800388336,0.36428502202033997,39628476814197727,B,12756.0,8.9976,-10.0
4284.800000000156,-0.5481910109519958,0.2159871906042099,0.3255014419555664,39628476814197727,B,12756.0,8.9976,-10.0
4285.600000000156,1.9101758003234863,0.1774146556854248,0.3689741790294647,39628476814197727,B,12756.0,8.9976,-10.0
4286.400000000156,-1.5970604419708252,0.17858655750751495,0.40522950887680054,39628476814197727,B,12756.0,8.9976,-10.0
4287.200000000156,1.0877233743667603,0.21782295405864716,0.3920648694038391,39628476814197727,B,12756.0,8.9976,-10.0
4288.000000000156,3.2993602752685547,0.1589326411485672,0.3726884722709656,39628476814197727,B,12756.0,8.9976,-10.0
4288.800000000157,2.1697440147399902,0.20328262448310852,0.366611123085022,39628476814197727,B,12756.0,8.9976,-10.0
4289.600000000157,-1.677810788154602,0.17724111676216125,0.3213924765586853,39628476814197727,B,12756.0,8.9976,-10.0
4290.400000000157,-3.5650646686553955,0.18588782846927643,0.25700998306274414,39628476814197727,B,12756.0,8.9976,-10.0
4291.200000000157,-0.6177600026130676,0.20434050261974335,0.19083431363105774,39628476814197727,B,12756.0,8.9976,-10.0
4292.000000000157,-0.4282153844833374,0.16945402324199677,0.18703103065490723,39628476814197727,B,12756.0,8.9976,-10.0
4292.8000000001575,-0.20395781099796295,0.20621700584888458,0.24528761208057404,39628476814197727,B,12756.0,8.9976,-10.0
4293.600000000158,2.3396246433258057,0.20142515003681183,0.32621151208877563,39628476814197727,B,12756.0,8.9976,-10.0
4294.400000000158,1.8447309732437134,0.19259263575077057,0.3881392180919647,39628476814197727,B,12756.0,8.9976,-10.0
4295.200000000158,-1.4720097780227661,0.16349710524082184,0.41264787316322327,39628476814197727,B,12756.0,8.9976,-10.0
4296.000000000158,-0.25139373540878296,0.1990036815404892,0.41600656509399414,39628476814197727,B,12756.0,8.9976,-10.0
4296.800000000158,2.560429334640503,0.1989324390888214,0.43719229102134705,39628476814197727,B,12756.0,8.9976,-10.0
4297.600000000159,-3.056175708770752,0.17023055255413055,0.4368447959423065,39628476814197727,B,12756.0,8.9976,-10.0
4298.400000000159,1.901977300643921,0.2090478241443634,0.4498295187950134,39628476814197727,B,12756.0,8.9976,-10.0
4299.200000000159,-2.0397794246673584,0.18611417710781097,0.44469496607780457,39628476814197727,B,12756.0,8.9976,-10.0
4300.000000000159,-1.3499183654785156,0.2024625539779663,0.37863337993621826,39628476814197727,B,12756.0,8.9976,-10.0
4300.800000000159,1.8150240182876587,0.22305411100387573,0.29318031668663025,39628476814197727,B,12756.0,8.9976,-10.0
4301.6000000001595,-0.06177868694067001,0.18331754207611084,0.27891016006469727,39628476814197727,B,12756.0,8.9976,-10.0
4302.40000000016,1.9110996723175049,0.18487630784511566,0.28186726570129395,39628476814197727,B,12756.0,8.9976,-10.0
4303.20000000016,4.0035529136657715,0.18598799407482147,0.28229662775993347,39628476814197727,B,12756.0,8.9976,-10.0
4304.00000000016,-2.249330759048462,0.16481387615203857,0.27763503789901733,39628476814197727,B,12756.0,8.9976,-10.0
4304.80000000016,-2.773512601852417,0.2137778103351593,0.3006582260131836,39628476814197727,B,12756.0,8.9976,-10.0
4305.60000000016,-0.12040135264396667,0.17984764277935028,0.3701171576976776,39628476814197727,B,12756.0,8.9976,-10.0
4306.400000000161,0.6965453028678894,0.21722446382045746,0.4114985466003418,39628476814197727,B,12756.0,8.9976,-10.0
4307.200000000161,0.4518950283527374,0.1796799898147583,0.3836682140827179,39628476814197727,B,12756.0,8.9976,-10.0
4308.000000000161,1.244031548500061,0.1873508095741272,0.3243957757949829,39628476814197727,B,12756.0,8.9976,-10.0
4308.800000000161,3.92246413230896,0.1774299293756485,0.2907559275627136,39628476814197727,B,12756.0,8.9976,-10.0
4309.600000000161,1.5169103145599365,0.1984957903623581,0.25637054443359375,39628476814197727,B,12756.0,8.9976,-10.0
4310.4000000001615,2.7424662113189697,0.2038343995809555,0.29285934567451477,39628476814197727,B,12756.0,8.9976,-10.0
4311.200000000162,-0.12067917734384537,0.1843610256910324,0.3813551962375641,39628476814197727,B,12756.0,8.9976,-10.0
4312.000000000162,1.6891515254974365,0.22836026549339294,0.4616280496120453,39628476814197727,B,12756.0,8.9976,-10.0
4312.800000000162,-1.426478385925293,0.21414826810359955,0.5206955671310425,39628476814197727,B,12756.0,8.9976,-10.0
4313.600000000162,0.3312925696372986,0.20629934966564178,0.5372808575630188,39628476814197727,B,12756.0,8.9976,-10.0
4314.400000000162,1.1051100492477417,0.18851327896118164,0.5199716091156006,39628476814197727,B,12756.0,8.9976,-10.0
4315.200000000163,-0.3215058147907257,0.18989670276641846,0.4971333146095276,39628476814197727,B,12756.0,8.9976,-10.0
4316.000000000163,-0.41453567147254944,0.19676676392555237,0.46563607454299927,39628476814197727,B,12756.0,8.9976,-10.0
4316.800000000163,-0.1663217395544052,0.1950136423110962,0.4548981189727783,39628476814197727,B,12756.0,8.9976,-10.0
4317.600000000163,-1.4274522066116333,0.1703389436006546,0.5314105749130249,39628476814197727,B,12756.0,8.9976,-10.0
4318.400000000163,2.797187328338623,0.20637688040733337,0.5751355290412903,39628476814197727,B,12756.0,8.9976,-10.0
4319.2000000001635,2.005033016204834,0.17532125115394592,0.5304985642433167,39628476814197727,B,12756.0,8.9976,-10.0
4320.000000000164,-0.986972451210022,0.1917896568775177,0.4347725808620453,39628476814197727,B,12756.0,8.9976,-10.0
4320.800000000164,-3.2176034450531006,0.20834174752235413,0.4103991687297821,39628476814197727,B,12756.0,8.9976,-10.0
4321.600000000164,-3.31343150138855,0.2028551995754242,0.49553146958351135,39628476814197727,B,12756.0,8.9976,-10.0
4322.400000000164,-0.5366981029510498,0.17397235333919525,0.5518985986709595,39628476814197727,B,12756.0,8.9976,-10.0
4323.200000000164,-1.361672282218933,0.16990534961223602,0.5640515089035034,39628476814197727,B,12756.0,8.9976,-10.0
4324.000000000165,-2.612628936767578,0.15292957425117493,0.5872588157653809,39628476814197727,B,12756.0,8.9976,-10.0
4324.800000000165,0.2996012568473816,0.20786665380001068,0.5905302166938782,39628476814197727,B,12756.0,8.9976,-10.0
4325.600000000165,-0.17144277691841125,0.18976737558841705,0.5472594499588013,39628476814197727,B,12756.0,8.9976,-10.0
4326.400000000165,-0.919180691242218,0.2167946845293045,0.45847174525260925,39628476814197727,B,12756.0,8.9976,-10.0
4327.200000000165,0.9251012802124023,0.16499444842338562,0.34543532133102417,39628476814197727,B,12756.0,8.9976,-10.0
4328.0000000001655,0.9196028113365173,0.2243352085351944,0.3209647834300995,39628476814197727,B,12756.0,8.9976,-10.0
4328.800000000166,-0.5219748020172119,0.19074684381484985,0.4264627695083618,39628476814197727,B,12756.0,8.9976,-10.0
4329.600000000166,-1.0631924867630005,0.1973627507686615,0.5548670291900635,39628476814197727,B,12756.0,8.9976,-10.0
4330.400000000166,-0.10942047089338303,0.1887916922569275,0.620674729347229,39628476814197727,B,12756.0,8.9976,-10.0
4331.200000000166,0.37611427903175354,0.21990954875946045,0.633850634098053,39628476814197727,B,12756.0,8.9976,-10.0
4332.000000000166,2.9764866828918457,0.22146005928516388,0.6402075290679932,39628476814197727,B,12756.0,8.9976,-10.0
4332.800000000167,1.2455596923828125,0.20531313121318817,0.6719408631324768,39628476814197727,B,12756.0,8.9976,-10.0
4333.600000000167,2.7663230895996094,0.20868992805480957,0.6775582432746887,39628476814197727,B,12756.0,8.9976,-10.0
4334.400000000167,-0.4246343672275543,0.1925586313009262,0.647392988204956,39628476814197727,B,12756.0,8.9976,-10.0
4335.200000000167,3.231815814971924,0.20103538036346436,0.6336596608161926,39628476814197727,B,12756.0,8.9976,-10.0
4336.000000000167,1.806437611579895,0.20220215618610382,0.6578991413116455,39628476814197727,B,12756.0,8.9976,-10.0
4336.8000000001675,-1.053890585899353,0.2286277860403061,0.7250706553459167,39628476814197727,B,12756.0,8.9976,-10.0
4337.600000000168,-2.7508981227874756,0.19569048285484314,0.7759052515029907,39628476814197727,B,12756.0,8.9976,-10.0
4338.400000000168,-0.1476190835237503,0.2231885939836502,0.6972419023513794,39628476814197727,B,12756.0,8.9976,-10.0
4339.200000000168,-1.281126856803894,0.22724474966526031,0.5610605478286743,39628476814197727,B,12756.0,8.9976,-10.0
4340.000000000168,-3.3701791763305664,0.2060854434967041,0.525132954120636,39628476814197727,B,12756.0,8.9976,-10.0
4340.800000000168,3.048980951309204,0.20913483202457428,0.5246588587760925,39628476814197727,B,12756.0,8.9976,-10.0
4341.600000000169,-0.9168626070022583,0.20396830141544342,0.5076754093170166,39628476814197727,B,12756.0,8.9976,-10.0
4342.400000000169,-2.4208717346191406,0.18687348067760468,0.5719063878059387,39628476814197727,B,12756.0,8.9976,-10.0
4343.200000000169,2.662048101425171,0.18012933433055878,0.6376739144325256,39628476814197727,B,12756.0,8.9976,-10.0
4344.000000000169,1.2589393854141235,0.22296394407749176,0.6930234432220459,39628476814197727,B,12756.0,8.9976,-10.0
4344.800000000169,-1.2777361869812012,0.1820574253797531,0.6881413459777832,39628476814197727,B,12756.0,8.9976,-10.0
4345.6000000001695,2.526179313659668,0.2003614604473114,0.6021666526794434,39628476814197727,B,12756.0,8.9976,-10.0
4346.40000000017,0.1405234932899475,0.16505059599876404,0.5335695743560791,39628476814197727,B,12756.0,8.9976,-10.0
4347.20000000017,2.4874284267425537,0.20491033792495728,0.5962984561920166,39628476814197727,B,12756.0,8.9976,-10.0
4348.00000000017,-1.2740838527679443,0.19419601559638977,0.6575823426246643,39628476814197727,B,12756.0,8.9976,-10.0
4348.80000000017,3.5184271335601807,0.16748955845832825,0.6462274789810181,39628476814197727,B,12756.0,8.9976,-10.0
4349.60000000017,0.20525798201560974,0.23105740547180176,0.6508839130401611,39628476814197727,B,12756.0,8.9976,-10.0
4350.400000000171,2.6961829662323,0.1819523721933365,0.7095814943313599,39628476814197727,B,12756.0,8.9976,-10.0
4351.200000000171,-0.38778823614120483,0.18480464816093445,0.7415651082992554,39628476814197727,B,12756.0,8.9976,-10.0
4352.000000000171,-6.135293483734131,0.20130479335784912,0.6941325068473816,39628476814197727,B,12756.0,8.9976,-10.0
4352.800000000171,0.9126224517822266,0.19460831582546234,0.5656386017799377,39628476814197727,B,12756.0,8.9976,-10.0
4353.600000000171,-0.7384411096572876,0.17052200436592102,0.46822217106819153,39628476814197727,B,12756.0,8.9976,-10.0
4354.4000000001715,1.2647606134414673,0.1827465146780014,0.4984862506389618,39628476814197727,B,12756.0,8.9976,-10.0
4355.200000000172,-1.2105381488800049,0.15417657792568207,0.5853009819984436,39628476814197727,B,12756.0,8.9976,-10.0
4356.000000000172,1.1701534986495972,0.17617857456207275,0.6440749764442444,39628476814197727,B,12756.0,8.9976,-10.0
4356.800000000172,3.2197060585021973,0.16201625764369965,0.6556271314620972,39628476814197727,B,12756.0,8.9976,-10.0
4357.600000000172,-0.459427148103714,0.1653195023536682,0.6488151550292969,39628476814197727,B,12756.0,8.9976,-10.0
4358.400000000172,-0.35456979274749756,0.14897100627422333,0.668225884437561,39628476814197727,B,12756.0,8.9976,-10.0
4359.200000000173,-2.060314178466797,0.12660498917102814,0.6839613914489746,39628476814197727,B,12756.0,8.9976,-10.0
4360.000000000173,-1.143164873123169,0.12112785130739212,0.6597949266433716,39628476814197727,B,12756.0,8.9976,-10.0
4360.800000000173,0.02284448966383934,0.14190572500228882,0.6279446482658386,39628476814197727,B,12756.0,8.9976,-10.0
4361.600000000173,-4.244368553161621,0.16240288317203522,0.6022429466247559,39628476814197727,B,12756.0,8.9976,-10.0
4362.400000000173,-1.133732557296753,0.141734778881073,0.6320925951004028,39628476814197727,B,12756.0,8.9976,-10.0
4363.2000000001735,-2.7117114067077637,0.13749723136425018,0.6468021869659424,39628476814197727,B,12756.0,8.9976,-10.0
4364.000000000174,-1.5989173650741577,0.16022084653377533,0.6627401113510132,39628476814197727,B,12756.0,8.9976,-10.0
4364.800000000174,0.14140582084655762,0.12178445607423782,0.6645923852920532,39628476814197727,B,12756.0,8.9976,-10.0
4365.600000000174,-0.8048972487449646,0.10057327151298523,0.6964707374572754,39628476814197727,B,12756.0,8.9976,-10.0
4366.400000000174,-2.2606494426727295,0.10418879985809326,0.7383265495300293,39628476814197727,B,12756.0,8.9976,-10.0
4367.200000000174,-3.250941038131714,0.11900902539491653,0.7642786502838135,39628476814197727,B,12756.0,8.9976,-10.0
4368.000000000175,-1.2053930759429932,0.13133740425109863,0.7520203590393066,39628476814197727,B,12756.0,8.9976,-10.0
4368.800000000175,4.276166915893555,0.1132044792175293,0.712922990322113,39628476814197727,B,12756.0,8.9976,-10.0
4369.600000000175,0.5671553611755371,0.10772283375263214,0.6681981682777405,39628476814197727,B,12756.0,8.9976,-10.0
4370.400000000175,-3.151196002960205,0.10385041683912277,0.6915671229362488,39628476814197727,B,12756.0,8.9976,-10.0
4371.200000000175,-0.6733325123786926,0.11586445569992065,0.720525324344635,39628476814197727,B,12756.0,8.9976,-10.0
4372.0000000001755,4.013366222381592,0.08326184004545212,0.6940820217132568,39628476814197727,B,12756.0,8.9976,-10.0
4372.800000000176,0.00870372261852026,0.09625931084156036,0.6327993869781494,39628476814197727,B,12756.0,8.9976,-10.0
4373.600000000176,-2.278402805328369,0.07714314758777618,0.6140463352203369,39628476814197727,B,12756.0,8.9976,-10.0
4374.400000000176,-5.13436222076416,0.055156391113996506,0.6644991636276245,39628476814197727,B,12756.0,8.9976,-10.0
4375.200000000176,1.2176008224487305,0.0885574147105217,0.684025228023529,39628476814197727,B,12756.0,8.9976,-10.0
4376.000000000176,7.097184181213379,0.08167926222085953,0.6544570326805115,39628476814197727,B,12756.0,8.9976,-10.0
4376.800000000177,0.3998468518257141,0.09169764816761017,0.5698778033256531,39628476814197727,B,12756.0,8.9976,-10.0
4377.600000000177,-1.4291826486587524,0.08388999104499817,0.47738662362098694,39628476814197727,B,12756.0,8.9976,-10.0
4378.400000000177,-1.455338478088379,0.10139089077711105,0.50439453125,39628476814197727,B,12756.0,8.9976,-10.0
4379.200000000177,1.0161348581314087,0.08750545233488083,0.6039445400238037,39628476814197727,B,12756.0,8.9976,-10.0
4380.000000000177,3.933979034423828,0.06171401962637901,0.6213427782058716,39628476814197727,B,12756.0,8.9976,-10.0
4380.8000000001775,-2.100609540939331,0.07061108946800232,0.5491681694984436,39628476814197727,B,12756.0,8.9976,-10.0
4381.600000000178,2.1902003288269043,0.0796777680516243,0.521912157535553,39628476814197727,B,12756.0,8.9976,-10.0
4382.400000000178,1.6840187311172485,0.07749468088150024,0.5567469000816345,39628476814197727,B,12756.0,8.9976,-10.0
4383.200000000178,-8.78946590423584,0.07208091020584106,0.5776404142379761,39628476814197727,B,12756.0,8.9976,-10.0
4384.000000000178,5.523956298828125,0.0701625794172287,0.5181964635848999,39628476814197727,B,12756.0,8.9976,-10.0
4384.800000000178,0.4989745020866394,0.0887560099363327,0.39245256781578064,39628476814197727,B,12756.0,8.9976,-10.0
4385.600000000179,-2.484219789505005,0.10524795204401016,0.3014083504676819,39628476814197727,B,12756.0,8.9976,-10.0
4386.400000000179,4.632794380187988,0.0772160068154335,0.3407104015350342,39628476814197727,B,12756.0,8.9976,-10.0
4387.200000000179,0.07048396021127701,0.07676245272159576,0.46428534388542175,39628476814197727,B,12756.0,8.9976,-10.0
4388.000000000179,1.0651527643203735,0.07261118292808533,0.5934554934501648,39628476814197727,B,12756.0,8.9976,-10.0
4388.800000000179,0.7511990666389465,0.08304119110107422,0.6634378433227539,39628476814197727,B,12756.0,8.9976,-10.0
4389.6000000001795,4.687473773956299,0.0899246335029602,0.6673657894134521,39628476814197727,B,12756.0,8.9976,-10.0
4390.40000000018,0.9041011333465576,0.09454627335071564,0.6408377885818481,39628476814197727,B,12756.0,8.9976,-10.0
4391.20000000018,2.3115015029907227,0.0840522050857544,0.5818929076194763,39628476814197727,B,12756.0,8.9976,-10.0
4392.00000000018,4.578527450561523,0.07745084911584854,0.5594377517700195,39628476814197727,B,12756.0,8.9976,-10.0
4392.80000000018,4.874232292175293,0.07859846204519272,0.6342793703079224,39628476814197727,B,12756.0,8.9976,-10.0
4393.60000000018,4.763970375061035,0.09997547417879105,0.6992467641830444,39628476814197727,B,12756.0,8.9976,-10.0
4394.400000000181,1.5321521759033203,0.08294542878866196,0.7282216548919678,39628476814197727,B,12756.0,8.9976,-10.0
4395.200000000181,-1.3883521556854248,0.06864866614341736,0.7232086658477783,39628476814197727,B,12756.0,8.9976,-10.0
4396.000000000181,-3.1187453269958496,0.08674073964357376,0.684917151927948,39628476814197727,B,12756.0,8.9976,-10.0
4396.800000000181,5.816315174102783,0.07450849562883377,0.6225036382675171,39628476814197727,B,12756.0,8.9976,-10.0
4397.600000000181,-0.7349460124969482,0.08570381253957748,0.6260559558868408,39628476814197727,B,12756.0,8.9976,-10.0
4398.4000000001815,1.5860544443130493,0.08332845568656921,0.7193666100502014,39628476814197727,B,12756.0,8.9976,-10.0
4399.200000000182,1.0233850479125977,0.08423200994729996,0.7765516638755798,39628476814197727,B,12756.0,8.9976,-10.0
4400.000000000182,1.5406347513198853,0.09051044285297394,0.7643408179283142,39628476814197727,B,12756.0,8.9976,-10.0
4400.800000000182,-1.1197291612625122,0.08908403664827347,0.7285205125808716,39628476814197727,B,12756.0,8.9976,-10.0
4401.600000000182,6.201796054840088,0.08936111629009247,0.6689092516899109,39628476814197727,B,12756.0,8.9976,-10.0
4402.400000000182,2.7770917415618896,0.09173720329999924,0.609603762626648,39628476814197727,B,12756.0,8.9976,-10.0
4403.200000000183,0.4816170036792755,0.1208425834774971,0.6426197290420532,39628476814197727,B,12756.0,8.9976,-10.0
4404.000000000183,0.5845391154289246,0.08999854326248169,0.7074105143547058,39628476814197727,B,12756.0,8.9976,-10.0
4404.800000000183,6.329956531524658,0.1043795570731163,0.6978529691696167,39628476814197727,B,12756.0,8.9976,-10.0
4405.600000000183,-0.5653179287910461,0.11957591027021408,0.5708029270172119,39628476814197727,B,12756.0,8.9976,-10.0
4406.400000000183,-1.7506158351898193,0.0937298983335495,0.4248073399066925,39628476814197727,B,12756.0,8.9976,-10.0
4407.2000000001835,-2.205249547958374,0.08994114398956299,0.4196397364139557,39628476814197727,B,12756.0,8.9976,-10.0
4408.000000000184,2.1347544193267822,0.08976833522319794,0.5124490857124329,39628476814197727,B,12756.0,8.9976,-10.0
4408.800000000184,0.026645036414265633,0.11248914152383804,0.530132532119751,39628476814197727,B,12756.0,8.9976,-10.0
4409.600000000184,-0.2864190936088562,0.0914514884352684,0.4787742495536804,39628476814197727,B,12756.0,8.9976,-10.0
4410.400000000184,3.189390182495117,0.11175451427698135,0.49793562293052673,39628476814197727,B,12756.0,8.9976,-10.0
4411.200000000184,-2.296290159225464,0.11231522262096405,0.6402536034584045,39628476814197727,B,12756.0,8.9976,-10.0
4412.000000000185,0.5530808568000793,0.12617158889770508,0.7356530427932739,39628476814197727,B,12756.0,8.9976,-10.0
4412.800000000185,-0.5312495231628418,0.11493399739265442,0.779765248298645,39628476814197727,B,12756.0,8.9976,-10.0
4413.600000000185,4.3599853515625,0.11523538827896118,0.7873919606208801,39628476814197727,B,12756.0,8.9976,-10.0
4414.400000000185,-1.1704024076461792,0.13106004893779755,0.747073769569397,39628476814197727,B,12756.0,8.9976,-10.0
4415.200000000185,-0.3798026442527771,0.11565850675106049,0.7355940937995911,39628476814197727,B,12756.0,8.9976,-10.0
4416.0000000001855,2.710397481918335,0.12961924076080322,0.671845018863678,39628476814197727,B,12756.0,8.9976,-10.0
4416.800000000186,0.6746547818183899,0.11556503921747208,0.5791250467300415,39628476814197727,B,12756.0,8.9976,-10.0
4417.600000000186,1.38376784324646,0.12752701342105865,0.5834363102912903,39628476814197727,B,12756.0,8.9976,-10.0
4418.400000000186,3.424144983291626,0.15110841393470764,0.6511285305023193,39628476814197727,B,12756.0,8.9976,-10.0
4419.200000000186,-0.8833385705947876,0.13177233934402466,0.7224770188331604,39628476814197727,B,12756.0,8.9976,-10.0
4420.000000000186,1.3743436336517334,0.13605499267578125,0.7928758859634399,39628476814197727,B,12756.0,8.9976,-10.0
4420.800000000187,-0.4785751700401306,0.12462154030799866,0.8220651745796204,39628476814197727,B,12756.0,8.9976,-10.0
4421.600000000187,1.2187542915344238,0.13081878423690796,0.8088095784187317,39628476814197727,B,12756.0,8.9976,-10.0
4422.400000000187,-6.54380464553833,0.1161012053489685,0.7663734555244446,39628476814197727,B,12756.0,8.9976,-10.0
4423.200000000187,0.6488904356956482,0.14019674062728882,0.6963421106338501,39628476814197727,B,12756.0,8.9976,-10.0
4424.000000000187,3.0756096839904785,0.1485343724489212,0.6409358382225037,39628476814197727,B,12756.0,8.9976,-10.0
4424.8000000001875,1.005599856376648,0.13744716346263885,0.6204489469528198,39628476814197727,B,12756.0,8.9976,-10.0
4425.600000000188,-2.955005407333374,0.15346065163612366,0.6211456656455994,39628476814197727,B,12756.0,8.9976,-10.0
4426.400000000188,3.590625524520874,0.1528051793575287,0.5327385663986206,39628476814197727,B,12756.0,8.9976,-10.0
4427.200000000188,2.7174808979034424,0.14336945116519928,0.4232265055179596,39628476814197727,B,12756.0,8.9976,-10.0
4428.000000000188,2.530519723892212,0.1336498260498047,0.39616987109184265,39628476814197727,B,12756.0,8.9976,-10.0
4428.800000000188,1.1707804203033447,0.16582342982292175,0.4094173312187195,39628476814197727,B,12756.0,8.9976,-10.0
4429.600000000189,2.7899646759033203,0.16602182388305664,0.45825374126434326,39628476814197727,B,12756.0,8.9976,-10.0
4430.400000000189,0.6986261606216431,0.1606508493423462,0.5747612118721008,39628476814197727,B,12756.0,8.9976,-10.0
4431.200000000189,1.7741308212280273,0.16086766123771667,0.6442168354988098,39628476814197727,B,12756.0,8.9976,-10.0
4432.000000000189,0.4988669157028198,0.15466678142547607,0.6363851428031921,39628476814197727,B,12756.0,8.9976,-10.0
4432.800000000189,-2.3763790130615234,0.16322815418243408,0.639631986618042,39628476814197727,B,12756.0,8.9976,-10.0
4433.6000000001895,1.873868465423584,0.15305258333683014,0.6450605392456055,39628476814197727,B,12756.0,8.9976,-10.0
4434.40000000019,-2.173050880432129,0.17026853561401367,0.6082508563995361,39628476814197727,B,12756.0,8.9976,-10.0
4435.20000000019,0.3514479398727417,0.16127613186836243,0.5417973399162292,39628476814197727,B,12756.0,8.9976,-10.0
4436.00000000019,-3.360482931137085,0.16869591176509857,0.43494606018066406,39628476814197727,B,12756.0,8.9976,-10.0
4436.80000000019,-0.5232682824134827,0.18689213693141937,0.33296263217926025,39628476814197727,B,12756.0,8.9976,-10.0
4437.60000000019,-3.6835126876831055,0.19236308336257935,0.33777931332588196,39628476814197727,B,12756.0,8.9976,-10.0
4438.400000000191,2.041083574295044,0.1750405728816986,0.4545678496360779,39628476814197727,B,12756.0,8.9976,-10.0
4439.200000000191,4.3241753578186035,0.1872367560863495,0.5807367563247681,39628476814197727,B,12756.0,8.9976,-10.0
4440.000000000191,0.6873466372489929,0.17569924890995026,0.6388390064239502,39628476814197727,B,12756.0,8.9976,-10.0
4440.800000000191,8.196049690246582,0.15165115892887115,0.6806356906890869,39628476814197727,B,12756.0,8.9976,-10.0
4441.600000000191,-0.1965407282114029,0.20006191730499268,0.6779411435127258,39628476814197727,B,12756.0,8.9976,-10.0
4442.4000000001915,1.3671966791152954,0.16746076941490173,0.6487563848495483,39628476814197727,B,12756.0,8.9976,-10.0
4443.200000000192,2.7873854637145996,0.22073906660079956,0.6245084404945374,39628476814197727,B,12756.0,8.9976,-10.0
4444.000000000192,-0.7655844688415527,0.2082539200782776,0.6214417219161987,39628476814197727,B,12756.0,8.9976,-10.0
4444.800000000192,-2.1409692764282227,0.17884106934070587,0.6457743644714355,39628476814197727,B,12756.0,8.9976,-10.0
4445.600000000192,0.7512997984886169,0.17830844223499298,0.6754441857337952,39628476814197727,B,12756.0,8.9976,-10.0
4446.400000000192,4.43967866897583,0.1700461208820343,0.7083386182785034,39628476814197727,B,12756.0,8.9976,-10.0
4447.200000000193,-1.8342431783676147,0.19785164296627045,0.7724545001983643,39628476814197727,B,12756.0,8.9976,-10.0
4448.000000000193,5.661032199859619,0.17239518463611603,0.8158406615257263,39628476814197727,B,12756.0,8.9976,-10.0
4448.800000000193,0.28538018465042114,0.21361936628818512,0.7904166579246521,39628476814197727,B,12756.0,8.9976,-10.0
4449.600000000193,-0.216842383146286,0.1950000524520874,0.7287508249282837,39628476814197727,B,12756.0,8.9976,-10.0
4450.400000000193,1.1678357124328613,0.16342753171920776,0.6914453506469727,39628476814197727,B,12756.0,8.9976,-10.0
4451.2000000001935,-6.253805160522461,0.21430177986621857,0.6606454253196716,39628476814197727,B,12756.0,8.9976,-10.0
4452.000000000194,1.4148566722869873,0.21217329800128937,0.658919095993042,39628476814197727,B,12756.0,8.9976,-10.0
4452.800000000194,1.1495534181594849,0.17729757726192474,0.6463891863822937,39628476814197727,B,12756.0,8.9976,-10.0
4453.600000000194,0.4635414481163025,0.18487510085105896,0.6310033202171326,39628476814197727,B,12756.0,8.9976,-10.0
4454.400000000194,0.8064447045326233,0.18143419921398163,0.5804588198661804,39628476814197727,B,12756.0,8.9976,-10.0
4455.200000000194,3.0818092823028564,0.18704481422901154,0.4892590045928955,39628476814197727,B,12756.0,8.9976,-10.0
4456.000000000195,3.085386276245117,0.16702553629875183,0.3927243649959564,39628476814197727,B,12756.0,8.9976,-10.0
4456.800000000195,2.000507354736328,0.1810966432094574,0.3161006569862366,39628476814197727,B,12756.0,8.9976,-10.0
4457.600000000195,2.01481032371521,0.21373917162418365,0.3254126310348511,39628476814197727,B,12756.0,8.9976,-10.0
4458.400000000195,-1.1712853908538818,0.22117707133293152,0.3938101530075073,39628476814197727,B,12756.0,8.9976,-10.0
4459.200000000195,1.483062982559204,0.2502475678920746,0.48793432116508484,39628476814197727,B,12756.0,8.9976,-10.0
4460.0000000001955,4.731773853302002,0.18730147182941437,0.5691413879394531,39628476814197727,B,12756.0,8.9976,-10.0
4460.800000000196,0.09368982166051865,0.23194760084152222,0.5789362192153931,39628476814197727,B,12756.0,8.9976,-10.0
4461.600000000196,2.187922239303589,0.17875230312347412,0.5530683994293213,39628476814197727,B,12756.0,8.9976,-10.0
4462.400000000196,0.3274706304073334,0.1687205731868744,0.5484435558319092,39628476814197727,B,12756.0,8.9976,-10.0
4463.200000000196,4.914438247680664,0.21353329718112946,0.5273836851119995,39628476814197727,B,12756.0,8.9976,-10.0
4464.000000000196,2.241122245788574,0.23309405148029327,0.5310472249984741,39628476814197727,B,12756.0,8.9976,-10.0
4464.800000000197,2.0073416233062744,0.24031028151512146,0.6335830092430115,39628476814197727,B,12756.0,8.9976,-10.0
4465.600000000197,1.328589677810669,0.18364796042442322,0.6985716223716736,39628476814197727,B,12756.0,8.9976,-10.0
4466.400000000197,0.27447542548179626,0.19123804569244385,0.7117369771003723,39628476814197727,B,12756.0,8.9976,-10.0
4467.200000000197,2.4032764434814453,0.21558143198490143,0.6842734813690186,39628476814197727,B,12756.0,8.9976,-10.0
4468.000000000197,1.9981569051742554,0.22607220709323883,0.6425777077674866,39628476814197727,B,12756.0,8.9976,-10.0
4468.8000000001975,-2.2506771087646484,0.22776149213314056,0.6537652015686035,39628476814197727,B,12756.0,8.9976,-10.0
4469.600000000198,2.714271068572998,0.22293540835380554,0.7212430834770203,39628476814197727,B,12756.0,8.9976,-10.0
4470.400000000198,2.1120731830596924,0.19992060959339142,0.7496879696846008,39628476814197727,B,12756.0,8.9976,-10.0
4471.200000000198,1.8157835006713867,0.18792660534381866,0.7403621673583984,39628476814197727,B,12756.0,8.9976,-10.0
4472.000000000198,1.4264471530914307,0.16084878146648407,0.7297031879425049,39628476814197727,B,12756.0,8.9976,-10.0
4472.800000000198,2.841630220413208,0.21021205186843872,0.7289037704467773,39628476814197727,B,12756.0,8.9976,-10.0
4473.600000000199,4.4746928215026855,0.20029152929782867,0.7401374578475952,39628476814197727,B,12756.0,8.9976,-10.0
4474.400000000199,1.860914945602417,0.227699875831604,0.7739784717559814,39628476814197727,B,12756.0,8.9976,-10.0
4475.200000000199,-1.48369562625885,0.18904031813144684,0.8183947205543518,39628476814197727,B,12756.0,8.9976,-10.0
4476.000000000199,2.8479816913604736,0.22361770272254944,0.8292992115020752,39628476814197727,B,12756.0,8.9976,-10.0
4476.800000000199,-0.034842897206544876,0.22576415538787842,0.8019258379936218,39628476814197727,B,12756.0,8.9976,-10.0
4477.6000000001995,1.6149033308029175,0.2276262640953064,0.7882480621337891,39628476814197727,B,12756.0,8.9976,-10.0
4478.4000000002,-0.632654070854187,0.2043670415878296,0.7981182336807251,39628476814197727,B,12756.0,8.9976,-10.0
4479.2000000002,2.1321935653686523,0.23867976665496826,0.8288395404815674,39628476814197727,B,12756.0,8.9976,-10.0
4480.0000000002,1.1153546571731567,0.20542506873607635,0.8685913681983948,39628476814197727,B,12756.0,8.9976,-10.0
4480.8000000002,3.3438098430633545,0.23177683353424072,0.8774970173835754,39628476814197727,B,12756.0,8.9976,-10.0
4481.6000000002,0.34717586636543274,0.20976796746253967,0.8309468030929565,39628476814197727,B,12756.0,8.9976,-10.0
4482.400000000201,-1.4722027778625488,0.23613697290420532,0.7499900460243225,39628476814197727,B,12756.0,8.9976,-10.0
4483.200000000201,2.5990166664123535,0.19509588181972504,0.6582251191139221,39628476814197727,B,12756.0,8.9976,-10.0
4484.000000000201,0.8192224502563477,0.2276787906885147,0.6058225631713867,39628476814197727,B,12756.0,8.9976,-10.0
4484.800000000201,-0.4938328266143799,0.23557919263839722,0.6789348721504211,39628476814197727,B,12756.0,8.9976,-10.0
4485.600000000201,-1.8115978240966797,0.2272094041109085,0.7875853180885315,39628476814197727,B,12756.0,8.9976,-10.0
4486.4000000002015,-1.3566514253616333,0.2141941338777542,0.8199111819267273,39628476814197727,B,12756.0,8.9976,-10.0
4487.200000000202,1.4321295022964478,0.21296486258506775,0.8123100399971008,39628476814197727,B,12756.0,8.9976,-10.0
4488.000000000202,0.4706675410270691,0.23476222157478333,0.8206191658973694,39628476814197727,B,12756.0,8.9976,-10.0
4488.800000000202,0.06381513178348541,0.2131708413362503,0.8315497040748596,39628476814197727,B,12756.0,8.9976,-10.0
4489.600000000202,0.170040100812912,0.22025513648986816,0.811022162437439,39628476814197727,B,12756.0,8.9976,-10.0
4490.400000000202,2.319159746170044,0.2520822286605835,0.7430541515350342,39628476814197727,B,12756.0,8.9976,-10.0
4491.200000000203,-1.729515552520752,0.2329130470752716,0.6780521273612976,39628476814197727,B,12756.0,8.9976,-10.0
4492.000000000203,1.3095695972442627,0.2937588393688202,0.7026110291481018,39628476814197727,B,12756.0,8.9976,-10.0
4492.800000000203,-3.105088233947754,0.2125215083360672,0.8442234992980957,39628476814197727,B,12756.0,8.9976,-10.0
4493.600000000203,1.4376150369644165,0.23140400648117065,0.9506117105484009,39628476814197727,B,12756.0,8.9976,-10.0
4494.400000000203,1.1909936666488647,0.25599205493927,0.9483788013458252,39628476814197727,B,12756.0,8.9976,-10.0
4495.2000000002035,2.3563075065612793,0.2180589884519577,0.8734556436538696,39628476814197727,B,12756.0,8.9976,-10.0
4496.000000000204,2.0703136920928955,0.27667000889778137,0.7950714230537415,39628476814197727,B,12756.0,8.9976,-10.0
4496.800000000204,-3.2173335552215576,0.24389728903770447,0.758852481842041,39628476814197727,B,12756.0,8.9976,-10.0
4497.600000000204,1.0407252311706543,0.2177223563194275,0.7135351300239563,39628476814197727,B,12756.0,8.9976,-10.0
4498.400000000204,0.464555561542511,0.2349116951227188,0.6107207536697388,39628476814197727,B,12756.0,8.9976,-10.0
4499.200000000204,1.4088749885559082,0.18940314650535583,0.618691623210907,39628476814197727,B,12756.0,8.9976,-10.0
4500.000000000205,-2.176940441131592,0.22971977293491364,0.7371903657913208,39628476814197727,B,12756.0,8.9976,-10.0
4500.800000000205,2.417821168899536,0.22329750657081604,0.8510259985923767,39628476814197727,B,12756.0,8.9976,-10.0
4501.600000000205,-0.08868759125471115,0.2447594255208969,0.898556113243103,39628476814197727,B,12756.0,8.9976,-10.0
4502.400000000205,2.113868236541748,0.2287808656692505,0.8979253768920898,39628476814197727,B,12756.0,8.9976,-10.0
4503.200000000205,-0.3893931806087494,0.24981099367141724,0.8819766044616699,39628476814197727,B,12756.0,8.9976,-10.0
4504.000000000206,-0.9241001009941101,0.21623633801937103,0.8918733596801758,39628476814197727,B,12756.0,8.9976,-10.0
4504.800000000206,2.6371700763702393,0.22334791719913483,0.9125027656555176,39628476814197727,B,12756.0,8.9976,-10.0
4505.600000000206,1.2688181400299072,0.21914511919021606,0.9308883547782898,39628476814197727,B,12756.0,8.9976,-10.0
4506.400000000206,-0.10403640568256378,0.20604819059371948,0.9369324445724487,39628476814197727,B,12756.0,8.9976,-10.0
4507.200000000206,7.754353046417236,0.2040644735097885,0.8880770206451416,39628476814197727,B,12756.0,8.9976,-10.0
4508.0000000002065,3.2278761863708496,0.1804768294095993,0.8120498061180115,39628476814197727,B,12756.0,8.9976,-10.0
4508.800000000207,1.0615930557250977,0.24149610102176666,0.7656912803649902,39628476814197727,B,12756.0,8.9976,-10.0
4509.600000000207,-1.4950523376464844,0.20429010689258575,0.7796779274940491,39628476814197727,B,12756.0,8.9976,-10.0
4510.400000000207,2.7909626960754395,0.22470879554748535,0.7874216437339783,39628476814197727,B,12756.0,8.9976,-10.0
4511.200000000207,2.2237770557403564,0.2423688769340515,0.7899338006973267,39628476814197727,B,12756.0,8.9976,-10.0
4512.000000000207,1.2782173156738281,0.22958852350711823,0.8171500563621521,39628476814197727,B,12756.0,8.9976,-10.0
4512.800000000208,-0.17721904814243317,0.23815056681632996,0.8096504807472229,39628476814197727,B,12756.0,8.9976,-10.0
4513.600000000208,4.517955303192139,0.22613412141799927,0.7526761293411255,39628476814197727,B,12756.0,8.9976,-10.0
4514.400000000208,2.80400013923645,0.24431605637073517,0.6777827143669128,39628476814197727,B,12756.0,8.9976,-10.0
4515.200000000208,-0.5119326710700989,0.25870341062545776,0.6935580968856812,39628476814197727,B,12756.0,8.9976,-10.0
4516.000000000208,1.8751078844070435,0.18848255276679993,0.7814802527427673,39628476814197727,B,12756.0,8.9976,-10.0
4516.8000000002085,-2.9009087085723877,0.2177017480134964,0.826992392539978,39628476814197727,B,12756.0,8.9976,-10.0
4517.600000000209,-0.27080237865448,0.23536469042301178,0.8223878145217896,39628476814197727,B,12756.0,8.9976,-10.0
4518.400000000209,0.48832812905311584,0.20396360754966736,0.7945226430892944,39628476814197727,B,12756.0,8.9976,-10.0
4519.200000000209,0.7481069564819336,0.2269570678472519,0.718362033367157,39628476814197727,B,12756.0,8.9976,-10.0
4520.000000000209,0.5994340777397156,0.23158660531044006,0.6313422322273254,39628476814197727,B,12756.0,8.9976,-10.0
4520.800000000209,-0.6443544030189514,0.22844348847866058,0.6842799782752991,39628476814197727,B,12756.0,8.9976,-10.0
4521.60000000021,4.482723236083984,0.23163971304893494,0.7866341471672058,39628476814197727,B,12756.0,8.9976,-10.0
4522.40000000021,1.3237361907958984,0.28022533655166626,0.8472411036491394,39628476814197727,B,12756.0,8.9976,-10.0
4523.20000000021,-3.7486114501953125,0.2426111102104187,0.8357473015785217,39628476814197727,B,12756.0,8.9976,-10.0
4524.00000000021,4.923369884490967,0.20824620127677917,0.7407020926475525,39628476814197727,B,12756.0,8.9976,-10.0
4524.80000000021,1.8369932174682617,0.22360044717788696,0.6588311195373535,39628476814197727,B,12756.0,8.9976,-10.0
4525.6000000002105,-0.4265490472316742,0.269733190536499,0.7401248216629028,39628476814197727,B,12756.0,8.9976,-10.0
4526.400000000211,1.4925363063812256,0.26001206040382385,0.8208749294281006,39628476814197727,B,12756.0,8.9976,-10.0
4527.200000000211,-0.6915900111198425,0.24727025628089905,0.7844724655151367,39628476814197727,B,12756.0,8.9976,-10.0
4528.000000000211,-1.1326994895935059,0.2665821313858032,0.6746902465820312,39628476814197727,B,12756.0,8.9976,-10.0
4528.800000000211,0.3377074599266052,0.27082201838493347,0.5707045197486877,39628476814197727,B,12756.0,8.9976,-10.0
4529.600000000211,4.142031669616699,0.24738359451293945,0.5563387870788574,39628476814197727,B,12756.0,8.9976,-10.0
4530.400000000212,-0.9444561004638672,0.25334790349006653,0.6347997188568115,39628476814197727,B,12756.0,8.9976,-10.0
4531.200000000212,0.12322383373975754,0.21195651590824127,0.7236818075180054,39628476814197727,B,12756.0,8.9976,-10.0
4532.000000000212,0.9926812648773193,0.27704644203186035,0.7508820295333862,39628476814197727,B,12756.0,8.9976,-10.0
4532.800000000212,-1.0963168144226074,0.23432955145835876,0.7116327881813049,39628476814197727,B,12756.0,8.9976,-10.0
4533.600000000212,-0.10108484327793121,0.2382148951292038,0.6666779518127441,39628476814197727,B,12756.0,8.9976,-10.0
4534.4000000002125,0.6096060276031494,0.21843165159225464,0.579910933971405,39628476814197727,B,12756.0,8.9976,-10.0
4535.200000000213,4.606011867523193,0.21982361376285553,0.47874024510383606,39628476814197727,B,12756.0,8.9976,-10.0
4536.000000000213,-3.067568063735962,0.23352360725402832,0.44456058740615845,39628476814197727,B,12756.0,8.9976,-10.0
4536.800000000213,-1.0035337209701538,0.22866955399513245,0.3946950137615204,39628476814197727,B,12756.0,8.9976,-10.0
4537.600000000213,1.1317805051803589,0.23738916218280792,0.38602179288864136,39628476814197727,B,12756.0,8.9976,-10.0
4538.400000000213,-2.001554012298584,0.24390409886837006,0.5104122757911682,39628476814197727,B,12756.0,8.9976,-10.0
4539.200000000214,3.239534854888916,0.25937947630882263,0.7001913785934448,39628476814197727,B,12756.0,8.9976,-10.0
4540.000000000214,1.976704478263855,0.23861373960971832,0.8225095272064209,39628476814197727,B,12756.0,8.9976,-10.0
4540.800000000214,5.296733856201172,0.23025430738925934,0.8678547739982605,39628476814197727,B,12756.0,8.9976,-10.0
4541.600000000214,1.479202151298523,0.24473294615745544,0.850558340549469,39628476814197727,B,12756.0,8.9976,-10.0
4542.400000000214,-0.8451076745986938,0.23364105820655823,0.8278322815895081,39628476814197727,B,12756.0,8.9976,-10.0
4543.2000000002145,-0.9534427523612976,0.22534982860088348,0.8412806391716003,39628476814197727,B,12756.0,8.9976,-10.0
4544.000000000215,0.4589349627494812,0.249778151512146,0.8499196767807007,39628476814197727,B,12756.0,8.9976,-10.0
4544.800000000215,3.281740665435791,0.22752900421619415,0.8477769494056702,39628476814197727,B,12756.0,8.9976,-10.0
4545.600000000215,-0.42891204357147217,0.20425966382026672,0.8014193773269653,39628476814197727,B,12756.0,8.9976,-10.0
4546.400000000215,-0.5306952595710754,0.220205157995224,0.709888219833374,39628476814197727,B,12756.0,8.9976,-10.0
4547.200000000215,4.116392135620117,0.2093115746974945,0.6393731236457825,39628476814197727,B,12756.0,8.9976,-10.0
4548.000000000216,2.4212591648101807,0.20021799206733704,0.6512840390205383,39628476814197727,B,12756.0,8.9976,-10.0
4548.800000000216,4.300319194793701,0.19492149353027344,0.7395386099815369,39628476814197727,B,12756.0,8.9976,-10.0
4549.600000000216,-0.1276812106370926,0.23170813918113708,0.7205665707588196,39628476814197727,B,12756.0,8.9976,-10.0
4550.400000000216,1.9768166542053223,0.19274361431598663,0.6334981918334961,39628476814197727,B,12756.0,8.9976,-10.0
4551.200000000216,0.4013020396232605,0.22004804015159607,0.6316139101982117,39628476814197727,B,12756.0,8.9976,-10.0
4552.0000000002165,1.8227565288543701,0.2717653512954712,0.7303051948547363,39628476814197727,B,12756.0,8.9976,-10.0
4552.800000000217,1.7262251377105713,0.2308531105518341,0.7876247763633728,39628476814197727,B,12756.0,8.9976,-10.0
4553.600000000217,4.685866832733154,0.22494307160377502,0.7121380567550659,39628476814197727,B,12756.0,8.9976,-10.0
4554.400000000217,0.35146743059158325,0.2610909938812256,0.624372124671936,39628476814197727,B,12756.0,8.9976,-10.0
4555.200000000217,3.2399051189422607,0.23594526946544647,0.6510306596755981,39628476814197727,B,12756.0,8.9976,-10.0
4556.000000000217,2.342672824859619,0.22722294926643372,0.684064507484436,39628476814197727,B,12756.0,8.9976,-10.0
4556.800000000218,0.5836901068687439,0.22396764159202576,0.6822406649589539,39628476814197727,B,12756.0,8.9976,-10.0
4557.600000000218,0.03867402300238609,0.23034769296646118,0.6826227903366089,39628476814197727,B,12756.0,8.9976,-10.0
4558.400000000218,-0.9675342440605164,0.23337486386299133,0.7917903661727905,39628476814197727,B,12756.0,8.9976,-10.0
4559.200000000218,1.4644148349761963,0.22782187163829803,0.8952733874320984,39628476814197727,B,12756.0,8.9976,-10.0
4560.000000000218,1.7664310932159424,0.23015226423740387,0.9290608763694763,39628476814197727,B,12756.0,8.9976,-10.0
4560.8000000002185,0.6215413808822632,0.23285293579101562,0.9403445720672607,39628476814197727,B,12756.0,8.9976,-10.0
4561.600000000219,3.2394819259643555,0.2251998335123062,0.9377018213272095,39628476814197727,B,12756.0,8.9976,-10.0
4562.400000000219,0.8980789184570312,0.2530151903629303,0.942137598991394,39628476814197727,B,12756.0,8.9976,-10.0
4563.200000000219,-1.174569010734558,0.29349765181541443,0.938840389251709,39628476814197727,B,12756.0,8.9976,-10.0
4564.000000000219,0.263887882232666,0.2796074450016022,0.8888041377067566,39628476814197727,B,12756.0,8.9976,-10.0
4564.800000000219,1.0484708547592163,0.2346878945827484,0.848811686038971,39628476814197727,B,12756.0,8.9976,-10.0
4565.60000000022,3.465532064437866,0.22118936479091644,0.8950891494750977,39628476814197727,B,12756.0,8.9976,-10.0
4566.40000000022,1.313499927520752,0.25501179695129395,0.8905410766601562,39628476814197727,B,12756.0,8.9976,-10.0
4567.20000000022,3.6882784366607666,0.23490843176841736,0.8366127610206604,39628476814197727,B,12756.0,8.9976,-10.0
4568.00000000022,-1.8797537088394165,0.23444971442222595,0.8991110920906067,39628476814197727,B,12756.0,8.9976,-10.0
4568.80000000022,-0.7453065514564514,0.21818441152572632,0.9939807653427124,39628476814197727,B,12756.0,8.9976,-10.0
4569.6000000002205,1.7551071643829346,0.24863184988498688,1.0333164930343628,39628476814197727,B,12756.0,8.9976,-10.0
4570.400000000221,1.4730217456817627,0.22323250770568848,1.0164549350738525,39628476814197727,B,12756.0,8.9976,-10.0
4571.200000000221,0.510015606880188,0.236807718873024,0.9704631567001343,39628476814197727,B,12756.0,8.9976,-10.0
4572.000000000221,0.5796625018119812,0.25110986828804016,0.9218194484710693,39628476814197727,B,12756.0,8.9976,-10.0
4572.800000000221,-1.734955906867981,0.23395638167858124,0.8925284147262573,39628476814197727,B,12756.0,8.9976,-10.0
4573.600000000221,-2.366619348526001,0.28190499544143677,0.9097273945808411,39628476814197727,B,12756.0,8.9976,-10.0
4574.400000000222,3.133009433746338,0.3117910325527191,0.988403856754303,39628476814197727,B,12756.0,8.9976,-10.0
4575.200000000222,0.6698448061943054,0.26925280690193176,1.0615793466567993,39628476814197727,B,12756.0,8.9976,-10.0
4576.000000000222,1.1244410276412964,0.3023742437362671,1.0547552108764648,39628476814197727,B,12756.0,8.9976,-10.0
4576.800000000222,3.684631109237671,0.24530455470085144,1.012900948524475,39628476814197727,B,12756.0,8.9976,-10.0
4577.600000000222,4.378247261047363,0.23183223605155945,0.9691600203514099,39628476814197727,B,12756.0,8.9976,-10.0
4578.4000000002225,-2.7888121604919434,0.25003910064697266,0.9154304265975952,39628476814197727,B,12756.0,8.9976,-10.0
4579.200000000223,-2.479609251022339,0.2593497931957245,0.7978174686431885,39628476814197727,B,12756.0,8.9976,-10.0
4580.000000000223,-0.6701250672340393,0.25815629959106445,0.7062716484069824,39628476814197727,B,12756.0,8.9976,-10.0
4580.800000000223,0.44899651408195496,0.26591479778289795,0.6556297540664673,39628476814197727,B,12756.0,8.9976,-10.0
4581.600000000223,1.9629390239715576,0.22232811152935028,0.6391128897666931,39628476814197727,B,12756.0,8.9976,-10.0
4582.400000000223,1.5372228622436523,0.25930988788604736,0.5914340019226074,39628476814197727,B,12756.0,8.9976,-10.0
4583.200000000224,-1.6869865655899048,0.2842981219291687,0.6041768193244934,39628476814197727,B,12756.0,8.9976,-10.0
4584.000000000224,1.4968775510787964,0.2825503647327423,0.7057808637619019,39628476814197727,B,12756.0,8.9976,-10.0
4584.800000000224,0.04825519770383835,0.2992843687534332,0.8199760913848877,39628476814197727,B,12756.0,8.9976,-10.0
4585.600000000224,4.225440502166748,0.2279713898897171,0.8312186598777771,39628476814197727,B,12756.0,8.9976,-10.0
4586.400000000224,4.99931526184082,0.2650989294052124,0.738108217716217,39628476814197727,B,12756.0,8.9976,-10.0
4587.2000000002245,1.2227951288223267,0.2650948762893677,0.6027268171310425,39628476814197727,B,12756.0,8.9976,-10.0
4588.000000000225,-2.598515272140503,0.2506527006626129,0.5208004713058472,39628476814197727,B,12756.0,8.9976,-10.0
4588.800000000225,-2.4493801593780518,0.2615858316421509,0.5846881866455078,39628476814197727,B,12756.0,8.9976,-10.0
4589.600000000225,-1.6895047426223755,0.21134276688098907,0.691414475440979,39628476814197727,B,12756.0,8.9976,-10.0
4590.400000000225,1.676161527633667,0.25325310230255127,0.746735155582428,39628476814197727,B,12756.0,8.9976,-10.0
4591.200000000225,0.7102718949317932,0.2630310654640198,0.7795311808586121,39628476814197727,B,12756.0,8.9976,-10.0
4592.000000000226,0.8419833183288574,0.2173035740852356,0.7967660427093506,39628476814197727,B,12756.0,8.9976,-10.0
4592.800000000226,0.7274840474128723,0.25258079171180725,0.7616515755653381,39628476814197727,B,12756.0,8.9976,-10.0
4593.600000000226,4.949934005737305,0.26263540983200073,0.6941596865653992,39628476814197727,B,12756.0,8.9976,-10.0
4594.400000000226,1.301899790763855,0.26403531432151794,0.6720601320266724,39628476814197727,B,12756.0,8.9976,-10.0
4595.200000000226,2.0001440048217773,0.22604265809059143,0.6605724692344666,39628476814197727,B,12756.0,8.9976,-10.0
4596.0000000002265,1.8000071048736572,0.22674913704395294,0.6610832810401917,39628476814197727,B,12756.0,8.9976,-10.0
4596.800000000227,2.3637940883636475,0.26683202385902405,0.7291983962059021,39628476814197727,B,12756.0,8.9976,-10.0
4597.600000000227,1.5025019645690918,0.27995142340660095,0.7958938479423523,39628476814197727,B,12756.0,8.9976,-10.0
4598.400000000227,-0.6042910218238831,0.30832114815711975,0.8219431042671204,39628476814197727,B,12756.0,8.9976,-10.0
4599.200000000227,0.2060118168592453,0.25186124444007874,0.8390520215034485,39628476814197727,B,12756.0,8.9976,-10.0
4600.000000000227,-0.4285580515861511,0.30915316939353943,0.844698965549469,39628476814197727,B,12756.0,8.9976,-10.0
4600.800000000228,4.1228227615356445,0.25356224179267883,0.8300124406814575,39628476814197727,B,12756.0,8.9976,-10.0
4601.600000000228,-0.910709798336029,0.27522146701812744,0.7809000015258789,39628476814197727,B,12756.0,8.9976,-10.0
4602.400000000228,-3.2538528442382812,0.24946510791778564,0.7178829312324524,39628476814197727,B,12756.0,8.9976,-10.0
4603.200000000228,0.1056063324213028,0.2519785165786743,0.7120441198348999,39628476814197727,B,12756.0,8.9976,-10.0
4604.000000000228,0.5567482113838196,0.24180200695991516,0.7582144737243652,39628476814197727,B,12756.0,8.9976,-10.0
4604.8000000002285,-0.02454146184027195,0.2835071384906769,0.8009257912635803,39628476814197727,B,12756.0,8.9976,-10.0
4605.600000000229,2.1404573917388916,0.25718843936920166,0.8724729418754578,39628476814197727,B,12756.0,8.9976,-10.0
4606.400000000229,1.540230393409729,0.3158649206161499,0.9242988228797913,39628476814197727,B,12756.0,8.9976,-10.0
4607.200000000229,1.597356915473938,0.21883942186832428,0.9155247211456299,39628476814197727,B,12756.0,8.9976,-10.0
4608.000000000229,0.9271602034568787,0.30955827236175537,0.8526510000228882,39628476814197727,B,12756.0,8.9976,-10.0
4608.800000000229,1.0058428049087524,0.27923041582107544,0.7643991708755493,39628476814197727,B,12756.0,8.9976,-10.0
4609.60000000023,1.9235026836395264,0.23310278356075287,0.7549859881401062,39628476814197727,B,12756.0,8.9976,-10.0
4610.40000000023,2.853139638900757,0.24092964828014374,0.8645333647727966,39628476814197727,B,12756.0,8.9976,-10.0
4611.20000000023,3.500377893447876,0.2819311320781708,0.928044855594635,39628476814197727,B,12756.0,8.9976,-10.0
4612.00000000023,-0.11962293833494186,0.2584472596645355,0.9205995798110962,39628476814197727,B,12756.0,8.9976,-10.0
4612.80000000023,0.8800116181373596,0.2782842218875885,0.9121910333633423,39628476814197727,B,12756.0,8.9976,-10.0
4613.6000000002305,-0.6131346821784973,0.27934250235557556,0.8960926532745361,39628476814197727,B,12756.0,8.9976,-10.0
4614.400000000231,1.1800224781036377,0.3242131173610687,0.8615797758102417,39628476814197727,B,12756.0,8.9976,-10.0
4615.200000000231,1.0427634716033936,0.27089813351631165,0.8475942015647888,39628476814197727,B,12756.0,8.9976,-10.0
4616.000000000231,1.885945200920105,0.2718442976474762,0.928687572479248,39628476814197727,B,12756.0,8.9976,-10.0
4616.800000000231,2.8364908695220947,0.2408117800951004,0.9660229086875916,39628476814197727,B,12756.0,8.9976,-10.0
4617.600000000231,1.4990211725234985,0.26084572076797485,0.8704202175140381,39628476814197727,B,12756.0,8.9976,-10.0
4618.400000000232,1.2193142175674438,0.2908551096916199,0.758002519607544,39628476814197727,B,12756.0,8.9976,-10.0
4619.200000000232,-2.51686429977417,0.2688134014606476,0.7665358185768127,39628476814197727,B,12756.0,8.9976,-10.0
4620.000000000232,-1.5350219011306763,0.26882341504096985,0.8594874739646912,39628476814197727,B,12756.0,8.9976,-10.0
4620.800000000232,-0.7677205801010132,0.25422221422195435,0.9104653596878052,39628476814197727,B,12756.0,8.9976,-10.0
4621.600000000232,2.0032355785369873,0.2827323079109192,0.9575752019882202,39628476814197727,B,12756.0,8.9976,-10.0
4622.4000000002325,1.1870614290237427,0.25198686122894287,1.0411362648010254,39628476814197727,B,12756.0,8.9976,-10.0
4623.200000000233,2.5844757556915283,0.23765502870082855,1.063264012336731,39628476814197727,B,12756.0,8.9976,-10.0
4624.000000000233,-0.6549169421195984,0.21569974720478058,1.006635308265686,39628476814197727,B,12756.0,8.9976,-10.0
4624.800000000233,2.8390588760375977,0.28009241819381714,0.9383658170700073,39628476814197727,B,12756.0,8.9976,-10.0
4625.600000000233,3.4883346557617188,0.24528925120830536,0.9344704747200012,39628476814197727,B,12756.0,8.9976,-10.0
4626.400000000233,-3.0120866298675537,0.2576076090335846,0.9833893775939941,39628476814197727,B,12756.0,8.9976,-10.0
4627.200000000234,1.1351045370101929,0.2483290731906891,0.9308031797409058,39628476814197727,B,12756.0,8.9976,-10.0
4628.000000000234,-3.735537052154541,0.2968452572822571,0.7814863324165344,39628476814197727,B,12756.0,8.9976,-10.0
4628.800000000234,2.443086624145508,0.23127669095993042,0.7294992804527283,39628476814197727,B,12756.0,8.9976,-10.0
4629.600000000234,-0.2683567702770233,0.26636940240859985,0.7659158110618591,39628476814197727,B,12756.0,8.9976,-10.0
4630.400000000234,1.232749104499817,0.2509211301803589,0.7711312770843506,39628476814197727,B,12756.0,8.9976,-10.0
4631.2000000002345,1.7373549938201904,0.27599388360977173,0.7417203187942505,39628476814197727,B,12756.0,8.9976,-10.0
4632.000000000235,-1.2662690877914429,0.26698529720306396,0.7457174062728882,39628476814197727,B,12756.0,8.9976,-10.0
4632.800000000235,1.535725712776184,0.282076358795166,0.7820877432823181,39628476814197727,B,12756.0,8.9976,-10.0
4633.600000000235,3.0254321098327637,0.231949582695961,0.8148374557495117,39628476814197727,B,12756.0,8.9976,-10.0
4634.400000000235,1.8628792762756348,0.2602755129337311,0.8351280093193054,39628476814197727,B,12756.0,8.9976,-10.0
4635.200000000235,-0.1477331966161728,0.23439471423625946,0.8442755937576294,39628476814197727,B,12756.0,8.9976,-10.0
4636.000000000236,0.4747512936592102,0.2321757823228836,0.880672812461853,39628476814197727,B,12756.0,8.9976,-10.0
4636.800000000236,-1.8481231927871704,0.26937565207481384,0.9139367938041687,39628476814197727,B,12756.0,8.9976,-10.0
4637.600000000236,3.9019720554351807,0.2847558557987213,0.9174491763114929,39628476814197727,B,12756.0,8.9976,-10.0
4638.400000000236,0.4950559139251709,0.28276076912879944,0.8928167819976807,39628476814197727,B,12756.0,8.9976,-10.0
4639.200000000236,-0.24742165207862854,0.3108421266078949,0.8154328465461731,39628476814197727,B,12756.0,8.9976,-10.0
4640.0000000002365,0.5554860234260559,0.2633167505264282,0.7435005307197571,39628476814197727,B,12756.0,8.9976,-10.0
4640.800000000237,-1.167704463005066,0.2762925922870636,0.7179256677627563,39628476814197727,B,12756.0,8.9976,-10.0
4641.600000000237,-0.7611478567123413,0.27302756905555725,0.7080702781677246,39628476814197727,B,12756.0,8.9976,-10.0
4642.400000000237,0.42770257592201233,0.29883354902267456,0.7893270254135132,39628476814197727,B,12756.0,8.9976,-10.0
4643.200000000237,0.6834312677383423,0.297943115234375,0.9029090404510498,39628476814197727,B,12756.0,8.9976,-10.0
4644.000000000237,-0.7588567733764648,0.24779564142227173,0.9534185528755188,39628476814197727,B,12756.0,8.9976,-10.0
4644.800000000238,1.641721248626709,0.2059437781572342,0.9078489542007446,39628476814197727,B,12756.0,8.9976,-10.0
4645.600000000238,2.644972801208496,0.21517351269721985,0.8273259401321411,39628476814197727,B,12756.0,8.9976,-10.0
4646.400000000238,2.476386785507202,0.25409361720085144,0.7616018652915955,39628476814197727,B,12756.0,8.9976,-10.0
4647.200000000238,4.806420803070068,0.3066288232803345,0.705829918384552,39628476814197727,B,12756.0,8.9976,-10.0
4648.000000000238,3.5788049697875977,0.24569377303123474,0.6646115779876709,39628476814197727,B,12756.0,8.9976,-10.0
4648.8000000002385,-2.1591668128967285,0.2632330358028412,0.7251461148262024,39628476814197727,B,12756.0,8.9976,-10.0
4649.600000000239,-1.308302402496338,0.2728256285190582,0.8118174076080322,39628476814197727,B,12756.0,8.9976,-10.0
4650.400000000239,1.7459914684295654,0.25930067896842957,0.870208740234375,39628476814197727,B,12756.0,8.9976,-10.0
4651.200000000239,1.5751469135284424,0.270023375749588,0.9015656113624573,39628476814197727,B,12756.0,8.9976,-10.0
4652.000000000239,-0.32390570640563965,0.28415411710739136,0.8646241426467896,39628476814197727,B,12756.0,8.9976,-10.0
4652.800000000239,2.1376638412475586,0.25158849358558655,0.7553104758262634,39628476814197727,B,12756.0,8.9976,-10.0
4653.60000000024,-0.5101467967033386,0.3246004581451416,0.647258996963501,39628476814197727,B,12756.0,8.9976,-10.0
4654.40000000024,1.3719767332077026,0.3080570101737976,0.6932278275489807,39628476814197727,B,12756.0,8.9976,-10.0
4655.20000000024,2.9154837131500244,0.3047054708003998,0.8481395840644836,39628476814197727,B,12756.0,8.9976,-10.0
4656.00000000024,-1.8109060525894165,0.3002152442932129,0.896468460559845,39628476814197727,B,12756.0,8.9976,-10.0
4656.80000000024,0.2113359123468399,0.29870930314064026,0.8523287773132324,39628476814197727,B,12756.0,8.9976,-10.0
4657.6000000002405,1.511942744255066,0.257632851600647,0.7940062284469604,39628476814197727,B,12756.0,8.9976,-10.0
4658.400000000241,0.46330758929252625,0.2744045853614807,0.7222952246665955,39628476814197727,B,12756.0,8.9976,-10.0
4659.200000000241,0.20349690318107605,0.23846867680549622,0.8198243975639343,39628476814197727,B,12756.0,8.9976,-10.0
4660.000000000241,-0.37687984108924866,0.2625637352466583,0.9645178318023682,39628476814197727,B,12756.0,8.9976,-10.0
4660.800000000241,1.7865362167358398,0.24066855013370514,0.9833377003669739,39628476814197727,B,12756.0,8.9976,-10.0
4661.600000000241,0.6899149417877197,0.3162804841995239,1.0009732246398926,39628476814197727,B,12756.0,8.9976,-10.0
4662.400000000242,0.06787288933992386,0.25511252880096436,1.032580852508545,39628476814197727,B,12756.0,8.9976,-10.0
4663.200000000242,1.4661251306533813,0.27387234568595886,1.0094354152679443,39628476814197727,B,12756.0,8.9976,-10.0
4664.000000000242,-2.027190923690796,0.24849072098731995,1.0037530660629272,39628476814197727,B,12756.0,8.9976,-10.0
4664.800000000242,-0.13239073753356934,0.24765141308307648,1.0322165489196777,39628476814197727,B,12756.0,8.9976,-10.0
4665.600000000242,-0.10934614390134811,0.27003905177116394,1.027514934539795,39628476814197727,B,12756.0,8.9976,-10.0
4666.4000000002425,-0.7034668326377869,0.2737014889717102,1.0005946159362793,39628476814197727,B,12756.0,8.9976,-10.0
4667.200000000243,0.6397627592086792,0.26254555583000183,0.9853919744491577,39628476814197727,B,12756.0,8.9976,-10.0
4668.000000000243,2.271697998046875,0.22759971022605896,0.9518011808395386,39628476814197727,B,12756.0,8.9976,-10.0
4668.800000000243,2.0911600589752197,0.26239466667175293,0.8188724517822266,39628476814197727,B,12756.0,8.9976,-10.0
4669.600000000243,4.172024726867676,0.30324244499206543,0.6747718453407288,39628476814197727,B,12756.0,8.9976,-10.0
4670.400000000243,3.12353515625,0.3004516661167145,0.6846567988395691,39628476814197727,B,12756.0,8.9976,-10.0
4671.200000000244,-0.5471575856208801,0.25418901443481445,0.7555675506591797,39628476814197727,B,12756.0,8.9976,-10.0
4672.000000000244,2.7867608070373535,0.3087921440601349,0.7906847596168518,39628476814197727,B,12756.0,8.9976,-10.0
4672.800000000244,2.4668660163879395,0.34273257851600647,0.8002641201019287,39628476814197727,B,12756.0,8.9976,-10.0
4673.600000000244,-0.6722644567489624,0.3036676347255707,0.8104234933853149,39628476814197727,B,12756.0,8.9976,-10.0
4674.400000000244,-1.3013995885849,0.2880443334579468,0.8422456383705139,39628476814197727,B,12756.0,8.9976,-10.0
4675.2000000002445,-1.1606093645095825,0.2983919084072113,0.8951336741447449,39628476814197727,B,12756.0,8.9976,-10.0
4676.000000000245,3.2530510425567627,0.3378649055957794,0.8963063359260559,39628476814197727,B,12756.0,8.9976,-10.0
4676.800000000245,1.180193305015564,0.3290291726589203,0.8443669080734253,39628476814197727,B,12756.0,8.9976,-10.0
4677.600000000245,-0.5474750399589539,0.29038017988204956,0.8671540021896362,39628476814197727,B,12756.0,8.9976,-10.0
4678.400000000245,1.5815495252609253,0.2737117111682892,0.9373031854629517,39628476814197727,B,12756.0,8.9976,-10.0
4679.200000000245,0.44581031799316406,0.26846569776535034,0.9732618927955627,39628476814197727,B,12756.0,8.9976,-10.0
4680.000000000246,-0.843002438545227,0.29680135846138,0.9550663232803345,39628476814197727,B,12756.0,8.9976,-10.0
4680.800000000246,3.0216236114501953,0.2547423839569092,0.8983467221260071,39628476814197727,B,12756.0,8.9976,-10.0
4681.600000000246,-0.3192535936832428,0.2630418837070465,0.8450945019721985,39628476814197727,B,12756.0,8.9976,-10.0
4682.400000000246,0.8987098336219788,0.29138147830963135,0.7786349058151245,39628476814197727,B,12756.0,8.9976,-10.0
4683.200000000246,1.2133032083511353,0.28982463479042053,0.6910572052001953,39628476814197727,B,12756.0,8.9976,-10.0
4684.0000000002465,1.5055598020553589,0.3085666298866272,0.6256812214851379,39628476814197727,B,12756.0,8.9976,-10.0
4684.800000000247,1.3762575387954712,0.3012687861919403,0.7259010076522827,39628476814197727,B,12756.0,8.9976,-10.0
4685.600000000247,1.3285226821899414,0.24703405797481537,0.8449738025665283,39628476814197727,B,12756.0,8.9976,-10.0
4686.400000000247,3.463183641433716,0.26643696427345276,0.8563206791877747,39628476814197727,B,12756.0,8.9976,-10.0
4687.200000000247,-0.31881704926490784,0.29042160511016846,0.8366940021514893,39628476814197727,B,12756.0,8.9976,-10.0
4688.000000000247,-0.09502463042736053,0.2681386172771454,0.894507884979248,39628476814197727,B,12756.0,8.9976,-10.0
4688.800000000248,-2.630448579788208,0.23218144476413727,0.9640614986419678,39628476814197727,B,12756.0,8.9976,-10.0
4689.600000000248,2.361764669418335,0.3098139464855194,0.9876526594161987,39628476814197727,B,12756.0,8.9976,-10.0
4690.400000000248,0.35164985060691833,0.24839285016059875,1.01858389377594,39628476814197727,B,12756.0,8.9976,-10.0
4691.200000000248,-0.9342931509017944,0.2694271504878998,1.0013785362243652,39628476814197727,B,12756.0,8.9976,-10.0
4692.000000000248,-0.4343344271183014,0.265300989151001,0.9236054420471191,39628476814197727,B,12756.0,8.9976,-10.0
4692.8000000002485,2.950063943862915,0.2962395250797272,0.8208235502243042,39628476814197727,B,12756.0,8.9976,-10.0
4693.600000000249,4.062215328216553,0.29670047760009766,0.8009749054908752,39628476814197727,B,12756.0,8.9976,-10.0
4694.400000000249,0.3673551380634308,0.2751394808292389,0.8861021995544434,39628476814197727,B,12756.0,8.9976,-10.0
4695.200000000249,0.32825231552124023,0.24665047228336334,0.9655703902244568,39628476814197727,B,12756.0,8.9976,-10.0
4696.000000000249,0.3503647446632385,0.2909015715122223,1.0158615112304688,39628476814197727,B,12756.0,8.9976,-10.0
4696.800000000249,3.978020668029785,0.291500985622406,1.1059842109680176,39628476814197727,B,12756.0,8.9976,-10.0
4697.60000000025,0.4566124677658081,0.32957717776298523,1.1283410787582397,39628476814197727,B,12756.0,8.9976,-10.0
4698.40000000025,-1.3302767276763916,0.2961987257003784,1.1035898923873901,39628476814197727,B,12756.0,8.9976,-10.0
4699.20000000025,3.126418113708496,0.2767430543899536,1.056624412536621,39628476814197727,B,12756.0,8.9976,-10.0
4700.00000000025,1.4779117107391357,0.29832375049591064,0.9786220788955688,39628476814197727,B,12756.0,8.9976,-10.0
4700.80000000025,0.17394082248210907,0.2938842177391052,0.9080305099487305,39628476814197727,B,12756.0,8.9976,-10.0
4701.6000000002505,2.731079339981079,0.34075772762298584,0.9853285551071167,39628476814197727,B,12756.0,8.9976,-10.0
4702.400000000251,-0.44627445936203003,0.27501872181892395,1.0715781450271606,39628476814197727,B,12756.0,8.9976,-10.0
4703.200000000251,-0.6106011867523193,0.27380555868148804,1.1050078868865967,39628476814197727,B,12756.0,8.9976,-10.0
4704.000000000251,-1.7677727937698364,0.32187631726264954,1.0812591314315796,39628476814197727,B,12756.0,8.9976,-10.0
4704.800000000251,-1.2671043872833252,0.3454321622848511,1.0249797105789185,39628476814197727,B,12756.0,8.9976,-10.0
4705.600000000251,1.8502947092056274,0.3551580011844635,1.0107486248016357,39628476814197727,B,12756.0,8.9976,-10.0
4706.400000000252,-2.018294095993042,0.2836456894874573,1.0585427284240723,39628476814197727,B,12756.0,8.9976,-10.0
4707.200000000252,-0.9319249391555786,0.31095442175865173,1.1036021709442139,39628476814197727,B,12756.0,8.9976,-10.0
4708.000000000252,-1.062914490699768,0.3122706413269043,1.1384973526000977,39628476814197727,B,12756.0,8.9976,-10.0
4708.800000000252,3.1870853900909424,0.3084944486618042,1.1381008625030518,39628476814197727,B,12756.0,8.9976,-10.0
4709.600000000252,1.2869608402252197,0.31146523356437683,1.1290372610092163,39628476814197727,B,12756.0,8.9976,-10.0
4710.4000000002525,0.9291215538978577,0.32875242829322815,1.1393083333969116,39628476814197727,B,12756.0,8.9976,-10.0
4711.200000000253,-0.9497531056404114,0.31615200638771057,1.108157753944397,39628476814197727,B,12756.0,8.9976,-10.0
4712.000000000253,2.6578681468963623,0.26095670461654663,1.0502703189849854,39628476814197727,B,12756.0,8.9976,-10.0
4712.800000000253,-2.2741382122039795,0.21276596188545227,1.072838544845581,39628476814197727,B,12756.0,8.9976,-10.0
4713.600000000253,-0.4862592816352844,0.24143369495868683,1.125381588935852,39628476814197727,B,12756.0,8.9976,-10.0
4714.400000000253,1.0773895978927612,0.2768605351448059,1.1227481365203857,39628476814197727,B,12756.0,8.9976,-10.0
4715.200000000254,-1.4455443620681763,0.30288535356521606,1.0491050481796265,39628476814197727,B,12756.0,8.9976,-10.0
4716.000000000254,-0.470052033662796,0.2714245021343231,0.9950194954872131,39628476814197727,B,12756.0,8.9976,-10.0
4716.800000000254,1.0599485635757446,0.28175821900367737,0.9721527099609375,39628476814197727,B,12756.0,8.9976,-10.0
4717.600000000254,-0.8502029180526733,0.32065117359161377,0.9773576855659485,39628476814197727,B,12756.0,8.9976,-10.0
4718.400000000254,2.058424711227417,0.3192005455493927,1.00521719455719,39628476814197727,B,12756.0,8.9976,-10.0
4719.2000000002545,-1.090556025505066,0.2704281508922577,0.9888292551040649,39628476814197727,B,12756.0,8.9976,-10.0
4720.000000000255,3.6076455116271973,0.28158387541770935,0.9826157689094543,39628476814197727,B,12756.0,8.9976,-10.0
4720.800000000255,1.367710828781128,0.28565266728401184,1.0213061571121216,39628476814197727,B,12756.0,8.9976,-10.0
4721.600000000255,-0.7438666820526123,0.28216883540153503,1.0220415592193604,39628476814197727,B,12756.0,8.9976,-10.0
4722.400000000255,-0.17282766103744507,0.32070428133010864,1.0004547834396362,39628476814197727,B,12756.0,8.9976,-10.0
4723.200000000255,-1.74166738986969,0.2827168107032776,0.9901668429374695,39628476814197727,B,12756.0,8.9976,-10.0
4724.000000000256,1.7115079164505005,0.29903942346572876,0.9266238808631897,39628476814197727,B,12756.0,8.9976,-10.0
4724.800000000256,3.3128397464752197,0.31344521045684814,0.8579912185668945,39628476814197727,B,12756.0,8.9976,-10.0
4725.600000000256,-2.6316211223602295,0.26569509506225586,0.9084546566009521,39628476814197727,B,12756.0,8.9976,-10.0
4726.400000000256,3.1180005073547363,0.2665024697780609,1.0207123756408691,39628476814197727,B,12756.0,8.9976,-10.0
4727.200000000256,0.22962766885757446,0.23424138128757477,1.06450617313385,39628476814197727,B,12756.0,8.9976,-10.0
4728.0000000002565,-0.06149919331073761,0.29169130325317383,1.076013207435608,39628476814197727,B,12756.0,8.9976,-10.0
4728.800000000257,0.5068553686141968,0.25388669967651367,1.0612313747406006,39628476814197727,B,12756.0,8.9976,-10.0
4729.600000000257,1.6435036659240723,0.3227653503417969,1.0195153951644897,39628476814197727,B,12756.0,8.9976,-10.0
4730.400000000257,-0.9896105527877808,0.27944865822792053,1.037718415260315,39628476814197727,B,12756.0,8.9976,-10.0
4731.200000000257,2.768551826477051,0.32048338651657104,1.0648527145385742,39628476814197727,B,12756.0,8.9976,-10.0
4732.000000000257,0.20370349287986755,0.30884644389152527,1.0420860052108765,39628476814197727,B,12756.0,8.9976,-10.0
4732.800000000258,-0.0038653698284178972,0.2669108211994171,0.9940606355667114,39628476814197727,B,12756.0,8.9976,-10.0
4733.600000000258,0.47741666436195374,0.2690250873565674,1.036505937576294,39628476814197727,B,12756.0,8.9976,-10.0
4734.400000000258,1.7836384773254395,0.3030608296394348,1.0910826921463013,39628476814197727,B,12756.0,8.9976,-10.0
4735.200000000258,5.022890567779541,0.313419908285141,1.0383251905441284,39628476814197727,B,12756.0,8.9976,-10.0
4736.000000000258,-0.4245952367782593,0.2865044176578522,1.0165146589279175,39628476814197727,B,12756.0,8.9976,-10.0
4736.8000000002585,5.333095073699951,0.28633439540863037,1.0670713186264038,39628476814197727,B,12756.0,8.9976,-10.0
4737.600000000259,-0.37926575541496277,0.27168187499046326,1.049182415008545,39628476814197727,B,12756.0,8.9976,-10.0
4738.400000000259,2.8376214504241943,0.3473741412162781,1.003110647201538,39628476814197727,B,12756.0,8.9976,-10.0
4739.200000000259,-0.946834921836853,0.3086099922657013,0.9805179238319397,39628476814197727,B,12756.0,8.9976,-10.0
4740.000000000259,-0.8183702230453491,0.311862051486969,0.9824806451797485,39628476814197727,B,12756.0,8.9976,-10.0
4740.800000000259,2.311209201812744,0.30221736431121826,1.0141818523406982,39628476814197727,B,12756.0,8.9976,-10.0
4741.60000000026,1.3022290468215942,0.28437140583992004,1.0544036626815796,39628476814197727,B,12756.0,8.9976,-10.0
4742.40000000026,1.7494083642959595,0.30536511540412903,1.1008261442184448,39628476814197727,B,12756.0,8.9976,-10.0
4743.20000000026,-0.6107246279716492,0.3205891251564026,1.0572854280471802,39628476814197727,B,12756.0,8.9976,-10.0
4744.00000000026,2.5179617404937744,0.2918702960014343,0.9962521195411682,39628476814197727,B,12756.0,8.9976,-10.0
4744.80000000026,2.3560173511505127,0.3363209366798401,1.009166955947876,39628476814197727,B,12756.0,8.9976,-10.0
4745.6000000002605,-1.491919994354248,0.28267985582351685,1.057171106338501,39628476814197727,B,12756.0,8.9976,-10.0
4746.400000000261,2.4719371795654297,0.2956323027610779,1.0731618404388428,39628476814197727,B,12756.0,8.9976,-10.0
4747.200000000261,2.6803786754608154,0.3314482271671295,1.1115105152130127,39628476814197727,B,12756.0,8.9976,-10.0
4748.000000000261,0.4720345735549927,0.2582717835903168,1.1618105173110962,39628476814197727,B,12756.0,8.9976,-10.0
4748.800000000261,0.8794803619384766,0.3371421694755554,1.1540205478668213,39628476814197727,B,12756.0,8.9976,-10.0
4749.600000000261,0.6753594279289246,0.30272582173347473,1.1255205869674683,39628476814197727,B,12756.0,8.9976,-10.0
4750.400000000262,1.1045838594436646,0.2981504499912262,1.1509699821472168,39628476814197727,B,12756.0,8.9976,-10.0
4751.200000000262,2.37898850440979,0.28197181224823,1.1512752771377563,39628476814197727,B,12756.0,8.9976,-10.0
4752.000000000262,0.222927987575531,0.3126349449157715,1.080793857574463,39628476814197727,B,12756.0,8.9976,-10.0
4752.800000000262,2.021005392074585,0.37830498814582825,1.0520288944244385,39628476814197727,B,12756.0,8.9976,-10.0
4753.600000000262,0.5261564254760742,0.32647445797920227,1.0769294500350952,39628476814197727,B,12756.0,8.9976,-10.0
4754.4000000002625,2.859398365020752,0.2638568580150604,1.05823814868927,39628476814197727,B,12756.0,8.9976,-10.0
4755.200000000263,0.19758571684360504,0.30303332209587097,1.013273000717163,39628476814197727,B,12756.0,8.9976,-10.0
4756.000000000263,0.42129001021385193,0.25023120641708374,0.9917470812797546,39628476814197727,B,12756.0,8.9976,-10.0
4756.800000000263,3.499300479888916,0.2858337461948395,1.0477219820022583,39628476814197727,B,12756.0,8.9976,-10.0
4757.600000000263,3.4179868698120117,0.3204614818096161,1.1167224645614624,39628476814197727,B,12756.0,8.9976,-10.0
4758.400000000263,4.493971347808838,0.2802373766899109,1.074613332748413,39628476814197727,B,12756.0,8.9976,-10.0
4759.200000000264,1.497366189956665,0.33412426710128784,0.9844087362289429,39628476814197727,B,12756.0,8.9976,-10.0
4760.000000000264,1.8271982669830322,0.27533209323883057,0.9293280243873596,39628476814197727,B,12756.0,8.9976,-10.0
4760.800000000264,1.428297996520996,0.3122517764568329,0.8837606906890869,39628476814197727,B,12756.0,8.9976,-10.0
4761.600000000264,-1.6947531700134277,0.2762332260608673,0.8179148435592651,39628476814197727,B,12756.0,8.9976,-10.0
4762.400000000264,2.224090576171875,0.28073954582214355,0.807831346988678,39628476814197727,B,12756.0,8.9976,-10.0
4763.2000000002645,1.5264027118682861,0.2792036831378937,0.8004972338676453,39628476814197727,B,12756.0,8.9976,-10.0
4764.000000000265,0.6655699014663696,0.28016287088394165,0.7485395669937134,39628476814197727,B,12756.0,8.9976,-10.0
4764.800000000265,-0.7554082870483398,0.3458724617958069,0.6967583298683167,39628476814197727,B,12756.0,8.9976,-10.0
4765.600000000265,-3.1216745376586914,0.300129771232605,0.7059966325759888,39628476814197727,B,12756.0,8.9976,-10.0
4766.400000000265,-0.9788517951965332,0.28871408104896545,0.7449978590011597,39628476814197727,B,12756.0,8.9976,-10.0
4767.200000000265,-0.07747882604598999,0.34557291865348816,0.758113443851471,39628476814197727,B,12756.0,8.9976,-10.0
4768.000000000266,-0.6111087203025818,0.3152357339859009,0.7140169143676758,39628476814197727,B,12756.0,8.9976,-10.0
4768.800000000266,-1.731916069984436,0.32034832239151,0.7064007520675659,39628476814197727,B,12756.0,8.9976,-10.0
4769.600000000266,0.2383359968662262,0.3340245485305786,0.7393862009048462,39628476814197727,B,12756.0,8.9976,-10.0
4770.400000000266,-2.3750381469726562,0.3027363717556,0.736086905002594,39628476814197727,B,12756.0,8.9976,-10.0
4771.200000000266,1.3573415279388428,0.2897355258464813,0.7197385430335999,39628476814197727,B,12756.0,8.9976,-10.0
4772.0000000002665,2.260817050933838,0.313188761472702,0.7303144335746765,39628476814197727,B,12756.0,8.9976,-10.0
4772.800000000267,2.2258095741271973,0.32894665002822876,0.7281243205070496,39628476814197727,B,12756.0,8.9976,-10.0
4773.600000000267,-0.36315709352493286,0.362750381231308,0.7089797258377075,39628476814197727,B,12756.0,8.9976,-10.0
4774.400000000267,1.1711349487304688,0.36588194966316223,0.7383589148521423,39628476814197727,B,12756.0,8.9976,-10.0
4775.200000000267,1.2049208879470825,0.28150421380996704,0.7961985468864441,39628476814197727,B,12756.0,8.9976,-10.0
4776.000000000267,1.1606755256652832,0.3096812069416046,0.8148960471153259,39628476814197727,B,12756.0,8.9976,-10.0
4776.800000000268,-0.10761851072311401,0.34383535385131836,0.8341741561889648,39628476814197727,B,12756.0,8.9976,-10.0
4777.600000000268,-0.018539510667324066,0.29059770703315735,0.8281661868095398,39628476814197727,B,12756.0,8.9976,-10.0
4778.400000000268,0.45737603306770325,0.3107486963272095,0.829345166683197,39628476814197727,B,12756.0,8.9976,-10.0
4779.200000000268,0.9058058261871338,0.3357679843902588,0.8521654009819031,39628476814197727,B,12756.0,8.9976,-10.0
4780.000000000268,2.9463953971862793,0.35666370391845703,0.8429408669471741,39628476814197727,B,12756.0,8.9976,-10.0
4780.8000000002685,0.03826198726892471,0.33353447914123535,0.8148362040519714,39628476814197727,B,12756.0,8.9976,-10.0
4781.600000000269,2.8927905559539795,0.31382253766059875,0.7852351665496826,39628476814197727,B,12756.0,8.9976,-10.0
4782.400000000269,0.7219215631484985,0.30731475353240967,0.7966130971908569,39628476814197727,B,12756.0,8.9976,-10.0
4783.200000000269,-1.4460127353668213,0.2912742793560028,0.8015140295028687,39628476814197727,B,12756.0,8.9976,-10.0
4784.000000000269,-2.5973973274230957,0.3454222083091736,0.7655392289161682,39628476814197727,B,12756.0,8.9976,-10.0
4784.800000000269,1.3723920583724976,0.39762958884239197,0.7633176445960999,39628476814197727,B,12756.0,8.9976,-10.0
4785.60000000027,1.412325382232666,0.3186207711696625,0.7743552327156067,39628476814197727,B,12756.0,8.9976,-10.0
4786.40000000027,2.9703099727630615,0.3138141930103302,0.7749764323234558,39628476814197727,B,12756.0,8.9976,-10.0
4787.20000000027,1.5361360311508179,0.3415537178516388,0.8093739151954651,39628476814197727,B,12756.0,8.9976,-10.0
4788.00000000027,-4.06316614151001,0.34057310223579407,0.8659432530403137,39628476814197727,B,12756.0,8.9976,-10.0
4788.80000000027,-0.3735398054122925,0.33432328701019287,0.8542436957359314,39628476814197727,B,12756.0,8.9976,-10.0
4789.6000000002705,1.0556678771972656,0.4072847068309784,0.7960299849510193,39628476814197727,B,12756.0,8.9976,-10.0
4790.400000000271,0.5272352695465088,0.3796154856681824,0.7871751189231873,39628476814197727,B,12756.0,8.9976,-10.0
4791.200000000271,1.6373246908187866,0.39723140001296997,0.7724111080169678,39628476814197727,B,12756.0,8.9976,-10.0
4792.000000000271,2.149507522583008,0.4412151575088501,0.7493034601211548,39628476814197727,B,12756.0,8.9976,-10.0
4792.800000000271,2.064326524734497,0.4053589701652527,0.7871336936950684,39628476814197727,B,12756.0,8.9976,-10.0
4793.600000000271,1.5177785158157349,0.3999641239643097,0.7967531085014343,39628476814197727,B,12756.0,8.9976,-10.0
4794.400000000272,2.8659775257110596,0.43225911259651184,0.7818943858146667,39628476814197727,B,12756.0,8.9976,-10.0
4795.200000000272,1.6200493574142456,0.3654439151287079,0.7730664610862732,39628476814197727,B,12756.0,8.9976,-10.0
4796.000000000272,2.6832423210144043,0.33830726146698,0.7785346508026123,39628476814197727,B,12756.0,8.9976,-10.0
4796.800000000272,1.0740242004394531,0.3885437548160553,0.8007540106773376,39628476814197727,B,12756.0,8.9976,-10.0
4797.600000000272,3.122731924057007,0.3862433433532715,0.8384509682655334,39628476814197727,B,12756.0,8.9976,-10.0
4798.4000000002725,0.9619072675704956,0.4335918426513672,0.8531241416931152,39628476814197727,B,12756.0,8.9976,-10.0
4799.200000000273,-0.5132192373275757,0.37955570220947266,0.8584253191947937,39628476814197727,B,12756.0,8.9976,-10.0
4800.000000000273,0.028575846925377846,0.38906335830688477,0.8113079071044922,39628476814197727,B,12756.0,8.9976,-10.0
4800.800000000273,-0.3872600793838501,0.4139705300331116,0.7215802073478699,39628476814197727,B,12756.0,8.9976,-10.0
4801.600000000273,2.02142071723938,0.3987710773944855,0.6831588745117188,39628476814197727,B,12756.0,8.9976,-10.0
4802.400000000273,-1.3873324394226074,0.42727336287498474,0.7105246186256409,39628476814197727,B,12756.0,8.9976,-10.0
4803.200000000274,-0.11903528869152069,0.4541224241256714,0.7251230478286743,39628476814197727,B,12756.0,8.9976,-10.0
4804.000000000274,2.3082940578460693,0.41650906205177307,0.7010238766670227,39628476814197727,B,12756.0,8.9976,-10.0
4804.800000000274,1.9214892387390137,0.40548691153526306,0.6830097436904907,39628476814197727,B,12756.0,8.9976,-10.0
4805.600000000274,-0.6838728785514832,0.3710559904575348,0.6509270071983337,39628476814197727,B,12756.0,8.9976,-10.0
4806.400000000274,-0.797818124294281,0.4522271454334259,0.6016912460327148,39628476814197727,B,12756.0,8.9976,-10.0
4807.2000000002745,1.9615163803100586,0.4240477979183197,0.5484938025474548,39628476814197727,B,12756.0,8.9976,-10.0
4808.000000000275,1.6210346221923828,0.40493208169937134,0.5280517339706421,39628476814197727,B,12756.0,8.9976,-10.0
4808.800000000275,-0.5799799561500549,0.4136320948600769,0.5243738889694214,39628476814197727,B,12756.0,8.9976,-10.0
4809.600000000275,3.6030354499816895,0.3997470438480377,0.5007272958755493,39628476814197727,B,12756.0,8.9976,-10.0
4810.400000000275,-0.23690851032733917,0.4911668300628662,0.4745737612247467,39628476814197727,B,12756.0,8.9976,-10.0
4811.200000000275,-2.3003764152526855,0.3727583587169647,0.4691959619522095,39628476814197727,B,12756.0,8.9976,-10.0
4812.000000000276,0.37131181359291077,0.4338091313838959,0.4701136648654938,39628476814197727,B,12756.0,8.9976,-10.0
4812.800000000276,-0.6788091063499451,0.4470125138759613,0.45737141370773315,39628476814197727,B,12756.0,8.9976,-10.0
4813.600000000276,-0.034538283944129944,0.35856199264526367,0.4475737512111664,39628476814197727,B,12756.0,8.9976,-10.0
4814.400000000276,-0.6139429211616516,0.45081818103790283,0.4624952971935272,39628476814197727,B,12756.0,8.9976,-10.0
4815.200000000276,1.274024248123169,0.4521516263484955,0.5139793157577515,39628476814197727,B,12756.0,8.9976,-10.0
4816.0000000002765,-1.2563997507095337,0.3900228440761566,0.5595285296440125,39628476814197727,B,12756.0,8.9976,-10.0
4816.800000000277,0.07842277735471725,0.39510372281074524,0.5967474579811096,39628476814197727,B,12756.0,8.9976,-10.0
4817.600000000277,-0.09115804731845856,0.5248355269432068,0.6491838693618774,39628476814197727,B,12756.0,8.9976,-10.0
4818.400000000277,3.8495616912841797,0.4379142224788666,0.7005863785743713,39628476814197727,B,12756.0,8.9976,-10.0
4819.200000000277,0.5021660327911377,0.382170170545578,0.6602251529693604,39628476814197727,B,12756.0,8.9976,-10.0
4820.000000000277,0.7719478607177734,0.4165557026863098,0.5872735977172852,39628476814197727,B,12756.0,8.9976,-10.0
4820.800000000278,0.711391806602478,0.465786874294281,0.5830371379852295,39628476814197727,B,12756.0,8.9976,-10.0
4821.600000000278,3.0327441692352295,0.4057205021381378,0.5997335910797119,39628476814197727,B,12756.0,8.9976,-10.0
4822.400000000278,-0.7072672843933105,0.4605597257614136,0.590705394744873,39628476814197727,B,12756.0,8.9976,-10.0
4823.200000000278,-0.9424763917922974,0.40971043705940247,0.6522358655929565,39628476814197727,B,12756.0,8.9976,-10.0
4824.000000000278,2.509021043777466,0.36010393500328064,0.7488740086555481,39628476814197727,B,12756.0,8.9976,-10.0
4824.8000000002785,-1.1647745370864868,0.43008261919021606,0.7623277902603149,39628476814197727,B,12756.0,8.9976,-10.0
4825.600000000279,-1.4542601108551025,0.45466914772987366,0.7377122044563293,39628476814197727,B,12756.0,8.9976,-10.0
4826.400000000279,2.053687810897827,0.38268613815307617,0.7513546347618103,39628476814197727,B,12756.0,8.9976,-10.0
4827.200000000279,1.9598995447158813,0.35507911443710327,0.7403315305709839,39628476814197727,B,12756.0,8.9976,-10.0
4828.000000000279,1.1795860528945923,0.41568660736083984,0.7179924249649048,39628476814197727,B,12756.0,8.9976,-10.0
4828.800000000279,-1.706735372543335,0.3800623416900635,0.6725701689720154,39628476814197727,B,12756.0,8.9976,-10.0
4829.60000000028,3.276263475418091,0.4594815671443939,0.629310667514801,39628476814197727,B,12756.0,8.9976,-10.0
4830.40000000028,0.8932256698608398,0.4163004159927368,0.6820452809333801,39628476814197727,B,12756.0,8.9976,-10.0
4831.20000000028,-0.04841234162449837,0.412073016166687,0.7544183135032654,39628476814197727,B,12756.0,8.9976,-10.0
4832.00000000028,0.6497745513916016,0.43313348293304443,0.7567662596702576,39628476814197727,B,12756.0,8.9976,-10.0
4832.80000000028,0.1215515211224556,0.42521294951438904,0.7567989230155945,39628476814197727,B,12756.0,8.9976,-10.0
4833.6000000002805,1.508727788925171,0.39034104347229004,0.7392284274101257,39628476814197727,B,12756.0,8.9976,-10.0
4834.400000000281,-1.8065271377563477,0.3587656319141388,0.7630914449691772,39628476814197727,B,12756.0,8.9976,-10.0
4835.200000000281,-0.5826475024223328,0.38168153166770935,0.8964216113090515,39628476814197727,B,12756.0,8.9976,-10.0
4836.000000000281,0.5635587573051453,0.4132288098335266,0.9587886929512024,39628476814197727,B,12756.0,8.9976,-10.0
4836.800000000281,2.133094549179077,0.5141251683235168,0.9289829134941101,39628476814197727,B,12756.0,8.9976,-10.0
4837.600000000281,-1.5972963571548462,0.45893508195877075,0.923340916633606,39628476814197727,B,12756.0,8.9976,-10.0
4838.400000000282,1.273990273475647,0.3391684889793396,0.9142529964447021,39628476814197727,B,12756.0,8.9976,-10.0
4839.200000000282,0.18941056728363037,0.43194958567619324,0.9617325067520142,39628476814197727,B,12756.0,8.9976,-10.0
4840.000000000282,0.10612808912992477,0.4236728847026825,0.9607798457145691,39628476814197727,B,12756.0,8.9976,-10.0
4840.800000000282,2.1057381629943848,0.3997064530849457,0.9182752370834351,39628476814197727,B,12756.0,8.9976,-10.0
4841.600000000282,0.8163943886756897,0.37033241987228394,0.8722864389419556,39628476814197727,B,12756.0,8.9976,-10.0
4842.4000000002825,1.7755159139633179,0.39927905797958374,0.7974710464477539,39628476814197727,B,12756.0,8.9976,-10.0
4843.200000000283,0.8229612112045288,0.4099733829498291,0.7550632953643799,39628476814197727,B,12756.0,8.9976,-10.0
4844.000000000283,0.03869572654366493,0.4087674021720886,0.8055393695831299,39628476814197727,B,12756.0,8.9976,-10.0
4844.800000000283,-0.9271526336669922,0.4557647407054901,0.8689042925834656,39628476814197727,B,12756.0,8.9976,-10.0
4845.600000000283,0.4567399024963379,0.42842209339141846,0.8834564685821533,39628476814197727,B,12756.0,8.9976,-10.0
4846.400000000283,-0.6054660677909851,0.40701547265052795,0.8827380537986755,39628476814197727,B,12756.0,8.9976,-10.0
4847.200000000284,0.34788641333580017,0.45268481969833374,0.9432872533798218,39628476814197727,B,12756.0,8.9976,-10.0
4848.000000000284,1.2380633354187012,0.4293851852416992,0.9289849400520325,39628476814197727,B,12756.0,8.9976,-10.0
4848.800000000284,2.5284335613250732,0.4509301483631134,0.9119436740875244,39628476814197727,B,12756.0,8.9976,-10.0
4849.600000000284,-0.7509656548500061,0.4217251241207123,0.876203715801239,39628476814197727,B,12756.0,8.9976,-10.0
4850.400000000284,0.6110337972640991,0.4666074812412262,0.8178824186325073,39628476814197727,B,12756.0,8.9976,-10.0
4851.2000000002845,-1.3680585622787476,0.4299290180206299,0.7781982421875,39628476814197727,B,12756.0,8.9976,-10.0
4852.000000000285,-0.5656720995903015,0.40150412917137146,0.7503558993339539,39628476814197727,B,12756.0,8.9976,-10.0
4852.800000000285,-2.455968141555786,0.491291344165802,0.6945444345474243,39628476814197727,B,12756.0,8.9976,-10.0
4853.600000000285,0.06293359398841858,0.45446062088012695,0.6590743660926819,39628476814197727,B,12756.0,8.9976,-10.0
4854.400000000285,-0.8280114531517029,0.40665191411972046,0.692156195640564,39628476814197727,B,12756.0,8.9976,-10.0
4855.200000000285,-1.7695163488388062,0.38687819242477417,0.7473397254943848,39628476814197727,B,12756.0,8.9976,-10.0
4856.000000000286,0.05250439792871475,0.40980103611946106,0.775873601436615,39628476814197727,B,12756.0,8.9976,-10.0
4856.800000000286,2.2217862606048584,0.4044983386993408,0.7865446209907532,39628476814197727,B,12756.0,8.9976,-10.0
4857.600000000286,2.9090230464935303,0.4113732874393463,0.7790157794952393,39628476814197727,B,12756.0,8.9976,-10.0
4858.400000000286,-0.29151490330696106,0.4414520561695099,0.7740771770477295,39628476814197727,B,12756.0,8.9976,-10.0
4859.200000000286,0.8464362621307373,0.49874481558799744,0.8029822707176208,39628476814197727,B,12756.0,8.9976,-10.0
4860.0000000002865,-0.411260187625885,0.4738171696662903,0.8249585628509521,39628476814197727,B,12756.0,8.9976,-10.0
4860.800000000287,0.582085907459259,0.4298083186149597,0.8229119777679443,39628476814197727,B,12756.0,8.9976,-10.0
4861.600000000287,-0.8478535413742065,0.39777112007141113,0.7972082495689392,39628476814197727,B,12756.0,8.9976,-10.0
4862.400000000287,5.048503398895264,0.3790687024593353,0.8116546273231506,39628476814197727,B,12756.0,8.9976,-10.0
4863.200000000287,0.5225237607955933,0.46578142046928406,0.8445040583610535,39628476814197727,B,12756.0,8.9976,-10.0
4864.000000000287,1.102571964263916,0.43921247124671936,0.8493194580078125,39628476814197727,B,12756.0,8.9976,-10.0
4864.800000000288,0.6709622740745544,0.507750391960144,0.852702796459198,39628476814197727,B,12756.0,8.9976,-10.0
4865.600000000288,-0.0069860187359154224,0.46472036838531494,0.8317579030990601,39628476814197727,B,12756.0,8.9976,-10.0
4866.400000000288,1.023700475692749,0.4232388138771057,0.7880994081497192,39628476814197727,B,12756.0,8.9976,-10.0
4867.200000000288,3.5450360774993896,0.4491742253303528,0.793571412563324,39628476814197727,B,12756.0,8.9976,-10.0
4868.000000000288,0.018101315945386887,0.4617789685726166,0.837831437587738,39628476814197727,B,12756.0,8.9976,-10.0
4868.8000000002885,1.1942908763885498,0.3797776401042938,0.8844544291496277,39628476814197727,B,12756.0,8.9976,-10.0
4869.600000000289,0.43078771233558655,0.4462110996246338,0.8592420220375061,39628476814197727,B,12756.0,8.9976,-10.0
4870.400000000289,1.4970468282699585,0.40676429867744446,0.8602741956710815,39628476814197727,B,12756.0,8.9976,-10.0
4871.200000000289,-1.47476327419281,0.4204583168029785,0.8917813301086426,39628476814197727,B,12756.0,8.9976,-10.0
4872.000000000289,-0.09618259221315384,0.4836343824863434,0.9047514796257019,39628476814197727,B,12756.0,8.9976,-10.0
4872.800000000289,5.340798854827881,0.4213621914386749,0.9041901230812073,39628476814197727,B,12756.0,8.9976,-10.0
4873.60000000029,-0.47481992840766907,0.48081082105636597,0.8929358720779419,39628476814197727,B,12756.0,8.9976,-10.0
4874.40000000029,0.5648847222328186,0.4845866560935974,0.9196283221244812,39628476814197727,B,12756.0,8.9976,-10.0
4875.20000000029,-0.7355254888534546,0.4262145459651947,0.975681483745575,39628476814197727,B,12756.0,8.9976,-10.0
4876.00000000029,2.7902779579162598,0.46669554710388184,0.9803387522697449,39628476814197727,B,12756.0,8.9976,-10.0
4876.80000000029,0.1722104400396347,0.44486987590789795,0.9070882201194763,39628476814197727,B,12756.0,8.9976,-10.0
4877.6000000002905,2.006197452545166,0.40950900316238403,0.8297137022018433,39628476814197727,B,12756.0,8.9976,-10.0
4878.400000000291,-0.7051734924316406,0.34392911195755005,0.8457231521606445,39628476814197727,B,12756.0,8.9976,-10.0
4879.200000000291,0.8777535557746887,0.4061678647994995,0.8339570760726929,39628476814197727,B,12756.0,8.9976,-10.0
4880.000000000291,-1.9934766292572021,0.420827180147171,0.7347354292869568,39628476814197727,B,12756.0,8.9976,-10.0
4880.800000000291,0.46396639943122864,0.43729811906814575,0.7689547538757324,39628476814197727,B,12756.0,8.9976,-10.0
4881.600000000291,-0.32745835185050964,0.4272972643375397,0.9230956435203552,39628476814197727,B,12756.0,8.9976,-10.0
4882.400000000292,2.6814324855804443,0.36002877354621887,0.9998787045478821,39628476814197727,B,12756.0,8.9976,-10.0
4883.200000000292,-1.7669434547424316,0.36969128251075745,0.9541603922843933,39628476814197727,B,12756.0,8.9976,-10.0
4884.000000000292,1.4513888359069824,0.4404662251472473,0.9400063753128052,39628476814197727,B,12756.0,8.9976,-10.0
4884.800000000292,1.5211114883422852,0.47136440873146057,1.0139622688293457,39628476814197727,B,12756.0,8.9976,-10.0
4885.600000000292,-0.6391740441322327,0.38266870379447937,1.1144027709960938,39628476814197727,B,12756.0,8.9976,-10.0
4886.4000000002925,-1.7441422939300537,0.3953161835670471,1.135219931602478,39628476814197727,B,12756.0,8.9976,-10.0
4887.200000000293,0.9423137307167053,0.42538344860076904,1.1253790855407715,39628476814197727,B,12756.0,8.9976,-10.0
4888.000000000293,-1.1659666299819946,0.4348334074020386,1.1915435791015625,39628476814197727,B,12756.0,8.9976,-10.0
4888.800000000293,2.243272304534912,0.48364439606666565,1.2082009315490723,39628476814197727,B,12756.0,8.9976,-10.0
4889.600000000293,1.543500542640686,0.43718355894088745,1.1703822612762451,39628476814197727,B,12756.0,8.9976,-10.0
4890.400000000293,-0.37505966424942017,0.5186934471130371,1.1974462270736694,39628476814197727,B,12756.0,8.9976,-10.0
4891.200000000294,0.7699201703071594,0.433632493019104,1.2465862035751343,39628476814197727,B,12756.0,8.9976,-10.0
4892.000000000294,1.000581979751587,0.4298391044139862,1.2264400720596313,39628476814197727,B,12756.0,8.9976,-10.0
4892.800000000294,-0.6213685870170593,0.45317021012306213,1.1096458435058594,39628476814197727,B,12756.0,8.9976,-10.0
4893.600000000294,3.865436315536499,0.47126030921936035,1.0442992448806763,39628476814197727,B,12756.0,8.9976,-10.0
4894.400000000294,0.5770034790039062,0.4232119917869568,1.1269243955612183,39628476814197727,B,12756.0,8.9976,-10.0
4895.2000000002945,-1.8844094276428223,0.44636958837509155,1.1875548362731934,39628476814197727,B,12756.0,8.9976,-10.0
4896.000000000295,-2.3693127632141113,0.4826228618621826,1.2256743907928467,39628476814197727,B,12756.0,8.9976,-10.0
4896.800000000295,-1.6502856016159058,0.467593252658844,1.292345643043518,39628476814197727,B,12756.0,8.9976,-10.0
4897.600000000295,1.3775345087051392,0.44847142696380615,1.3519054651260376,39628476814197727,B,12756.0,8.9976,-10.0
4898.400000000295,4.441195964813232,0.4678424298763275,1.3738354444503784,39628476814197727,B,12756.0,8.9976,-10.0
4899.200000000295,2.7983834743499756,0.4184149205684662,1.3523186445236206,39628476814197727,B,12756.0,8.9976,-10.0
4900.000000000296,2.594998359680176,0.4400140047073364,1.3311378955841064,39628476814197727,B,12756.0,8.9976,-10.0
4900.800000000296,1.4182746410369873,0.4513828456401825,1.323204755783081,39628476814197727,B,12756.0,8.9976,-10.0
4901.600000000296,-1.5636036396026611,0.46556222438812256,1.2414882183074951,39628476814197727,B,12756.0,8.9976,-10.0
4902.400000000296,2.03963565826416,0.412720263004303,1.1998149156570435,39628476814197727,B,12756.0,8.9976,-10.0
4903.200000000296,-0.025386713445186615,0.4861500561237335,1.303775429725647,39628476814197727,B,12756.0,8.9976,-10.0
4904.0000000002965,2.566934108734131,0.43684613704681396,1.3751519918441772,39628476814197727,B,12756.0,8.9976,-10.0
4904.800000000297,1.692091703414917,0.5280340313911438,1.333304762840271,39628476814197727,B,12756.0,8.9976,-10.0
4905.600000000297,-1.0326842069625854,0.44354140758514404,1.2597049474716187,39628476814197727,B,12756.0,8.9976,-10.0
4906.400000000297,0.12092223763465881,0.4242161214351654,1.3088890314102173,39628476814197727,B,12756.0,8.9976,-10.0
4907.200000000297,1.3297194242477417,0.47543737292289734,1.3611736297607422,39628476814197727,B,12756.0,8.9976,-10.0
4908.000000000297,-2.189115047454834,0.41319897770881653,1.3226301670074463,39628476814197727,B,12756.0,8.9976,-10.0
4908.800000000298,2.9670674800872803,0.48496803641319275,1.2574330568313599,39628476814197727,B,12756.0,8.9976,-10.0
4909.600000000298,-0.20716995000839233,0.46471184492111206,1.2633415460586548,39628476814197727,B,12756.0,8.9976,-10.0
4910.400000000298,-0.6287119388580322,0.46836408972740173,1.2655140161514282,39628476814197727,B,12756.0,8.9976,-10.0
4911.200000000298,1.3713430166244507,0.3900662958621979,1.2888802289962769,39628476814197727,B,12756.0,8.9976,-10.0
4912.000000000298,2.7564685344696045,0.4220356345176697,1.3510713577270508,39628476814197727,B,12756.0,8.9976,-10.0
4912.8000000002985,2.4876046180725098,0.45786339044570923,1.3939480781555176,39628476814197727,B,12756.0,8.9976,-10.0
4913.600000000299,3.7416346073150635,0.40989306569099426,1.4349054098129272,39628476814197727,B,12756.0,8.9976,-10.0
4914.400000000299,-1.6911876201629639,0.4698154628276825,1.449051856994629,39628476814197727,B,12756.0,8.9976,-10.0
4915.200000000299,1.2117120027542114,0.4296156167984009,1.346954584121704,39628476814197727,B,12756.0,8.9976,-10.0
4916.000000000299,0.9010787010192871,0.37994182109832764,1.2603535652160645,39628476814197727,B,12756.0,8.9976,-10.0
4916.800000000299,0.15539249777793884,0.4759402275085449,1.3415782451629639,39628476814197727,B,12756.0,8.9976,-10.0
4917.6000000003,0.15096008777618408,0.49330246448516846,1.4267354011535645,39628476814197727,B,12756.0,8.9976,-10.0
4918.4000000003,3.3478777408599854,0.45292970538139343,1.4922127723693848,39628476814197727,B,12756.0,8.9976,-10.0
4919.2000000003,2.0091681480407715,0.4590950012207031,1.4982397556304932,39628476814197727,B,12756.0,8.9976,-10.0
4920.0000000003,-0.7243205308914185,0.5023453235626221,1.455101490020752,39628476814197727,B,12756.0,8.9976,-10.0
4920.8000000003,3.6883184909820557,0.4927745759487152,1.3522642850875854,39628476814197727,B,12756.0,8.9976,-10.0
4921.6000000003005,1.7463481426239014,0.554763913154602,1.2447664737701416,39628476814197727,B,12756.0,8.9976,-10.0
4922.400000000301,-0.10962724685668945,0.4298816919326782,1.1752163171768188,39628476814197727,B,12756.0,8.9976,-10.0
4923.200000000301,2.219466209411621,0.4347752630710602,1.2348496913909912,39628476814197727,B,12756.0,8.9976,-10.0
4924.000000000301,2.0682802200317383,0.4608559310436249,1.3376069068908691,39628476814197727,B,12756.0,8.9976,-10.0
4924.800000000301,-1.8316106796264648,0.4492274820804596,1.4141675233840942,39628476814197727,B,12756.0,8.9976,-10.0
4925.600000000301,3.215439558029175,0.48738983273506165,1.4322106838226318,39628476814197727,B,12756.0,8.9976,-10.0
4926.400000000302,3.297499895095825,0.4789895713329315,1.354073405265808,39628476814197727,B,12756.0,8.9976,-10.0
4927.200000000302,0.043501466512680054,0.46166789531707764,1.2686012983322144,39628476814197727,B,12756.0,8.9976,-10.0
4928.000000000302,2.6692166328430176,0.4159732162952423,1.283244252204895,39628476814197727,B,12756.0,8.9976,-10.0
4928.800000000302,1.4984804391860962,0.49527105689048767,1.3690807819366455,39628476814197727,B,12756.0,8.9976,-10.0
4929.600000000302,-1.0723780393600464,0.4347889721393585,1.4506572484970093,39628476814197727,B,12756.0,8.9976,-10.0
4930.4000000003025,2.029232978820801,0.4794466495513916,1.440840482711792,39628476814197727,B,12756.0,8.9976,-10.0
4931.200000000303,0.1881096512079239,0.4694184362888336,1.4018423557281494,39628476814197727,B,12756.0,8.9976,-10.0
4932.000000000303,-1.280160665512085,0.4255208373069763,1.4243192672729492,39628476814197727,B,12756.0,8.9976,-10.0
4932.800000000303,-0.5052372217178345,0.4402128756046295,1.4777384996414185,39628476814197727,B,12756.0,8.9976,-10.0
4933.600000000303,2.4500038623809814,0.445242702960968,1.5436440706253052,39628476814197727,B,12756.0,8.9976,-10.0
4934.400000000303,-0.512643039226532,0.45830705761909485,1.5480520725250244,39628476814197727,B,12756.0,8.9976,-10.0
4935.200000000304,0.003179673571139574,0.47202691435813904,1.4354921579360962,39628476814197727,B,12756.0,8.9976,-10.0
4936.000000000304,0.7080914974212646,0.4315580725669861,1.3328442573547363,39628476814197727,B,12756.0,8.9976,-10.0
4936.800000000304,0.7573387622833252,0.413390189409256,1.4292696714401245,39628476814197727,B,12756.0,8.9976,-10.0
4937.600000000304,3.189868927001953,0.45119717717170715,1.5717825889587402,39628476814197727,B,12756.0,8.9976,-10.0
4938.400000000304,3.5120484828948975,0.4633525609970093,1.608392357826233,39628476814197727,B,12756.0,8.9976,-10.0
4939.2000000003045,2.2274742126464844,0.46023374795913696,1.5256673097610474,39628476814197727,B,12756.0,8.9976,-10.0
4940.000000000305,0.3040130138397217,0.3971189558506012,1.3305310010910034,39628476814197727,B,12756.0,8.9976,-10.0
4940.800000000305,2.5270581245422363,0.40125277638435364,1.107384443283081,39628476814197727,B,12756.0,8.9976,-10.0
4941.600000000305,3.4581470489501953,0.4652523100376129,0.9532836079597473,39628476814197727,B,12756.0,8.9976,-10.0
4942.400000000305,0.18521757423877716,0.4353441596031189,1.017256736755371,39628476814197727,B,12756.0,8.9976,-10.0
4943.200000000305,0.9157275557518005,0.4056873917579651,1.2147016525268555,39628476814197727,B,12756.0,8.9976,-10.0
4944.000000000306,2.479163408279419,0.3983040153980255,1.3225748538970947,39628476814197727,B,12756.0,8.9976,-10.0
4944.800000000306,2.0051755905151367,0.46195417642593384,1.3319872617721558,39628476814197727,B,12756.0,8.9976,-10.0
4945.600000000306,1.8881347179412842,0.4205370843410492,1.4148622751235962,39628476814197727,B,12756.0,8.9976,-10.0
4946.400000000306,-0.49750861525535583,0.4759882688522339,1.514907717704773,39628476814197727,B,12756.0,8.9976,-10.0
4947.200000000306,3.41520357131958,0.4229428768157959,1.588193416595459,39628476814197727,B,12756.0,8.9976,-10.0
4948.0000000003065,1.671233892440796,0.4432642161846161,1.62931489944458,39628476814197727,B,12756.0,8.9976,-10.0
4948.800000000307,0.8842014074325562,0.4183337688446045,1.6001406908035278,39628476814197727,B,12756.0,8.9976,-10.0
4949.600000000307,0.06363266706466675,0.47770974040031433,1.4561325311660767,39628476814197727,B,12756.0,8.9976,-10.0
4950.400000000307,0.4994164705276489,0.41383734345436096,1.3640841245651245,39628476814197727,B,12756.0,8.9976,-10.0
4951.200000000307,-0.7688711881637573,0.3773687481880188,1.4696308374404907,39628476814197727,B,12756.0,8.9976,-10.0
4952.000000000307,-1.0943946838378906,0.3557564616203308,1.577560544013977,39628476814197727,B,12756.0,8.9976,-10.0
4952.800000000308,3.2726378440856934,0.4019043743610382,1.5992918014526367,39628476814197727,B,12756.0,8.9976,-10.0
4953.600000000308,3.1860086917877197,0.381388396024704,1.6034376621246338,39628476814197727,B,12756.0,8.9976,-10.0
4954.400000000308,1.990878701210022,0.5004352331161499,1.6471797227859497,39628476814197727,B,12756.0,8.9976,-10.0
4955.200000000308,1.504228949546814,0.49799442291259766,1.5762125253677368,39628476814197727,B,12756.0,8.9976,-10.0
4956.000000000308,1.9892289638519287,0.48186880350112915,1.2934749126434326,39628476814197727,B,12756.0,8.9976,-10.0
4956.8000000003085,1.194933533668518,0.3985949456691742,0.9882776141166687,39628476814197727,B,12756.0,8.9976,-10.0
4957.600000000309,1.177461862564087,0.3970547914505005,0.8532958626747131,39628476814197727,B,12756.0,8.9976,-10.0
4958.400000000309,1.5226225852966309,0.5117343068122864,0.7808793187141418,39628476814197727,B,12756.0,8.9976,-10.0
4959.200000000309,0.1840420663356781,0.5332367420196533,0.6944165229797363,39628476814197727,B,12756.0,8.9976,-10.0
4960.000000000309,1.2398357391357422,0.45169323682785034,0.6936808228492737,39628476814197727,B,12756.0,8.9976,-10.0
4960.800000000309,3.056178092956543,0.4705010950565338,0.7858775854110718,39628476814197727,B,12756.0,8.9976,-10.0
4961.60000000031,2.0476458072662354,0.49825891852378845,0.8183467984199524,39628476814197727,B,12756.0,8.9976,-10.0
4962.40000000031,0.2520475685596466,0.45953506231307983,0.8350203633308411,39628476814197727,B,12756.0,8.9976,-10.0
4963.20000000031,0.4170859754085541,0.43846595287323,0.8594913482666016,39628476814197727,B,12756.0,8.9976,-10.0
4964.00000000031,0.9069036841392517,0.38959169387817383,0.8720872402191162,39628476814197727,B,12756.0,8.9976,-10.0
4964.80000000031,0.8290365934371948,0.42521122097969055,0.8762144446372986,39628476814197727,B,12756.0,8.9976,-10.0
4965.6000000003105,2.2182085514068604,0.4084438681602478,0.9165370464324951,39628476814197727,B,12756.0,8.9976,-10.0
4966.400000000311,0.00938043650239706,0.4642346203327179,0.9005939364433289,39628476814197727,B,12756.0,8.9976,-10.0
4967.200000000311,0.127645805478096,0.4501441419124603,0.8359662890434265,39628476814197727,B,12756.0,8.9976,-10.0
4968.000000000311,1.7066465616226196,0.4886375963687897,0.7934672236442566,39628476814197727,B,12756.0,8.9976,-10.0
4968.800000000311,0.5115959644317627,0.43627306818962097,0.8151021003723145,39628476814197727,B,12756.0,8.9976,-10.0
4969.600000000311,1.8650089502334595,0.49694013595581055,0.8871331214904785,39628476814197727,B,12756.0,8.9976,-10.0
4970.400000000312,0.9709505438804626,0.5010525584220886,0.940176248550415,39628476814197727,B,12756.0,8.9976,-10.0
4971.200000000312,1.4252225160598755,0.47508832812309265,1.001982569694519,39628476814197727,B,12756.0,8.9976,-10.0
4972.000000000312,-1.2090378999710083,0.433012992143631,1.0571950674057007,39628476814197727,B,12756.0,8.9976,-10.0
4972.800000000312,1.7170411348342896,0.514173150062561,1.0287480354309082,39628476814197727,B,12756.0,8.9976,-10.0
4973.600000000312,2.687124252319336,0.4543367326259613,0.8975539207458496,39628476814197727,B,12756.0,8.9976,-10.0
4974.4000000003125,1.3927239179611206,0.5387595891952515,0.8531899452209473,39628476814197727,B,12756.0,8.9976,-10.0
4975.200000000313,-0.5032459497451782,0.49518144130706787,0.9412322640419006,39628476814197727,B,12756.0,8.9976,-10.0
4976.000000000313,1.2296911478042603,0.4598408043384552,1.0529085397720337,39628476814197727,B,12756.0,8.9976,-10.0
4976.800000000313,1.4942206144332886,0.4438556432723999,1.0818490982055664,39628476814197727,B,12756.0,8.9976,-10.0
4977.600000000313,0.2463093400001526,0.4544951319694519,1.078239917755127,39628476814197727,B,12756.0,8.9976,-10.0
4978.400000000313,1.6079102754592896,0.3964792788028717,1.050173044204712,39628476814197727,B,12756.0,8.9976,-10.0
4979.200000000314,0.7745859026908875,0.5014240741729736,0.9197524189949036,39628476814197727,B,12756.0,8.9976,-10.0
4980.000000000314,2.8542861938476562,0.4285441040992737,0.7968413829803467,39628476814197727,B,12756.0,8.9976,-10.0
4980.800000000314,0.3181575834751129,0.45867159962654114,0.8077176809310913,39628476814197727,B,12756.0,8.9976,-10.0
4981.600000000314,0.651509165763855,0.5139703750610352,0.8528710603713989,39628476814197727,B,12756.0,8.9976,-10.0
4982.400000000314,1.5096051692962646,0.4920300841331482,0.8459924459457397,39628476814197727,B,12756.0,8.9976,-10.0
4983.2000000003145,2.154564142227173,0.471749484539032,0.7276034951210022,39628476814197727,B,12756.0,8.9976,-10.0
4984.000000000315,0.5622467398643494,0.48083364963531494,0.6049456596374512,39628476814197727,B,12756.0,8.9976,-10.0
4984.800000000315,1.9206799268722534,0.44338464736938477,0.654085099697113,39628476814197727,B,12756.0,8.9976,-10.0
4985.600000000315,2.100580930709839,0.4733772277832031,0.7952337265014648,39628476814197727,B,12756.0,8.9976,-10.0
4986.400000000315,0.7092363834381104,0.5177008509635925,0.9207570552825928,39628476814197727,B,12756.0,8.9976,-10.0
4987.200000000315,-0.47336116433143616,0.47968927025794983,0.991208016872406,39628476814197727,B,12756.0,8.9976,-10.0
4988.000000000316,2.538043737411499,0.4440581500530243,1.0197811126708984,39628476814197727,B,12756.0,8.9976,-10.0
4988.800000000316,1.8791749477386475,0.45630374550819397,1.01170814037323,39628476814197727,B,12756.0,8.9976,-10.0
4989.600000000316,1.2850724458694458,0.4615620970726013,0.9495053887367249,39628476814197727,B,12756.0,8.9976,-10.0
4990.400000000316,1.1491813659667969,0.4382672905921936,0.8958856463432312,39628476814197727,B,12756.0,8.9976,-10.0
4991.200000000316,0.42817509174346924,0.4508166015148163,0.867283046245575,39628476814197727,B,12756.0,8.9976,-10.0
4992.0000000003165,2.467942953109741,0.4798264801502228,0.7878033518791199,39628476814197727,B,12756.0,8.9976,-10.0
4992.800000000317,0.14520439505577087,0.4183981120586395,0.6763059496879578,39628476814197727,B,12756.0,8.9976,-10.0
4993.600000000317,0.21164914965629578,0.48214101791381836,0.6677426099777222,39628476814197727,B,12756.0,8.9976,-10.0
4994.400000000317,0.2249452769756317,0.5333777070045471,0.7722127437591553,39628476814197727,B,12756.0,8.9976,-10.0
4995.200000000317,3.227787733078003,0.46966472268104553,0.8069978356361389,39628476814197727,B,12756.0,8.9976,-10.0
4996.000000000317,-2.021585702896118,0.5122374892234802,0.7662038803100586,39628476814197727,B,12756.0,8.9976,-10.0
4996.800000000318,1.1569504737854004,0.43452444672584534,0.8232975602149963,39628476814197727,B,12756.0,8.9976,-10.0
4997.600000000318,1.0330605506896973,0.4712495505809784,0.9069507718086243,39628476814197727,B,12756.0,8.9976,-10.0
4998.400000000318,1.0797301530838013,0.5227361917495728,0.8664892911911011,39628476814197727,B,12756.0,8.9976,-10.0
4999.200000000318,1.9988189935684204,0.45089200139045715,0.8065336346626282,39628476814197727,B,12756.0,8.9976,-10.0
