wavelength,flux,ivar,model,targetid,clase_aprox,teff,logg,feh
4000.000000000091,47.73115158081055,0.0648232251405716,37.35599136352539,39627708879078570,B,25181.0,7.6822,-10.0
4000.800000000091,40.50187301635742,0.060644589364528656,39.535736083984375,39627708879078570,B,25181.0,7.6822,-10.0
4001.6000000000913,45.12834167480469,0.06239123269915581,41.38075256347656,39627708879078570,B,25181.0,7.6822,-10.0
4002.4000000000915,40.034423828125,0.06023385375738144,42.2130126953125,39627708879078570,B,25181.0,7.6822,-10.0
4003.2000000000917,40.73724365234375,0.05545017495751381,42.965633392333984,39627708879078570,B,25181.0,7.6822,-10.0
4004.000000000092,43.35097122192383,0.06746364384889603,42.86887741088867,39627708879078570,B,25181.0,7.6822,-10.0
4004.800000000092,50.003257751464844,0.059624265879392624,41.33251953125,39627708879078570,B,25181.0,7.6822,-10.0
4005.600000000092,39.10732650756836,0.057647742331027985,39.03723907470703,39627708879078570,B,25181.0,7.6822,-10.0
4006.4000000000924,39.20743942260742,0.05391770601272583,37.52772521972656,39627708879078570,B,25181.0,7.6822,-10.0
4007.2000000000926,44.31794738769531,0.06205227971076965,38.50944519042969,39627708879078570,B,25181.0,7.6822,-10.0
4008.0000000000928,46.94505310058594,0.06452485918998718,40.38173294067383,39627708879078570,B,25181.0,7.6822,-10.0
4008.800000000093,37.299617767333984,0.06010928004980087,41.789913177490234,39627708879078570,B,25181.0,7.6822,-10.0
4009.600000000093,40.64088821411133,0.05984332039952278,41.26096725463867,39627708879078570,B,25181.0,7.6822,-10.0
4010.4000000000933,49.396488189697266,0.05176191404461861,39.96409225463867,39627708879078570,B,25181.0,7.6822,-10.0
4011.2000000000935,48.79615783691406,0.05582093447446823,40.878849029541016,39627708879078570,B,25181.0,7.6822,-10.0
4012.0000000000937,52.51778793334961,0.06255955994129181,41.789398193359375,39627708879078570,B,25181.0,7.6822,-10.0
4012.800000000094,42.154117584228516,0.06218361109495163,41.55311584472656,39627708879078570,B,25181.0,7.6822,-10.0
4013.600000000094,38.592708587646484,0.05750042200088501,41.906585693359375,39627708879078570,B,25181.0,7.6822,-10.0
4014.400000000094,47.373878479003906,0.061727527529001236,42.297088623046875,39627708879078570,B,25181.0,7.6822,-10.0
4015.2000000000944,43.82162094116211,0.05975522845983505,41.808677673339844,39627708879078570,B,25181.0,7.6822,-10.0
4016.0000000000946,48.78165054321289,0.05972297489643097,41.863338470458984,39627708879078570,B,25181.0,7.6822,-10.0
4016.8000000000948,50.68400955200195,0.06422088295221329,42.6600456237793,39627708879078570,B,25181.0,7.6822,-10.0
4017.600000000095,41.46152114868164,0.0658881887793541,42.16650390625,39627708879078570,B,25181.0,7.6822,-10.0
4018.400000000095,47.784942626953125,0.0620967261493206,41.10404968261719,39627708879078570,B,25181.0,7.6822,-10.0
4019.2000000000953,46.74205780029297,0.05902507156133652,41.47901916503906,39627708879078570,B,25181.0,7.6822,-10.0
4020.0000000000955,57.1862907409668,0.05766734108328819,43.135929107666016,39627708879078570,B,25181.0,7.6822,-10.0
4020.8000000000957,48.31570816040039,0.06095118075609207,43.390663146972656,39627708879078570,B,25181.0,7.6822,-10.0
4021.600000000096,49.089599609375,0.059292055666446686,42.27174758911133,39627708879078570,B,25181.0,7.6822,-10.0
4022.400000000096,43.8994026184082,0.05535704270005226,41.950416564941406,39627708879078570,B,25181.0,7.6822,-10.0
4023.200000000096,40.922882080078125,0.059092260897159576,42.05499267578125,39627708879078570,B,25181.0,7.6822,-10.0
4024.0000000000964,45.7917366027832,0.059991009533405304,41.719112396240234,39627708879078570,B,25181.0,7.6822,-10.0
4024.8000000000966,42.529449462890625,0.06031877547502518,39.996761322021484,39627708879078570,B,25181.0,7.6822,-10.0
4025.6000000000968,45.465736389160156,0.06206188723444939,39.2381477355957,39627708879078570,B,25181.0,7.6822,-10.0
4026.400000000097,49.280311584472656,0.06161634624004364,39.818756103515625,39627708879078570,B,25181.0,7.6822,-10.0
4027.200000000097,51.63817596435547,0.059687480330467224,40.74751281738281,39627708879078570,B,25181.0,7.6822,-10.0
4028.0000000000973,51.4100227355957,0.06527129560709,40.91293716430664,39627708879078570,B,25181.0,7.6822,-10.0
4028.8000000000975,48.83867645263672,0.06051557511091232,40.69489669799805,39627708879078570,B,25181.0,7.6822,-10.0
4029.6000000000977,48.4367790222168,0.062476400285959244,39.4229850769043,39627708879078570,B,25181.0,7.6822,-10.0
4030.400000000098,43.878639221191406,0.061465468257665634,37.21776580810547,39627708879078570,B,25181.0,7.6822,-10.0
4031.200000000098,48.85808181762695,0.06328389048576355,35.3950080871582,39627708879078570,B,25181.0,7.6822,-10.0
4032.000000000098,40.698158264160156,0.07093751430511475,34.55519485473633,39627708879078570,B,25181.0,7.6822,-10.0
4032.8000000000984,52.07069778442383,0.06020699813961983,34.90764236450195,39627708879078570,B,25181.0,7.6822,-10.0
4033.6000000000986,48.045135498046875,0.05366072058677673,34.3504753112793,39627708879078570,B,25181.0,7.6822,-10.0
4034.4000000000988,47.94105911254883,0.061354368925094604,33.714317321777344,39627708879078570,B,25181.0,7.6822,-10.0
4035.200000000099,43.79642105102539,0.07298287749290466,33.52104187011719,39627708879078570,B,25181.0,7.6822,-10.0
4036.000000000099,50.42802429199219,0.06384074687957764,33.89375686645508,39627708879078570,B,25181.0,7.6822,-10.0
4036.8000000000993,43.037818908691406,0.05892002210021019,36.42082214355469,39627708879078570,B,25181.0,7.6822,-10.0
4037.6000000000995,54.433414459228516,0.05568912997841835,39.1866569519043,39627708879078570,B,25181.0,7.6822,-10.0
4038.4000000000997,56.17235565185547,0.06400066614151001,40.84654998779297,39627708879078570,B,25181.0,7.6822,-10.0
4039.2000000001,50.178096771240234,0.061889469623565674,41.82047653198242,39627708879078570,B,25181.0,7.6822,-10.0
4040.0000000001,53.86088943481445,0.06001896783709526,41.939170837402344,39627708879078570,B,25181.0,7.6822,-10.0
4040.8000000001,59.35578155517578,0.054226912558078766,41.3955192565918,39627708879078570,B,25181.0,7.6822,-10.0
4041.6000000001004,46.764976501464844,0.06308986991643906,40.5214958190918,39627708879078570,B,25181.0,7.6822,-10.0
4042.4000000001006,42.48114776611328,0.0603656992316246,39.63890075683594,39627708879078570,B,25181.0,7.6822,-10.0
4043.2000000001008,50.93217086791992,0.06108224391937256,39.6627082824707,39627708879078570,B,25181.0,7.6822,-10.0
4044.000000000101,44.16363525390625,0.0664839893579483,39.519588470458984,39627708879078570,B,25181.0,7.6822,-10.0
4044.800000000101,45.04358673095703,0.06391865015029907,38.36333084106445,39627708879078570,B,25181.0,7.6822,-10.0
4045.6000000001013,43.86980438232422,0.07229281216859818,36.94227600097656,39627708879078570,B,25181.0,7.6822,-10.0
4046.4000000001015,47.737159729003906,0.07793249934911728,35.425209045410156,39627708879078570,B,25181.0,7.6822,-10.0
4047.2000000001017,50.194053649902344,0.0652710497379303,34.28071594238281,39627708879078570,B,25181.0,7.6822,-10.0
4048.000000000102,46.197227478027344,0.05908471345901489,35.20142364501953,39627708879078570,B,25181.0,7.6822,-10.0
4048.800000000102,44.397674560546875,0.06308158487081528,36.288143157958984,39627708879078570,B,25181.0,7.6822,-10.0
4049.600000000102,51.140419006347656,0.062324490398168564,37.381324768066406,39627708879078570,B,25181.0,7.6822,-10.0
4050.4000000001024,44.52889633178711,0.06381548196077347,38.93975067138672,39627708879078570,B,25181.0,7.6822,-10.0
4051.2000000001026,42.766868591308594,0.07200340926647186,40.50398254394531,39627708879078570,B,25181.0,7.6822,-10.0
4052.000000000103,47.28612518310547,0.07305034250020981,42.0290412902832,39627708879078570,B,25181.0,7.6822,-10.0
4052.800000000103,44.67583465576172,0.07063236087560654,42.38992691040039,39627708879078570,B,25181.0,7.6822,-10.0
4053.600000000103,45.016475677490234,0.06621962785720825,42.214927673339844,39627708879078570,B,25181.0,7.6822,-10.0
4054.4000000001033,42.126625061035156,0.07549527287483215,42.7540283203125,39627708879078570,B,25181.0,7.6822,-10.0
4055.2000000001035,45.207881927490234,0.06827746331691742,42.581302642822266,39627708879078570,B,25181.0,7.6822,-10.0
4056.0000000001037,45.13336944580078,0.06636826694011688,40.48778533935547,39627708879078570,B,25181.0,7.6822,-10.0
4056.800000000104,41.47768783569336,0.07394329458475113,40.04706573486328,39627708879078570,B,25181.0,7.6822,-10.0
4057.600000000104,48.210391998291016,0.07043598592281342,41.290977478027344,39627708879078570,B,25181.0,7.6822,-10.0
4058.4000000001042,45.66575622558594,0.060129471123218536,40.814544677734375,39627708879078570,B,25181.0,7.6822,-10.0
4059.2000000001044,51.28351593017578,0.05858870595693588,39.626731872558594,39627708879078570,B,25181.0,7.6822,-10.0
4060.0000000001046,41.09996795654297,0.07235550880432129,39.60881805419922,39627708879078570,B,25181.0,7.6822,-10.0
4060.800000000105,46.7321891784668,0.06622229516506195,39.93931198120117,39627708879078570,B,25181.0,7.6822,-10.0
4061.600000000105,48.88642120361328,0.0590704046189785,39.04911804199219,39627708879078570,B,25181.0,7.6822,-10.0
4062.400000000105,51.048946380615234,0.06920213252305984,38.427547454833984,39627708879078570,B,25181.0,7.6822,-10.0
4063.2000000001053,43.15721130371094,0.07216952741146088,37.705902099609375,39627708879078570,B,25181.0,7.6822,-10.0
4064.0000000001055,40.84148406982422,0.07475562393665314,36.029518127441406,39627708879078570,B,25181.0,7.6822,-10.0
4064.8000000001057,36.844058990478516,0.0766279473900795,34.915931701660156,39627708879078570,B,25181.0,7.6822,-10.0
4065.600000000106,40.849517822265625,0.07146704941987991,36.18316650390625,39627708879078570,B,25181.0,7.6822,-10.0
4066.400000000106,42.53409194946289,0.06811782717704773,37.57847213745117,39627708879078570,B,25181.0,7.6822,-10.0
4067.2000000001062,40.42796325683594,0.07133563607931137,38.68653106689453,39627708879078570,B,25181.0,7.6822,-10.0
4068.0000000001064,43.313331604003906,0.06970005482435226,39.433555603027344,39627708879078570,B,25181.0,7.6822,-10.0
4068.8000000001066,41.10200500488281,0.07057520002126694,39.795143127441406,39627708879078570,B,25181.0,7.6822,-10.0
4069.600000000107,41.11351013183594,0.07217896729707718,40.12910461425781,39627708879078570,B,25181.0,7.6822,-10.0
4070.400000000107,45.71501159667969,0.0673946663737297,40.762786865234375,39627708879078570,B,25181.0,7.6822,-10.0
4071.200000000107,40.581024169921875,0.06768365949392319,39.68490982055664,39627708879078570,B,25181.0,7.6822,-10.0
4072.0000000001073,43.73552322387695,0.07033029943704605,37.22310256958008,39627708879078570,B,25181.0,7.6822,-10.0
4072.8000000001075,41.06659698486328,0.0741337388753891,35.53561019897461,39627708879078570,B,25181.0,7.6822,-10.0
4073.6000000001077,43.35578536987305,0.07059212774038315,36.5191764831543,39627708879078570,B,25181.0,7.6822,-10.0
4074.400000000108,42.75011444091797,0.07842639833688736,38.21149444580078,39627708879078570,B,25181.0,7.6822,-10.0
4075.200000000108,40.45944595336914,0.07443226873874664,39.48661804199219,39627708879078570,B,25181.0,7.6822,-10.0
4076.0000000001082,46.955406188964844,0.06545393168926239,41.332969665527344,39627708879078570,B,25181.0,7.6822,-10.0
4076.8000000001084,44.26116180419922,0.06894242018461227,42.87248611450195,39627708879078570,B,25181.0,7.6822,-10.0
4077.6000000001086,38.3482666015625,0.08026766777038574,42.155555725097656,39627708879078570,B,25181.0,7.6822,-10.0
4078.400000000109,40.125152587890625,0.08181668072938919,41.20538330078125,39627708879078570,B,25181.0,7.6822,-10.0
4079.200000000109,41.665645599365234,0.07501447200775146,40.70321273803711,39627708879078570,B,25181.0,7.6822,-10.0
4080.000000000109,38.86377716064453,0.06982217729091644,40.5472526550293,39627708879078570,B,25181.0,7.6822,-10.0
4080.8000000001093,41.81774139404297,0.08298172056674957,40.751258850097656,39627708879078570,B,25181.0,7.6822,-10.0
4081.6000000001095,33.481929779052734,0.09056703746318817,42.228050231933594,39627708879078570,B,25181.0,7.6822,-10.0
4082.4000000001097,44.577232360839844,0.07189293950796127,42.737876892089844,39627708879078570,B,25181.0,7.6822,-10.0
4083.20000000011,39.28016662597656,0.07423565536737442,41.75244140625,39627708879078570,B,25181.0,7.6822,-10.0
4084.00000000011,29.63449478149414,0.08240845799446106,40.76847839355469,39627708879078570,B,25181.0,7.6822,-10.0
4084.8000000001102,32.239505767822266,0.08496085554361343,40.37276077270508,39627708879078570,B,25181.0,7.6822,-10.0
4085.6000000001104,31.14224624633789,0.08860691636800766,40.414791107177734,39627708879078570,B,25181.0,7.6822,-10.0
4086.4000000001106,40.118743896484375,0.07858875393867493,41.819358825683594,39627708879078570,B,25181.0,7.6822,-10.0
4087.200000000111,32.427642822265625,0.08097721636295319,44.06199645996094,39627708879078570,B,25181.0,7.6822,-10.0
4088.000000000111,38.31882858276367,0.07440012693405151,44.772159576416016,39627708879078570,B,25181.0,7.6822,-10.0
4088.800000000111,37.34716033935547,0.08063638210296631,45.59287643432617,39627708879078570,B,25181.0,7.6822,-10.0
4089.6000000001113,33.44174575805664,0.07997692376375198,45.712318420410156,39627708879078570,B,25181.0,7.6822,-10.0
4090.4000000001115,29.011560440063477,0.08333803713321686,45.12177658081055,39627708879078570,B,25181.0,7.6822,-10.0
4091.2000000001117,33.10875701904297,0.08673123270273209,43.88800811767578,39627708879078570,B,25181.0,7.6822,-10.0
4092.000000000112,35.29716491699219,0.08280326426029205,43.08383560180664,39627708879078570,B,25181.0,7.6822,-10.0
4092.800000000112,30.854543685913086,0.08048569411039352,42.97707748413086,39627708879078570,B,25181.0,7.6822,-10.0
4093.6000000001122,28.422039031982422,0.09312673658132553,42.450992584228516,39627708879078570,B,25181.0,7.6822,-10.0
4094.4000000001124,27.43891143798828,0.09149676561355591,43.02375411987305,39627708879078570,B,25181.0,7.6822,-10.0
4095.2000000001126,32.31139373779297,0.09256618469953537,42.98299026489258,39627708879078570,B,25181.0,7.6822,-10.0
4096.000000000113,28.98809242248535,0.07832513749599457,40.227928161621094,39627708879078570,B,25181.0,7.6822,-10.0
4096.800000000113,30.099720001220703,0.09300516545772552,37.5213508605957,39627708879078570,B,25181.0,7.6822,-10.0
4097.600000000113,22.36855697631836,0.08627170324325562,37.114158630371094,39627708879078570,B,25181.0,7.6822,-10.0
4098.400000000113,27.3385009765625,0.07576306909322739,36.96915817260742,39627708879078570,B,25181.0,7.6822,-10.0
4099.2000000001135,27.54131317138672,0.0854373648762703,36.356143951416016,39627708879078570,B,25181.0,7.6822,-10.0
4100.000000000114,28.757965087890625,0.08850056678056717,36.35131072998047,39627708879078570,B,25181.0,7.6822,-10.0
4100.800000000114,26.213186264038086,0.10049638897180557,35.435604095458984,39627708879078570,B,25181.0,7.6822,-10.0
4101.600000000114,20.864612579345703,0.09926609694957733,32.45107650756836,39627708879078570,B,25181.0,7.6822,-10.0
4102.400000000114,19.347389221191406,0.09409384429454803,28.32994842529297,39627708879078570,B,25181.0,7.6822,-10.0
4103.200000000114,18.798797607421875,0.10891855508089066,27.365312576293945,39627708879078570,B,25181.0,7.6822,-10.0
4104.000000000115,21.839035034179688,0.09286785870790482,31.712623596191406,39627708879078570,B,25181.0,7.6822,-10.0
4104.800000000115,20.172178268432617,0.09383847564458847,35.27859115600586,39627708879078570,B,25181.0,7.6822,-10.0
4105.600000000115,22.10202980041504,0.08859004825353622,36.82266616821289,39627708879078570,B,25181.0,7.6822,-10.0
4106.400000000115,15.311203002929688,0.09157117456197739,37.857513427734375,39627708879078570,B,25181.0,7.6822,-10.0
4107.200000000115,23.138896942138672,0.09131991863250732,38.31869888305664,39627708879078570,B,25181.0,7.6822,-10.0
4108.0000000001155,22.690378189086914,0.09792958945035934,38.74832534790039,39627708879078570,B,25181.0,7.6822,-10.0
4108.800000000116,29.58570671081543,0.08220997452735901,38.14386749267578,39627708879078570,B,25181.0,7.6822,-10.0
4109.600000000116,28.955589294433594,0.10175081342458725,38.1811408996582,39627708879078570,B,25181.0,7.6822,-10.0
4110.400000000116,31.68682861328125,0.08143460750579834,38.9165153503418,39627708879078570,B,25181.0,7.6822,-10.0
4111.200000000116,29.26231575012207,0.09428442269563675,39.628074645996094,39627708879078570,B,25181.0,7.6822,-10.0
4112.000000000116,32.162044525146484,0.08714435249567032,39.281551361083984,39627708879078570,B,25181.0,7.6822,-10.0
4112.800000000117,27.64470863342285,0.091720350086689,38.12529754638672,39627708879078570,B,25181.0,7.6822,-10.0
4113.600000000117,27.027591705322266,0.08293817192316055,39.10852813720703,39627708879078570,B,25181.0,7.6822,-10.0
4114.400000000117,24.989004135131836,0.0992242842912674,40.15610122680664,39627708879078570,B,25181.0,7.6822,-10.0
4115.200000000117,30.08298110961914,0.09483415633440018,39.200347900390625,39627708879078570,B,25181.0,7.6822,-10.0
4116.000000000117,33.85536193847656,0.09581522643566132,37.91548156738281,39627708879078570,B,25181.0,7.6822,-10.0
4116.8000000001175,31.85483741760254,0.087403804063797,37.293453216552734,39627708879078570,B,25181.0,7.6822,-10.0
4117.600000000118,32.192054748535156,0.07656577974557877,39.36839294433594,39627708879078570,B,25181.0,7.6822,-10.0
4118.400000000118,37.01069641113281,0.07785613089799881,41.40876770019531,39627708879078570,B,25181.0,7.6822,-10.0
4119.200000000118,44.02053451538086,0.078871950507164,40.3956413269043,39627708879078570,B,25181.0,7.6822,-10.0
4120.000000000118,38.95145797729492,0.08380065113306046,40.12228775024414,39627708879078570,B,25181.0,7.6822,-10.0
4120.800000000118,33.1123046875,0.07942673563957214,40.83145523071289,39627708879078570,B,25181.0,7.6822,-10.0
4121.600000000119,39.84545135498047,0.07880284637212753,40.98451614379883,39627708879078570,B,25181.0,7.6822,-10.0
4122.400000000119,41.26778030395508,0.08732014149427414,41.00749206542969,39627708879078570,B,25181.0,7.6822,-10.0
4123.200000000119,42.65377426147461,0.0819411352276802,40.91668701171875,39627708879078570,B,25181.0,7.6822,-10.0
4124.000000000119,31.13945198059082,0.07863793522119522,40.69137191772461,39627708879078570,B,25181.0,7.6822,-10.0
4124.800000000119,31.742172241210938,0.08902453631162643,41.7010383605957,39627708879078570,B,25181.0,7.6822,-10.0
4125.6000000001195,34.48622131347656,0.07934499531984329,43.59996795654297,39627708879078570,B,25181.0,7.6822,-10.0
4126.40000000012,41.82891082763672,0.08161155879497528,43.922264099121094,39627708879078570,B,25181.0,7.6822,-10.0
4127.20000000012,37.48014450073242,0.08929193764925003,43.130313873291016,39627708879078570,B,25181.0,7.6822,-10.0
4128.00000000012,39.1353874206543,0.0841313824057579,42.28608703613281,39627708879078570,B,25181.0,7.6822,-10.0
4128.80000000012,37.05666732788086,0.08803927898406982,41.48113250732422,39627708879078570,B,25181.0,7.6822,-10.0
4129.60000000012,44.85478973388672,0.08659101277589798,41.032772064208984,39627708879078570,B,25181.0,7.6822,-10.0
4130.400000000121,32.925601959228516,0.08943651616573334,41.03155517578125,39627708879078570,B,25181.0,7.6822,-10.0
4131.200000000121,34.89808654785156,0.07998668402433395,40.6986083984375,39627708879078570,B,25181.0,7.6822,-10.0
4132.000000000121,35.67693328857422,0.0835624411702156,39.20289993286133,39627708879078570,B,25181.0,7.6822,-10.0
4132.800000000121,42.3624267578125,0.07910793274641037,37.60903549194336,39627708879078570,B,25181.0,7.6822,-10.0
4133.600000000121,41.663761138916016,0.09011824429035187,37.32228088378906,39627708879078570,B,25181.0,7.6822,-10.0
4134.4000000001215,35.32456970214844,0.09093411266803741,38.2017936706543,39627708879078570,B,25181.0,7.6822,-10.0
4135.200000000122,46.031036376953125,0.07933519780635834,38.90785598754883,39627708879078570,B,25181.0,7.6822,-10.0
4136.000000000122,39.972320556640625,0.07956600934267044,39.14944076538086,39627708879078570,B,25181.0,7.6822,-10.0
4136.800000000122,38.536163330078125,0.08344495296478271,40.19282531738281,39627708879078570,B,25181.0,7.6822,-10.0
4137.600000000122,40.883304595947266,0.08637209981679916,40.086856842041016,39627708879078570,B,25181.0,7.6822,-10.0
4138.400000000122,44.72506332397461,0.08110399544239044,39.817283630371094,39627708879078570,B,25181.0,7.6822,-10.0
4139.200000000123,37.623260498046875,0.08399072289466858,40.24348449707031,39627708879078570,B,25181.0,7.6822,-10.0
4140.000000000123,37.22721862792969,0.08114064484834671,40.511600494384766,39627708879078570,B,25181.0,7.6822,-10.0
4140.800000000123,43.57669448852539,0.08295020461082458,40.163150787353516,39627708879078570,B,25181.0,7.6822,-10.0
4141.600000000123,36.59125518798828,0.08094571530818939,40.2849235534668,39627708879078570,B,25181.0,7.6822,-10.0
4142.400000000123,44.32333755493164,0.07633587718009949,39.81771469116211,39627708879078570,B,25181.0,7.6822,-10.0
4143.2000000001235,48.26176834106445,0.08924589306116104,38.101810455322266,39627708879078570,B,25181.0,7.6822,-10.0
4144.000000000124,43.026424407958984,0.08145052194595337,36.57780838012695,39627708879078570,B,25181.0,7.6822,-10.0
4144.800000000124,34.872642517089844,0.09289353340864182,35.77525329589844,39627708879078570,B,25181.0,7.6822,-10.0
4145.600000000124,46.43671417236328,0.08518228679895401,36.76677322387695,39627708879078570,B,25181.0,7.6822,-10.0
4146.400000000124,37.9842414855957,0.08345223218202591,38.382728576660156,39627708879078570,B,25181.0,7.6822,-10.0
4147.200000000124,40.531410217285156,0.08812952786684036,39.34733581542969,39627708879078570,B,25181.0,7.6822,-10.0
4148.000000000125,42.7384147644043,0.08445015549659729,39.27846908569336,39627708879078570,B,25181.0,7.6822,-10.0
4148.800000000125,41.001068115234375,0.08169872313737869,39.3336181640625,39627708879078570,B,25181.0,7.6822,-10.0
4149.600000000125,39.39482116699219,0.08770806342363358,40.02479934692383,39627708879078570,B,25181.0,7.6822,-10.0
4150.400000000125,46.33383560180664,0.08519888669252396,41.478118896484375,39627708879078570,B,25181.0,7.6822,-10.0
4151.200000000125,42.24015426635742,0.08184850960969925,42.22743225097656,39627708879078570,B,25181.0,7.6822,-10.0
4152.0000000001255,38.754451751708984,0.08731978386640549,41.885475158691406,39627708879078570,B,25181.0,7.6822,-10.0
4152.800000000126,46.7182502746582,0.08467356115579605,41.24504852294922,39627708879078570,B,25181.0,7.6822,-10.0
4153.600000000126,42.92113494873047,0.0826578438282013,40.85915756225586,39627708879078570,B,25181.0,7.6822,-10.0
4154.400000000126,38.92582702636719,0.08486419171094894,40.661678314208984,39627708879078570,B,25181.0,7.6822,-10.0
4155.200000000126,42.78908920288086,0.08838288486003876,40.12155532836914,39627708879078570,B,25181.0,7.6822,-10.0
4156.000000000126,49.707069396972656,0.07886040955781937,39.616676330566406,39627708879078570,B,25181.0,7.6822,-10.0
4156.800000000127,46.48563003540039,0.0845317468047142,40.662010192871094,39627708879078570,B,25181.0,7.6822,-10.0
4157.600000000127,53.30238723754883,0.0783352255821228,41.55820083618164,39627708879078570,B,25181.0,7.6822,-10.0
4158.400000000127,42.35370635986328,0.08977247774600983,41.00260925292969,39627708879078570,B,25181.0,7.6822,-10.0
4159.200000000127,42.028743743896484,0.08271840959787369,41.636077880859375,39627708879078570,B,25181.0,7.6822,-10.0
4160.000000000127,44.982330322265625,0.0851219892501831,41.471466064453125,39627708879078570,B,25181.0,7.6822,-10.0
4160.8000000001275,47.50478744506836,0.07728109508752823,40.477962493896484,39627708879078570,B,25181.0,7.6822,-10.0
4161.600000000128,44.1084098815918,0.08420662581920624,41.69266128540039,39627708879078570,B,25181.0,7.6822,-10.0
4162.400000000128,49.087440490722656,0.08749298751354218,43.13153076171875,39627708879078570,B,25181.0,7.6822,-10.0
4163.200000000128,50.81730651855469,0.07352478057146072,42.407257080078125,39627708879078570,B,25181.0,7.6822,-10.0
4164.000000000128,47.42981719970703,0.07666177302598953,42.738494873046875,39627708879078570,B,25181.0,7.6822,-10.0
4164.800000000128,42.99551010131836,0.08877583593130112,42.54501724243164,39627708879078570,B,25181.0,7.6822,-10.0
4165.600000000129,42.6434211730957,0.08586148917675018,41.02593994140625,39627708879078570,B,25181.0,7.6822,-10.0
4166.400000000129,45.69944763183594,0.07356678694486618,40.02768325805664,39627708879078570,B,25181.0,7.6822,-10.0
4167.200000000129,41.52592468261719,0.08574637770652771,40.31471252441406,39627708879078570,B,25181.0,7.6822,-10.0
4168.000000000129,50.65958023071289,0.08095166832208633,40.605159759521484,39627708879078570,B,25181.0,7.6822,-10.0
4168.800000000129,44.91690444946289,0.08841223269701004,40.475502014160156,39627708879078570,B,25181.0,7.6822,-10.0
4169.6000000001295,48.971378326416016,0.0829126387834549,40.24246597290039,39627708879078570,B,25181.0,7.6822,-10.0
4170.40000000013,43.84407043457031,0.08104018121957779,40.11126708984375,39627708879078570,B,25181.0,7.6822,-10.0
4171.20000000013,47.36068344116211,0.08099431544542313,39.908714294433594,39627708879078570,B,25181.0,7.6822,-10.0
4172.00000000013,49.029083251953125,0.08418229967355728,38.902706146240234,39627708879078570,B,25181.0,7.6822,-10.0
4172.80000000013,44.73640823364258,0.07586008310317993,37.86874008178711,39627708879078570,B,25181.0,7.6822,-10.0
4173.60000000013,46.23198318481445,0.08456189185380936,37.73180389404297,39627708879078570,B,25181.0,7.6822,-10.0
4174.400000000131,50.9854850769043,0.07806309312582016,39.141136169433594,39627708879078570,B,25181.0,7.6822,-10.0
4175.200000000131,46.67559814453125,0.08685203641653061,39.38153839111328,39627708879078570,B,25181.0,7.6822,-10.0
4176.000000000131,53.76679992675781,0.08070403337478638,38.101524353027344,39627708879078570,B,25181.0,7.6822,-10.0
4176.800000000131,43.92568588256836,0.08531423658132553,38.384586334228516,39627708879078570,B,25181.0,7.6822,-10.0
4177.600000000131,50.38987731933594,0.08392621576786041,40.90977096557617,39627708879078570,B,25181.0,7.6822,-10.0
4178.4000000001315,43.015350341796875,0.08302001655101776,41.783267974853516,39627708879078570,B,25181.0,7.6822,-10.0
4179.200000000132,46.70316696166992,0.0890953317284584,41.646339416503906,39627708879078570,B,25181.0,7.6822,-10.0
4180.000000000132,55.5726432800293,0.07633417844772339,42.80012512207031,39627708879078570,B,25181.0,7.6822,-10.0
4180.800000000132,44.71546936035156,0.0853395089507103,43.72824478149414,39627708879078570,B,25181.0,7.6822,-10.0
4181.600000000132,48.69112777709961,0.0794888511300087,43.88994598388672,39627708879078570,B,25181.0,7.6822,-10.0
4182.400000000132,49.55913162231445,0.08368575572967529,42.180137634277344,39627708879078570,B,25181.0,7.6822,-10.0
4183.200000000133,52.86255645751953,0.0776083767414093,40.11981964111328,39627708879078570,B,25181.0,7.6822,-10.0
4184.000000000133,51.59001159667969,0.08221341669559479,40.01411056518555,39627708879078570,B,25181.0,7.6822,-10.0
4184.800000000133,50.102943420410156,0.08599775284528732,39.568145751953125,39627708879078570,B,25181.0,7.6822,-10.0
4185.600000000133,49.735435485839844,0.08193031698465347,38.55698776245117,39627708879078570,B,25181.0,7.6822,-10.0
4186.400000000133,46.83012008666992,0.08389195799827576,38.10456466674805,39627708879078570,B,25181.0,7.6822,-10.0
4187.2000000001335,48.5323371887207,0.08150502294301987,38.091670989990234,39627708879078570,B,25181.0,7.6822,-10.0
4188.000000000134,47.179988861083984,0.08340439200401306,37.19376754760742,39627708879078570,B,25181.0,7.6822,-10.0
4188.800000000134,50.72648239135742,0.09293767064809799,36.696590423583984,39627708879078570,B,25181.0,7.6822,-10.0
4189.600000000134,47.02045822143555,0.09051178395748138,37.227134704589844,39627708879078570,B,25181.0,7.6822,-10.0
4190.400000000134,46.126895904541016,0.08839207887649536,38.17694091796875,39627708879078570,B,25181.0,7.6822,-10.0
4191.200000000134,50.247562408447266,0.08522714674472809,39.03664016723633,39627708879078570,B,25181.0,7.6822,-10.0
4192.000000000135,41.78358840942383,0.08744868636131287,38.71223831176758,39627708879078570,B,25181.0,7.6822,-10.0
4192.800000000135,50.93856430053711,0.08318047225475311,38.32954025268555,39627708879078570,B,25181.0,7.6822,-10.0
4193.600000000135,48.234779357910156,0.09251093119382858,39.7381591796875,39627708879078570,B,25181.0,7.6822,-10.0
4194.400000000135,46.970787048339844,0.08478571474552155,40.97591018676758,39627708879078570,B,25181.0,7.6822,-10.0
4195.200000000135,50.57548522949219,0.07691533118486404,40.59735107421875,39627708879078570,B,25181.0,7.6822,-10.0
4196.0000000001355,52.118377685546875,0.0909673348069191,40.97684860229492,39627708879078570,B,25181.0,7.6822,-10.0
4196.800000000136,47.45350646972656,0.08986131846904755,42.12960433959961,39627708879078570,B,25181.0,7.6822,-10.0
4197.600000000136,49.56060028076172,0.0836293175816536,42.439701080322266,39627708879078570,B,25181.0,7.6822,-10.0
4198.400000000136,47.160301208496094,0.08869050443172455,40.13432693481445,39627708879078570,B,25181.0,7.6822,-10.0
4199.200000000136,46.90574645996094,0.09544336050748825,36.892791748046875,39627708879078570,B,25181.0,7.6822,-10.0
4200.000000000136,56.45014953613281,0.08107603341341019,35.209434509277344,39627708879078570,B,25181.0,7.6822,-10.0
4200.800000000137,46.63257598876953,0.08699989318847656,35.067264556884766,39627708879078570,B,25181.0,7.6822,-10.0
4201.600000000137,46.65199279785156,0.0864962711930275,36.19563293457031,39627708879078570,B,25181.0,7.6822,-10.0
4202.400000000137,46.826358795166016,0.08686841279268265,36.49037551879883,39627708879078570,B,25181.0,7.6822,-10.0
4203.200000000137,50.1100959777832,0.08607570081949234,36.29861068725586,39627708879078570,B,25181.0,7.6822,-10.0
4204.000000000137,47.61921310424805,0.09671084582805634,37.35711669921875,39627708879078570,B,25181.0,7.6822,-10.0
4204.8000000001375,52.188106536865234,0.0891980454325676,38.03706359863281,39627708879078570,B,25181.0,7.6822,-10.0
4205.600000000138,50.10371398925781,0.08144116401672363,38.03327560424805,39627708879078570,B,25181.0,7.6822,-10.0
4206.400000000138,47.14556884765625,0.09430854022502899,38.792884826660156,39627708879078570,B,25181.0,7.6822,-10.0
4207.200000000138,47.97336196899414,0.0908302292227745,37.94094467163086,39627708879078570,B,25181.0,7.6822,-10.0
4208.000000000138,51.17443084716797,0.08232364058494568,36.578609466552734,39627708879078570,B,25181.0,7.6822,-10.0
4208.800000000138,43.733612060546875,0.08880875259637833,36.60410690307617,39627708879078570,B,25181.0,7.6822,-10.0
4209.600000000139,46.869876861572266,0.08488854020833969,37.09486389160156,39627708879078570,B,25181.0,7.6822,-10.0
4210.400000000139,52.90699768066406,0.08675991743803024,38.16667938232422,39627708879078570,B,25181.0,7.6822,-10.0
4211.200000000139,53.04352569580078,0.08107886463403702,38.473331451416016,39627708879078570,B,25181.0,7.6822,-10.0
4212.000000000139,47.71498107910156,0.08906050771474838,38.24117660522461,39627708879078570,B,25181.0,7.6822,-10.0
4212.800000000139,44.18198776245117,0.0980469286441803,38.22832489013672,39627708879078570,B,25181.0,7.6822,-10.0
4213.6000000001395,43.58025360107422,0.09284039586782455,38.05005645751953,39627708879078570,B,25181.0,7.6822,-10.0
4214.40000000014,45.455177307128906,0.09076297283172607,38.71084976196289,39627708879078570,B,25181.0,7.6822,-10.0
4215.20000000014,47.85177993774414,0.09098299592733383,40.04233169555664,39627708879078570,B,25181.0,7.6822,-10.0
4216.00000000014,48.41769027709961,0.09058964997529984,40.91585159301758,39627708879078570,B,25181.0,7.6822,-10.0
4216.80000000014,46.5869255065918,0.08810184895992279,39.6376838684082,39627708879078570,B,25181.0,7.6822,-10.0
4217.60000000014,45.628604888916016,0.09305795282125473,37.05009460449219,39627708879078570,B,25181.0,7.6822,-10.0
4218.400000000141,40.45941162109375,0.10165927559137344,34.07095718383789,39627708879078570,B,25181.0,7.6822,-10.0
4219.200000000141,40.234291076660156,0.10587561130523682,31.869733810424805,39627708879078570,B,25181.0,7.6822,-10.0
4220.000000000141,44.13566207885742,0.10410208255052567,31.441091537475586,39627708879078570,B,25181.0,7.6822,-10.0
4220.800000000141,46.28845977783203,0.08510124683380127,31.743593215942383,39627708879078570,B,25181.0,7.6822,-10.0
4221.600000000141,46.465728759765625,0.089439257979393,31.067964553833008,39627708879078570,B,25181.0,7.6822,-10.0
4222.4000000001415,47.374488830566406,0.09532498568296432,29.81391716003418,39627708879078570,B,25181.0,7.6822,-10.0
4223.200000000142,41.723453521728516,0.08720724284648895,30.24221420288086,39627708879078570,B,25181.0,7.6822,-10.0
4224.000000000142,53.45237350463867,0.09145646542310715,31.430374145507812,39627708879078570,B,25181.0,7.6822,-10.0
4224.800000000142,42.074562072753906,0.09782727062702179,32.384090423583984,39627708879078570,B,25181.0,7.6822,-10.0
4225.600000000142,50.8509521484375,0.09207833558320999,33.087493896484375,39627708879078570,B,25181.0,7.6822,-10.0
4226.400000000142,48.47724533081055,0.09840761125087738,33.287322998046875,39627708879078570,B,25181.0,7.6822,-10.0
4227.200000000143,47.157039642333984,0.10171230882406235,32.9731330871582,39627708879078570,B,25181.0,7.6822,-10.0
4228.000000000143,41.42924880981445,0.09795504808425903,30.856380462646484,39627708879078570,B,25181.0,7.6822,-10.0
4228.800000000143,44.112815856933594,0.06311323493719101,26.808177947998047,39627708879078570,B,25181.0,7.6822,-10.0
4229.600000000143,0.0,0.0,14.830096244812012,39627708879078570,B,25181.0,7.6822,-10.0
4230.400000000143,0.0,0.0,4.070920467376709,39627708879078570,B,25181.0,7.6822,-10.0
4231.2000000001435,0.0,0.0,1.561915397644043,39627708879078570,B,25181.0,7.6822,-10.0
4232.000000000144,0.0,0.0,2.1910629272460938,39627708879078570,B,25181.0,7.6822,-10.0
4232.800000000144,0.0,0.0,10.837950706481934,39627708879078570,B,25181.0,7.6822,-10.0
4233.600000000144,48.61845779418945,0.04924364015460014,26.707984924316406,39627708879078570,B,25181.0,7.6822,-10.0
4234.400000000144,44.55105972290039,0.07800498604774475,33.76844024658203,39627708879078570,B,25181.0,7.6822,-10.0
4235.200000000144,40.93735122680664,0.09718843549489975,33.66242980957031,39627708879078570,B,25181.0,7.6822,-10.0
4236.000000000145,44.2083740234375,0.09659085422754288,33.52195358276367,39627708879078570,B,25181.0,7.6822,-10.0
4236.800000000145,43.14597702026367,0.10029873251914978,34.57396697998047,39627708879078570,B,25181.0,7.6822,-10.0
4237.600000000145,49.45701217651367,0.09859619289636612,34.66954040527344,39627708879078570,B,25181.0,7.6822,-10.0
4238.400000000145,40.158103942871094,0.10351607203483582,34.62580490112305,39627708879078570,B,25181.0,7.6822,-10.0
4239.200000000145,44.66392135620117,0.10307981818914413,35.053165435791016,39627708879078570,B,25181.0,7.6822,-10.0
4240.0000000001455,44.951908111572266,0.10481660813093185,35.777183532714844,39627708879078570,B,25181.0,7.6822,-10.0
4240.800000000146,41.5514030456543,0.10906518250703812,36.110939025878906,39627708879078570,B,25181.0,7.6822,-10.0
4241.600000000146,47.434471130371094,0.09736952185630798,35.890621185302734,39627708879078570,B,25181.0,7.6822,-10.0
4242.400000000146,46.943172454833984,0.0997922420501709,35.5069465637207,39627708879078570,B,25181.0,7.6822,-10.0
4243.200000000146,43.755741119384766,0.09726140648126602,35.63666534423828,39627708879078570,B,25181.0,7.6822,-10.0
4244.000000000146,51.6734504699707,0.09391169995069504,36.53397750854492,39627708879078570,B,25181.0,7.6822,-10.0
4244.800000000147,47.918418884277344,0.10200829058885574,36.79572296142578,39627708879078570,B,25181.0,7.6822,-10.0
4245.600000000147,42.65628433227539,0.10163957625627518,36.971778869628906,39627708879078570,B,25181.0,7.6822,-10.0
4246.400000000147,44.835716247558594,0.10526327043771744,38.04819869995117,39627708879078570,B,25181.0,7.6822,-10.0
4247.200000000147,47.96614456176758,0.09446360915899277,38.49846267700195,39627708879078570,B,25181.0,7.6822,-10.0
4248.000000000147,50.877567291259766,0.09927870333194733,37.91004943847656,39627708879078570,B,25181.0,7.6822,-10.0
4248.8000000001475,46.90045166015625,0.09290667623281479,37.488433837890625,39627708879078570,B,25181.0,7.6822,-10.0
4249.600000000148,47.18766784667969,0.09772297739982605,37.634742736816406,39627708879078570,B,25181.0,7.6822,-10.0
4250.400000000148,46.08249282836914,0.09963666647672653,36.89619445800781,39627708879078570,B,25181.0,7.6822,-10.0
4251.200000000148,49.61529541015625,0.09365231543779373,35.185569763183594,39627708879078570,B,25181.0,7.6822,-10.0
4252.000000000148,45.94709396362305,0.09889721870422363,33.83308410644531,39627708879078570,B,25181.0,7.6822,-10.0
4252.800000000148,46.911312103271484,0.09401340782642365,33.20322799682617,39627708879078570,B,25181.0,7.6822,-10.0
4253.600000000149,42.83780288696289,0.09308186173439026,32.56112289428711,39627708879078570,B,25181.0,7.6822,-10.0
4254.400000000149,46.01374816894531,0.10046736150979996,32.01045227050781,39627708879078570,B,25181.0,7.6822,-10.0
4255.200000000149,50.335121154785156,0.09332255274057388,31.893571853637695,39627708879078570,B,25181.0,7.6822,-10.0
4256.000000000149,43.522701263427734,0.10170261561870575,32.42772674560547,39627708879078570,B,25181.0,7.6822,-10.0
4256.800000000149,46.15093231201172,0.10405468940734863,33.87405776977539,39627708879078570,B,25181.0,7.6822,-10.0
4257.6000000001495,43.47074890136719,0.09918570518493652,34.88259506225586,39627708879078570,B,25181.0,7.6822,-10.0
4258.40000000015,44.767173767089844,0.09898943454027176,35.072509765625,39627708879078570,B,25181.0,7.6822,-10.0
4259.20000000015,45.92375946044922,0.1012992411851883,36.76996612548828,39627708879078570,B,25181.0,7.6822,-10.0
4260.00000000015,49.15348815917969,0.09869124740362167,37.67971420288086,39627708879078570,B,25181.0,7.6822,-10.0
4260.80000000015,44.5430908203125,0.10988907516002655,36.574241638183594,39627708879078570,B,25181.0,7.6822,-10.0
4261.60000000015,37.47636032104492,0.11289580911397934,35.70993423461914,39627708879078570,B,25181.0,7.6822,-10.0
4262.400000000151,46.00800704956055,0.09530188143253326,35.78519058227539,39627708879078570,B,25181.0,7.6822,-10.0
4263.200000000151,42.262229919433594,0.1034584790468216,35.82529067993164,39627708879078570,B,25181.0,7.6822,-10.0
4264.000000000151,49.10142517089844,0.1056315153837204,35.48798370361328,39627708879078570,B,25181.0,7.6822,-10.0
4264.800000000151,42.5460090637207,0.10678240656852722,37.60576629638672,39627708879078570,B,25181.0,7.6822,-10.0
4265.600000000151,44.4374885559082,0.10682454705238342,39.088802337646484,39627708879078570,B,25181.0,7.6822,-10.0
4266.4000000001515,46.62336730957031,0.09487704932689667,38.56412124633789,39627708879078570,B,25181.0,7.6822,-10.0
4267.200000000152,42.52653121948242,0.10252294689416885,37.464378356933594,39627708879078570,B,25181.0,7.6822,-10.0
4268.000000000152,42.27354049682617,0.09974978119134903,37.468605041503906,39627708879078570,B,25181.0,7.6822,-10.0
4268.800000000152,41.957515716552734,0.11148352175951004,37.34528350830078,39627708879078570,B,25181.0,7.6822,-10.0
4269.600000000152,44.503944396972656,0.10389907658100128,36.64870071411133,39627708879078570,B,25181.0,7.6822,-10.0
4270.400000000152,41.81001663208008,0.10095944255590439,36.882179260253906,39627708879078570,B,25181.0,7.6822,-10.0
4271.200000000153,43.96696472167969,0.11683204025030136,37.06330871582031,39627708879078570,B,25181.0,7.6822,-10.0
4272.000000000153,45.52921676635742,0.11510860919952393,35.881324768066406,39627708879078570,B,25181.0,7.6822,-10.0
4272.800000000153,50.20821762084961,0.09513083100318909,34.70949935913086,39627708879078570,B,25181.0,7.6822,-10.0
4273.600000000153,42.35691452026367,0.1136292889714241,34.87017822265625,39627708879078570,B,25181.0,7.6822,-10.0
4274.400000000153,43.838462829589844,0.1131642609834671,34.54534912109375,39627708879078570,B,25181.0,7.6822,-10.0
4275.2000000001535,47.43115997314453,0.1222950890660286,33.49267578125,39627708879078570,B,25181.0,7.6822,-10.0
4276.000000000154,37.9107551574707,0.11828460544347763,33.04086685180664,39627708879078570,B,25181.0,7.6822,-10.0
4276.800000000154,43.37131118774414,0.11404501646757126,33.660709381103516,39627708879078570,B,25181.0,7.6822,-10.0
4277.600000000154,39.149269104003906,0.11370179057121277,34.445831298828125,39627708879078570,B,25181.0,7.6822,-10.0
4278.400000000154,45.30550003051758,0.10713916271924973,35.6077880859375,39627708879078570,B,25181.0,7.6822,-10.0
4279.200000000154,43.41793441772461,0.11083835363388062,35.77232360839844,39627708879078570,B,25181.0,7.6822,-10.0
4280.000000000155,42.67983627319336,0.11289434134960175,35.78972244262695,39627708879078570,B,25181.0,7.6822,-10.0
4280.800000000155,45.32050704956055,0.10869351029396057,37.181541442871094,39627708879078570,B,25181.0,7.6822,-10.0
4281.600000000155,38.49938201904297,0.10805808007717133,38.40178680419922,39627708879078570,B,25181.0,7.6822,-10.0
4282.400000000155,33.849647521972656,0.10507377982139587,37.295928955078125,39627708879078570,B,25181.0,7.6822,-10.0
4283.200000000155,41.57790756225586,0.11495015770196915,35.3498420715332,39627708879078570,B,25181.0,7.6822,-10.0
4284.0000000001555,43.64021301269531,0.1046534925699234,34.773094177246094,39627708879078570,B,25181.0,7.6822,-10.0
4284.800000000156,42.79985046386719,0.10109692811965942,36.10361099243164,39627708879078570,B,25181.0,7.6822,-10.0
4285.600000000156,40.694095611572266,0.10971992462873459,38.34537887573242,39627708879078570,B,25181.0,7.6822,-10.0
4286.400000000156,40.99546432495117,0.1109161302447319,38.2765007019043,39627708879078570,B,25181.0,7.6822,-10.0
4287.200000000156,41.27981185913086,0.11794094741344452,37.376102447509766,39627708879078570,B,25181.0,7.6822,-10.0
4288.000000000156,43.4226188659668,0.10701512545347214,36.347469329833984,39627708879078570,B,25181.0,7.6822,-10.0
4288.800000000157,37.91751480102539,0.12360010296106339,35.00266647338867,39627708879078570,B,25181.0,7.6822,-10.0
4289.600000000157,40.919368743896484,0.11491680890321732,34.31718444824219,39627708879078570,B,25181.0,7.6822,-10.0
4290.400000000157,38.76271057128906,0.11222656071186066,33.84859848022461,39627708879078570,B,25181.0,7.6822,-10.0
4291.200000000157,39.33641815185547,0.11776788532733917,33.730491638183594,39627708879078570,B,25181.0,7.6822,-10.0
4292.000000000157,42.31877899169922,0.10819058865308762,33.934452056884766,39627708879078570,B,25181.0,7.6822,-10.0
4292.8000000001575,46.10350799560547,0.10643435269594193,35.00078201293945,39627708879078570,B,25181.0,7.6822,-10.0
4293.600000000158,45.84725570678711,0.11376287043094635,35.97391128540039,39627708879078570,B,25181.0,7.6822,-10.0
4294.400000000158,35.22184753417969,0.11271020770072937,35.4755859375,39627708879078570,B,25181.0,7.6822,-10.0
4295.200000000158,32.945003509521484,0.10898181051015854,35.911197662353516,39627708879078570,B,25181.0,7.6822,-10.0
4296.000000000158,34.085418701171875,0.11493416130542755,37.26856231689453,39627708879078570,B,25181.0,7.6822,-10.0
4296.800000000158,36.90082931518555,0.10920273512601852,38.01643371582031,39627708879078570,B,25181.0,7.6822,-10.0
4297.600000000159,39.4336051940918,0.10040327906608582,38.61810302734375,39627708879078570,B,25181.0,7.6822,-10.0
4298.400000000159,40.10230255126953,0.1019502580165863,38.79655075073242,39627708879078570,B,25181.0,7.6822,-10.0
4299.200000000159,33.44199752807617,0.11012543737888336,37.751529693603516,39627708879078570,B,25181.0,7.6822,-10.0
4300.000000000159,35.99856948852539,0.11876924335956573,36.118961334228516,39627708879078570,B,25181.0,7.6822,-10.0
4300.800000000159,38.373382568359375,0.11659637838602066,35.82212448120117,39627708879078570,B,25181.0,7.6822,-10.0
4301.6000000001595,38.145877838134766,0.10726151615381241,35.91484069824219,39627708879078570,B,25181.0,7.6822,-10.0
4302.40000000016,37.041629791259766,0.1047256663441658,35.52119445800781,39627708879078570,B,25181.0,7.6822,-10.0
4303.20000000016,37.54299545288086,0.10823606699705124,35.437007904052734,39627708879078570,B,25181.0,7.6822,-10.0
4304.00000000016,45.770172119140625,0.09311641752719879,36.00697708129883,39627708879078570,B,25181.0,7.6822,-10.0
4304.80000000016,37.83998489379883,0.09501343965530396,37.532203674316406,39627708879078570,B,25181.0,7.6822,-10.0
4305.60000000016,33.50780487060547,0.09692050516605377,37.955047607421875,39627708879078570,B,25181.0,7.6822,-10.0
4306.400000000161,43.908042907714844,0.07970696687698364,37.592254638671875,39627708879078570,B,25181.0,7.6822,-10.0
4307.200000000161,34.959712982177734,0.07195916026830673,36.38523483276367,39627708879078570,B,25181.0,7.6822,-10.0
4308.000000000161,39.819664001464844,0.06807064265012741,35.29201126098633,39627708879078570,B,25181.0,7.6822,-10.0
4308.800000000161,34.48526382446289,0.05815189331769943,34.05558776855469,39627708879078570,B,25181.0,7.6822,-10.0
4309.600000000161,41.66875457763672,0.0596851222217083,34.154380798339844,39627708879078570,B,25181.0,7.6822,-10.0
4310.4000000001615,41.9194450378418,0.050181642174720764,35.74801254272461,39627708879078570,B,25181.0,7.6822,-10.0
4311.200000000162,29.776819229125977,0.040632300078868866,37.62273406982422,39627708879078570,B,25181.0,7.6822,-10.0
4312.000000000162,39.73506164550781,0.03484664112329483,39.20984649658203,39627708879078570,B,25181.0,7.6822,-10.0
4312.800000000162,37.26789093017578,0.03150888904929161,39.74748229980469,39627708879078570,B,25181.0,7.6822,-10.0
4313.600000000162,30.123294830322266,0.028048621490597725,39.268760681152344,39627708879078570,B,25181.0,7.6822,-10.0
4314.400000000162,41.45673751831055,0.01951172761619091,39.15910339355469,39627708879078570,B,25181.0,7.6822,-10.0
4315.200000000163,31.59238624572754,0.021467946469783783,39.71223831176758,39627708879078570,B,25181.0,7.6822,-10.0
4316.000000000163,37.9996337890625,0.01582496240735054,39.25023651123047,39627708879078570,B,25181.0,7.6822,-10.0
4316.800000000163,26.61085319519043,0.01717195473611355,38.916385650634766,39627708879078570,B,25181.0,7.6822,-10.0
4317.600000000163,32.11979675292969,0.01775205135345459,39.56245422363281,39627708879078570,B,25181.0,7.6822,-10.0
4318.400000000163,41.853271484375,0.017977148294448853,39.469459533691406,39627708879078570,B,25181.0,7.6822,-10.0
4319.2000000001635,35.7836799621582,0.01605858840048313,36.389495849609375,39627708879078570,B,25181.0,7.6822,-10.0
4320.000000000164,12.676387786865234,0.019525693729519844,34.7189826965332,39627708879078570,B,25181.0,7.6822,-10.0
4320.800000000164,32.62541961669922,0.022813431918621063,36.99452209472656,39627708879078570,B,25181.0,7.6822,-10.0
4321.600000000164,26.447145462036133,0.030019573867321014,39.222007751464844,39627708879078570,B,25181.0,7.6822,-10.0
4322.400000000164,33.82810592651367,0.030069801956415176,38.97388458251953,39627708879078570,B,25181.0,7.6822,-10.0
4323.200000000164,33.7768669128418,0.036856282502412796,38.525962829589844,39627708879078570,B,25181.0,7.6822,-10.0
4324.000000000165,28.142606735229492,0.04863886907696724,39.05541229248047,39627708879078570,B,25181.0,7.6822,-10.0
4324.800000000165,28.60416030883789,0.056591931730508804,39.05522537231445,39627708879078570,B,25181.0,7.6822,-10.0
4325.600000000165,27.967174530029297,0.06353393197059631,38.10930252075195,39627708879078570,B,25181.0,7.6822,-10.0
4326.400000000165,30.093299865722656,0.06760935485363007,36.77606964111328,39627708879078570,B,25181.0,7.6822,-10.0
4327.200000000165,21.455928802490234,0.07165564596652985,35.74177932739258,39627708879078570,B,25181.0,7.6822,-10.0
4328.0000000001655,35.275779724121094,0.07251881062984467,36.42364501953125,39627708879078570,B,25181.0,7.6822,-10.0
4328.800000000166,26.49808120727539,0.07205097377300262,37.17649459838867,39627708879078570,B,25181.0,7.6822,-10.0
4329.600000000166,25.679502487182617,0.07970011979341507,38.064781188964844,39627708879078570,B,25181.0,7.6822,-10.0
4330.400000000166,29.980451583862305,0.0804532989859581,39.603477478027344,39627708879078570,B,25181.0,7.6822,-10.0
4331.200000000166,30.603763580322266,0.08604836463928223,40.68251419067383,39627708879078570,B,25181.0,7.6822,-10.0
4332.000000000166,26.504013061523438,0.08326234668493271,41.72407913208008,39627708879078570,B,25181.0,7.6822,-10.0
4332.800000000167,20.204626083374023,0.09999723732471466,41.82688522338867,39627708879078570,B,25181.0,7.6822,-10.0
4333.600000000167,21.685190200805664,0.09545827656984329,41.43678665161133,39627708879078570,B,25181.0,7.6822,-10.0
4334.400000000167,24.954965591430664,0.0889839455485344,41.52288055419922,39627708879078570,B,25181.0,7.6822,-10.0
4335.200000000167,23.331493377685547,0.09853622317314148,41.214515686035156,39627708879078570,B,25181.0,7.6822,-10.0
4336.000000000167,29.685380935668945,0.10088580846786499,41.290496826171875,39627708879078570,B,25181.0,7.6822,-10.0
4336.8000000001675,19.436872482299805,0.10921031981706619,41.82722091674805,39627708879078570,B,25181.0,7.6822,-10.0
4337.600000000168,20.336267471313477,0.10463813692331314,40.59807586669922,39627708879078570,B,25181.0,7.6822,-10.0
4338.400000000168,21.69719696044922,0.12273439019918442,38.64004898071289,39627708879078570,B,25181.0,7.6822,-10.0
4339.200000000168,18.25615119934082,0.11349201947450638,38.12547302246094,39627708879078570,B,25181.0,7.6822,-10.0
4340.000000000168,22.72645378112793,0.11316806077957153,36.6469841003418,39627708879078570,B,25181.0,7.6822,-10.0
4340.800000000168,22.010135650634766,0.12414182722568512,31.78331756591797,39627708879078570,B,25181.0,7.6822,-10.0
4341.600000000169,21.613271713256836,0.12096744775772095,28.58783531188965,39627708879078570,B,25181.0,7.6822,-10.0
4342.400000000169,15.987015724182129,0.11993564665317535,32.735801696777344,39627708879078570,B,25181.0,7.6822,-10.0
4343.200000000169,22.165761947631836,0.11843544244766235,38.36001968383789,39627708879078570,B,25181.0,7.6822,-10.0
4344.000000000169,24.44672966003418,0.1252415031194687,39.69953155517578,39627708879078570,B,25181.0,7.6822,-10.0
4344.800000000169,22.145145416259766,0.1179056167602539,38.590091705322266,39627708879078570,B,25181.0,7.6822,-10.0
4345.6000000001695,13.775754928588867,0.13982677459716797,37.53535842895508,39627708879078570,B,25181.0,7.6822,-10.0
4346.40000000017,25.3398380279541,0.1241900622844696,38.17791748046875,39627708879078570,B,25181.0,7.6822,-10.0
4347.20000000017,20.908702850341797,0.1355893760919571,39.96613693237305,39627708879078570,B,25181.0,7.6822,-10.0
4348.00000000017,27.87222671508789,0.13925786316394806,40.91352844238281,39627708879078570,B,25181.0,7.6822,-10.0
4348.80000000017,16.662158966064453,0.13110825419425964,41.15629196166992,39627708879078570,B,25181.0,7.6822,-10.0
4349.60000000017,22.75261878967285,0.13036879897117615,41.83900833129883,39627708879078570,B,25181.0,7.6822,-10.0
4350.400000000171,27.016618728637695,0.12905362248420715,42.495906829833984,39627708879078570,B,25181.0,7.6822,-10.0
4351.200000000171,27.94106674194336,0.12538331747055054,42.58427429199219,39627708879078570,B,25181.0,7.6822,-10.0
4352.000000000171,26.38907241821289,0.12823864817619324,40.95185470581055,39627708879078570,B,25181.0,7.6822,-10.0
4352.800000000171,27.368011474609375,0.111074298620224,38.98998260498047,39627708879078570,B,25181.0,7.6822,-10.0
4353.600000000171,22.462251663208008,0.1232309564948082,38.35162353515625,39627708879078570,B,25181.0,7.6822,-10.0
4354.4000000001715,26.614599227905273,0.13036243617534637,38.81507110595703,39627708879078570,B,25181.0,7.6822,-10.0
4355.200000000172,25.9371280670166,0.1375538557767868,39.58174133300781,39627708879078570,B,25181.0,7.6822,-10.0
4356.000000000172,27.01068115234375,0.11549486964941025,40.00601577758789,39627708879078570,B,25181.0,7.6822,-10.0
4356.800000000172,27.31640625,0.12610219419002533,39.63612365722656,39627708879078570,B,25181.0,7.6822,-10.0
4357.600000000172,27.4512939453125,0.13059939444065094,39.71952819824219,39627708879078570,B,25181.0,7.6822,-10.0
4358.400000000172,27.29437828063965,0.11703328043222427,39.6131591796875,39627708879078570,B,25181.0,7.6822,-10.0
4359.200000000173,26.56641960144043,0.11845290660858154,40.28219985961914,39627708879078570,B,25181.0,7.6822,-10.0
4360.000000000173,30.484283447265625,0.100972019135952,40.73394012451172,39627708879078570,B,25181.0,7.6822,-10.0
4360.800000000173,39.81744384765625,0.11609897017478943,40.123512268066406,39627708879078570,B,25181.0,7.6822,-10.0
4361.600000000173,24.408653259277344,0.11014611274003983,39.555484771728516,39627708879078570,B,25181.0,7.6822,-10.0
4362.400000000173,28.63579750061035,0.12205225229263306,39.43585205078125,39627708879078570,B,25181.0,7.6822,-10.0
4363.2000000001735,28.023574829101562,0.12393978983163834,40.204978942871094,39627708879078570,B,25181.0,7.6822,-10.0
4364.000000000174,33.96441650390625,0.11591467261314392,40.92852783203125,39627708879078570,B,25181.0,7.6822,-10.0
4364.800000000174,28.908809661865234,0.13834422826766968,41.22665023803711,39627708879078570,B,25181.0,7.6822,-10.0
4365.600000000174,32.36981964111328,0.11754860728979111,41.218345642089844,39627708879078570,B,25181.0,7.6822,-10.0
4366.400000000174,32.5210075378418,0.12763749063014984,40.46617889404297,39627708879078570,B,25181.0,7.6822,-10.0
4367.200000000174,32.81810760498047,0.12273701280355453,39.74872970581055,39627708879078570,B,25181.0,7.6822,-10.0
4368.000000000175,39.09171676635742,0.11960745602846146,40.49247360229492,39627708879078570,B,25181.0,7.6822,-10.0
4368.800000000175,32.31092834472656,0.13527098298072815,41.03780746459961,39627708879078570,B,25181.0,7.6822,-10.0
4369.600000000175,31.158315658569336,0.12492281198501587,40.78389358520508,39627708879078570,B,25181.0,7.6822,-10.0
4370.400000000175,30.771100997924805,0.12917006015777588,40.73704528808594,39627708879078570,B,25181.0,7.6822,-10.0
4371.200000000175,30.6458683013916,0.1189136728644371,40.601539611816406,39627708879078570,B,25181.0,7.6822,-10.0
4372.0000000001755,35.81696701049805,0.13076455891132355,39.67948913574219,39627708879078570,B,25181.0,7.6822,-10.0
4372.800000000176,33.090614318847656,0.1323832869529724,39.25819778442383,39627708879078570,B,25181.0,7.6822,-10.0
4373.600000000176,37.8369140625,0.1184198260307312,40.089805603027344,39627708879078570,B,25181.0,7.6822,-10.0
4374.400000000176,32.39852523803711,0.12459572404623032,40.33847427368164,39627708879078570,B,25181.0,7.6822,-10.0
4375.200000000176,36.809696197509766,0.12859077751636505,40.42458724975586,39627708879078570,B,25181.0,7.6822,-10.0
4376.000000000176,36.0417594909668,0.1289207935333252,40.025978088378906,39627708879078570,B,25181.0,7.6822,-10.0
4376.800000000177,35.030364990234375,0.1285526603460312,37.74498748779297,39627708879078570,B,25181.0,7.6822,-10.0
4377.600000000177,33.885807037353516,0.11874214559793472,36.13613510131836,39627708879078570,B,25181.0,7.6822,-10.0
4378.400000000177,42.331871032714844,0.11690109223127365,37.194297790527344,39627708879078570,B,25181.0,7.6822,-10.0
4379.200000000177,33.415000915527344,0.1306849718093872,37.83060073852539,39627708879078570,B,25181.0,7.6822,-10.0
4380.000000000177,38.26545715332031,0.11859212815761566,36.79859924316406,39627708879078570,B,25181.0,7.6822,-10.0
4380.8000000001775,38.65414810180664,0.1098923310637474,36.37345886230469,39627708879078570,B,25181.0,7.6822,-10.0
4381.600000000178,39.62770080566406,0.11930538713932037,36.90282440185547,39627708879078570,B,25181.0,7.6822,-10.0
4382.400000000178,37.17427444458008,0.12692523002624512,36.86026382446289,39627708879078570,B,25181.0,7.6822,-10.0
4383.200000000178,33.84942626953125,0.13447298109531403,36.80284881591797,39627708879078570,B,25181.0,7.6822,-10.0
4384.000000000178,38.107540130615234,0.12858887016773224,36.34763717651367,39627708879078570,B,25181.0,7.6822,-10.0
4384.800000000178,33.20067596435547,0.1410803496837616,35.96309280395508,39627708879078570,B,25181.0,7.6822,-10.0
4385.600000000179,36.841163635253906,0.1438247114419937,37.524688720703125,39627708879078570,B,25181.0,7.6822,-10.0
4386.400000000179,34.75168228149414,0.12038926780223846,38.611454010009766,39627708879078570,B,25181.0,7.6822,-10.0
4387.200000000179,35.77262878417969,0.13698223233222961,38.83281707763672,39627708879078570,B,25181.0,7.6822,-10.0
4388.000000000179,37.50487518310547,0.1282385140657425,39.45197296142578,39627708879078570,B,25181.0,7.6822,-10.0
4388.800000000179,40.73725509643555,0.11517619341611862,39.058780670166016,39627708879078570,B,25181.0,7.6822,-10.0
4389.6000000001795,36.46392822265625,0.12548190355300903,38.042667388916016,39627708879078570,B,25181.0,7.6822,-10.0
4390.40000000018,36.3677978515625,0.1368890255689621,38.02484130859375,39627708879078570,B,25181.0,7.6822,-10.0
4391.20000000018,34.37114334106445,0.1481577754020691,39.72434997558594,39627708879078570,B,25181.0,7.6822,-10.0
4392.00000000018,36.56446838378906,0.12283409386873245,41.31349563598633,39627708879078570,B,25181.0,7.6822,-10.0
4392.80000000018,37.079429626464844,0.12376026809215546,40.85723876953125,39627708879078570,B,25181.0,7.6822,-10.0
4393.60000000018,42.46141052246094,0.11519767343997955,39.94879150390625,39627708879078570,B,25181.0,7.6822,-10.0
4394.400000000181,37.33391571044922,0.1315181702375412,39.88907241821289,39627708879078570,B,25181.0,7.6822,-10.0
4395.200000000181,39.95437240600586,0.12209562212228775,39.57445526123047,39627708879078570,B,25181.0,7.6822,-10.0
4396.000000000181,39.97380065917969,0.1257007122039795,38.713069915771484,39627708879078570,B,25181.0,7.6822,-10.0
4396.800000000181,41.30281066894531,0.13132235407829285,38.61812210083008,39627708879078570,B,25181.0,7.6822,-10.0
4397.600000000181,38.4481086730957,0.12930507957935333,39.46654510498047,39627708879078570,B,25181.0,7.6822,-10.0
4398.4000000001815,36.913143157958984,0.12104250490665436,40.01980209350586,39627708879078570,B,25181.0,7.6822,-10.0
4399.200000000182,39.63444137573242,0.1251816600561142,40.28289031982422,39627708879078570,B,25181.0,7.6822,-10.0
4400.000000000182,38.44247055053711,0.12900875508785248,40.84151840209961,39627708879078570,B,25181.0,7.6822,-10.0
4400.800000000182,35.10049057006836,0.12123317271471024,40.779415130615234,39627708879078570,B,25181.0,7.6822,-10.0
4401.600000000182,37.799339294433594,0.1331588327884674,39.81218719482422,39627708879078570,B,25181.0,7.6822,-10.0
4402.400000000182,45.95538330078125,0.12167833745479584,38.816619873046875,39627708879078570,B,25181.0,7.6822,-10.0
4403.200000000183,38.25685501098633,0.11502834409475327,37.48052215576172,39627708879078570,B,25181.0,7.6822,-10.0
4404.000000000183,39.994407653808594,0.12883280217647552,36.898502349853516,39627708879078570,B,25181.0,7.6822,-10.0
4404.800000000183,43.367332458496094,0.12099411338567734,36.73883819580078,39627708879078570,B,25181.0,7.6822,-10.0
4405.600000000183,45.361759185791016,0.11394006758928299,36.29866027832031,39627708879078570,B,25181.0,7.6822,-10.0
4406.400000000183,42.574405670166016,0.1419305056333542,35.81078338623047,39627708879078570,B,25181.0,7.6822,-10.0
4407.2000000001835,41.99507522583008,0.12119019031524658,36.03563690185547,39627708879078570,B,25181.0,7.6822,-10.0
4408.000000000184,45.569679260253906,0.11533498018980026,36.631568908691406,39627708879078570,B,25181.0,7.6822,-10.0
4408.800000000184,42.38679885864258,0.13173790276050568,36.61651611328125,39627708879078570,B,25181.0,7.6822,-10.0
4409.600000000184,40.37398147583008,0.12412697821855545,37.16715621948242,39627708879078570,B,25181.0,7.6822,-10.0
4410.400000000184,38.9674186706543,0.12389469891786575,39.24516296386719,39627708879078570,B,25181.0,7.6822,-10.0
4411.200000000184,39.9544563293457,0.13049481809139252,40.2518424987793,39627708879078570,B,25181.0,7.6822,-10.0
4412.000000000185,45.58113479614258,0.12247923761606216,40.3393440246582,39627708879078570,B,25181.0,7.6822,-10.0
4412.800000000185,40.248531341552734,0.12880760431289673,40.33217239379883,39627708879078570,B,25181.0,7.6822,-10.0
4413.600000000185,44.63895034790039,0.1238929033279419,40.184295654296875,39627708879078570,B,25181.0,7.6822,-10.0
4414.400000000185,39.501319885253906,0.11925404518842697,39.59886932373047,39627708879078570,B,25181.0,7.6822,-10.0
4415.200000000185,38.13649368286133,0.13948220014572144,39.19880676269531,39627708879078570,B,25181.0,7.6822,-10.0
4416.0000000001855,35.36860275268555,0.12671701610088348,38.2306022644043,39627708879078570,B,25181.0,7.6822,-10.0
4416.800000000186,40.86649703979492,0.13025851547718048,37.440574645996094,39627708879078570,B,25181.0,7.6822,-10.0
4417.600000000186,43.27702331542969,0.12714312970638275,38.158119201660156,39627708879078570,B,25181.0,7.6822,-10.0
4418.400000000186,40.836631774902344,0.1298382431268692,39.97331619262695,39627708879078570,B,25181.0,7.6822,-10.0
4419.200000000186,45.4276237487793,0.13066723942756653,41.09503173828125,39627708879078570,B,25181.0,7.6822,-10.0
4420.000000000186,44.11599349975586,0.111253522336483,41.64259719848633,39627708879078570,B,25181.0,7.6822,-10.0
4420.800000000187,44.0308723449707,0.11790875345468521,40.97621536254883,39627708879078570,B,25181.0,7.6822,-10.0
4421.600000000187,43.26231384277344,0.12483441829681396,40.266029357910156,39627708879078570,B,25181.0,7.6822,-10.0
4422.400000000187,44.657676696777344,0.1289086639881134,39.774497985839844,39627708879078570,B,25181.0,7.6822,-10.0
4423.200000000187,45.296756744384766,0.1149648129940033,39.27346420288086,39627708879078570,B,25181.0,7.6822,-10.0
4424.000000000187,42.41377639770508,0.11209846287965775,39.40277099609375,39627708879078570,B,25181.0,7.6822,-10.0
4424.8000000001875,39.6752815246582,0.14059995114803314,39.53728485107422,39627708879078570,B,25181.0,7.6822,-10.0
4425.600000000188,41.0709228515625,0.12953802943229675,37.410682678222656,39627708879078570,B,25181.0,7.6822,-10.0
4426.400000000188,41.92045211791992,0.12603892385959625,34.492435455322266,39627708879078570,B,25181.0,7.6822,-10.0
4427.200000000188,45.107051849365234,0.11564955860376358,34.06483459472656,39627708879078570,B,25181.0,7.6822,-10.0
4428.000000000188,43.29356002807617,0.12637855112552643,34.28551483154297,39627708879078570,B,25181.0,7.6822,-10.0
4428.800000000188,40.049774169921875,0.11909092962741852,35.08847427368164,39627708879078570,B,25181.0,7.6822,-10.0
4429.600000000189,36.85966873168945,0.13459621369838715,37.15111541748047,39627708879078570,B,25181.0,7.6822,-10.0
4430.400000000189,39.163944244384766,0.13052049279212952,39.118446350097656,39627708879078570,B,25181.0,7.6822,-10.0
4431.200000000189,41.507530212402344,0.11964429169893265,39.922767639160156,39627708879078570,B,25181.0,7.6822,-10.0
4432.000000000189,46.42112350463867,0.11928994208574295,39.62446212768555,39627708879078570,B,25181.0,7.6822,-10.0
4432.800000000189,40.310691833496094,0.11478126794099808,39.35321807861328,39627708879078570,B,25181.0,7.6822,-10.0
4433.6000000001895,45.6495361328125,0.13018259406089783,38.86690902709961,39627708879078570,B,25181.0,7.6822,-10.0
4434.40000000019,49.272743225097656,0.1146165058016777,37.71244430541992,39627708879078570,B,25181.0,7.6822,-10.0
4435.20000000019,44.115745544433594,0.12657108902931213,35.353904724121094,39627708879078570,B,25181.0,7.6822,-10.0
4436.00000000019,35.234718322753906,0.13667631149291992,32.85432815551758,39627708879078570,B,25181.0,7.6822,-10.0
4436.80000000019,39.972042083740234,0.12923002243041992,32.79289245605469,39627708879078570,B,25181.0,7.6822,-10.0
4437.60000000019,43.345970153808594,0.12936308979988098,35.048744201660156,39627708879078570,B,25181.0,7.6822,-10.0
4438.400000000191,50.18187713623047,0.13185618817806244,37.05632019042969,39627708879078570,B,25181.0,7.6822,-10.0
4439.200000000191,46.506683349609375,0.12026339769363403,37.94283676147461,39627708879078570,B,25181.0,7.6822,-10.0
4440.000000000191,44.91102600097656,0.12391212582588196,38.31902313232422,39627708879078570,B,25181.0,7.6822,-10.0
4440.800000000191,42.98435592651367,0.1306617110967636,38.42206573486328,39627708879078570,B,25181.0,7.6822,-10.0
4441.600000000191,44.26993179321289,0.1374305933713913,38.67518997192383,39627708879078570,B,25181.0,7.6822,-10.0
4442.4000000001915,45.43637466430664,0.1284298598766327,38.9952392578125,39627708879078570,B,25181.0,7.6822,-10.0
4443.200000000192,44.282928466796875,0.13334816694259644,38.91972732543945,39627708879078570,B,25181.0,7.6822,-10.0
4444.000000000192,41.936187744140625,0.12490919977426529,39.22063064575195,39627708879078570,B,25181.0,7.6822,-10.0
4444.800000000192,42.62257385253906,0.13890494406223297,39.744850158691406,39627708879078570,B,25181.0,7.6822,-10.0
4445.600000000192,42.091529846191406,0.12897484004497528,40.385616302490234,39627708879078570,B,25181.0,7.6822,-10.0
4446.400000000192,50.111854553222656,0.11438198387622833,40.30956268310547,39627708879078570,B,25181.0,7.6822,-10.0
4447.200000000193,41.36994171142578,0.13262847065925598,40.60791015625,39627708879078570,B,25181.0,7.6822,-10.0
4448.000000000193,44.781532287597656,0.13882678747177124,40.158355712890625,39627708879078570,B,25181.0,7.6822,-10.0
4448.800000000193,46.41770935058594,0.11927326768636703,38.313568115234375,39627708879078570,B,25181.0,7.6822,-10.0
4449.600000000193,47.051918029785156,0.1222045049071312,37.16794204711914,39627708879078570,B,25181.0,7.6822,-10.0
4450.400000000193,38.60219192504883,0.13734576106071472,37.89494323730469,39627708879078570,B,25181.0,7.6822,-10.0
4451.2000000001935,50.69306945800781,0.11269358545541763,39.14959716796875,39627708879078570,B,25181.0,7.6822,-10.0
4452.000000000194,44.08198928833008,0.1271451711654663,39.28361129760742,39627708879078570,B,25181.0,7.6822,-10.0
4452.800000000194,46.90055847167969,0.12168382853269577,38.097816467285156,39627708879078570,B,25181.0,7.6822,-10.0
4453.600000000194,50.3513298034668,0.11542346328496933,37.3695068359375,39627708879078570,B,25181.0,7.6822,-10.0
4454.400000000194,43.83147430419922,0.12628819048404694,36.23924255371094,39627708879078570,B,25181.0,7.6822,-10.0
4455.200000000194,43.07838821411133,0.13447271287441254,33.724910736083984,39627708879078570,B,25181.0,7.6822,-10.0
4456.000000000195,45.64805603027344,0.12348823994398117,32.531028747558594,39627708879078570,B,25181.0,7.6822,-10.0
4456.800000000195,40.59771728515625,0.14252549409866333,33.42953109741211,39627708879078570,B,25181.0,7.6822,-10.0
4457.600000000195,42.82926940917969,0.1357700228691101,34.70977020263672,39627708879078570,B,25181.0,7.6822,-10.0
4458.400000000195,41.332271575927734,0.13203909993171692,36.082740783691406,39627708879078570,B,25181.0,7.6822,-10.0
4459.200000000195,41.56854248046875,0.13560988008975983,37.40165328979492,39627708879078570,B,25181.0,7.6822,-10.0
4460.0000000001955,41.16026306152344,0.14006082713603973,37.53730392456055,39627708879078570,B,25181.0,7.6822,-10.0
4460.800000000196,38.479740142822266,0.13259172439575195,37.527706146240234,39627708879078570,B,25181.0,7.6822,-10.0
4461.600000000196,46.7582893371582,0.13292741775512695,38.28497314453125,39627708879078570,B,25181.0,7.6822,-10.0
4462.400000000196,39.68235778808594,0.13893479108810425,38.56324005126953,39627708879078570,B,25181.0,7.6822,-10.0
4463.200000000196,47.10650634765625,0.1383351981639862,37.82697677612305,39627708879078570,B,25181.0,7.6822,-10.0
4464.000000000196,49.141353607177734,0.13132795691490173,38.00693130493164,39627708879078570,B,25181.0,7.6822,-10.0
4464.800000000197,47.08210372924805,0.12527596950531006,38.497802734375,39627708879078570,B,25181.0,7.6822,-10.0
4465.600000000197,46.96910095214844,0.13256993889808655,39.020145416259766,39627708879078570,B,25181.0,7.6822,-10.0
4466.400000000197,41.928077697753906,0.13447266817092896,38.720176696777344,39627708879078570,B,25181.0,7.6822,-10.0
4467.200000000197,45.518619537353516,0.1338752806186676,37.384361267089844,39627708879078570,B,25181.0,7.6822,-10.0
4468.000000000197,48.883331298828125,0.12623359262943268,36.793670654296875,39627708879078570,B,25181.0,7.6822,-10.0
4468.8000000001975,43.35750961303711,0.12969866394996643,37.337646484375,39627708879078570,B,25181.0,7.6822,-10.0
4469.600000000198,47.26565170288086,0.12637153267860413,38.21917724609375,39627708879078570,B,25181.0,7.6822,-10.0
4470.400000000198,40.76885223388672,0.1320052295923233,38.70210266113281,39627708879078570,B,25181.0,7.6822,-10.0
4471.200000000198,39.58179473876953,0.1352490484714508,38.581302642822266,39627708879078570,B,25181.0,7.6822,-10.0
4472.000000000198,50.165283203125,0.1165447011590004,39.17683410644531,39627708879078570,B,25181.0,7.6822,-10.0
4472.800000000198,42.769989013671875,0.1300748735666275,39.69390106201172,39627708879078570,B,25181.0,7.6822,-10.0
4473.600000000199,42.72483825683594,0.12551724910736084,39.43292236328125,39627708879078570,B,25181.0,7.6822,-10.0
4474.400000000199,42.166908264160156,0.13143283128738403,39.003089904785156,39627708879078570,B,25181.0,7.6822,-10.0
4475.200000000199,43.3104362487793,0.13669221103191376,38.18484878540039,39627708879078570,B,25181.0,7.6822,-10.0
4476.000000000199,46.84700393676758,0.13477274775505066,37.70270538330078,39627708879078570,B,25181.0,7.6822,-10.0
4476.800000000199,49.17020034790039,0.1151672899723053,36.876644134521484,39627708879078570,B,25181.0,7.6822,-10.0
4477.6000000001995,41.752716064453125,0.12629471719264984,36.134979248046875,39627708879078570,B,25181.0,7.6822,-10.0
4478.4000000002,51.37284469604492,0.12670835852622986,36.65180206298828,39627708879078570,B,25181.0,7.6822,-10.0
4479.2000000002,45.614654541015625,0.1347099095582962,37.563167572021484,39627708879078570,B,25181.0,7.6822,-10.0
4480.0000000002,45.44279861450195,0.11988198012113571,38.278202056884766,39627708879078570,B,25181.0,7.6822,-10.0
4480.8000000002,45.77261734008789,0.12964774668216705,39.43687057495117,39627708879078570,B,25181.0,7.6822,-10.0
4481.6000000002,44.88713073730469,0.12441867589950562,39.35137176513672,39627708879078570,B,25181.0,7.6822,-10.0
4482.400000000201,50.10939407348633,0.1318046748638153,37.749794006347656,39627708879078570,B,25181.0,7.6822,-10.0
4483.200000000201,45.652957916259766,0.1231611967086792,36.71992492675781,39627708879078570,B,25181.0,7.6822,-10.0
4484.000000000201,49.43851852416992,0.12767146527767181,37.171104431152344,39627708879078570,B,25181.0,7.6822,-10.0
4484.800000000201,38.97959899902344,0.14017625153064728,37.98048782348633,39627708879078570,B,25181.0,7.6822,-10.0
4485.600000000201,45.95448303222656,0.11770639568567276,38.59822082519531,39627708879078570,B,25181.0,7.6822,-10.0
4486.4000000002015,49.10554122924805,0.12399269640445709,39.035282135009766,39627708879078570,B,25181.0,7.6822,-10.0
4487.200000000202,46.76493453979492,0.13432414829730988,38.90120315551758,39627708879078570,B,25181.0,7.6822,-10.0
4488.000000000202,47.50511932373047,0.12486325204372406,38.74763870239258,39627708879078570,B,25181.0,7.6822,-10.0
4488.800000000202,44.322113037109375,0.12839077413082123,39.53215026855469,39627708879078570,B,25181.0,7.6822,-10.0
4489.600000000202,42.984039306640625,0.135607048869133,39.74960708618164,39627708879078570,B,25181.0,7.6822,-10.0
4490.400000000202,48.01628875732422,0.14724291861057281,39.081912994384766,39627708879078570,B,25181.0,7.6822,-10.0
4491.200000000203,42.12632369995117,0.14228375256061554,38.06242752075195,39627708879078570,B,25181.0,7.6822,-10.0
4492.000000000203,46.2287712097168,0.12780208885669708,38.37385559082031,39627708879078570,B,25181.0,7.6822,-10.0
4492.800000000203,43.89362335205078,0.13635876774787903,38.908023834228516,39627708879078570,B,25181.0,7.6822,-10.0
4493.600000000203,49.87777328491211,0.12906867265701294,38.70685577392578,39627708879078570,B,25181.0,7.6822,-10.0
4494.400000000203,46.9085693359375,0.1236722469329834,38.60606384277344,39627708879078570,B,25181.0,7.6822,-10.0
4495.2000000002035,42.510921478271484,0.1321703940629959,38.54163360595703,39627708879078570,B,25181.0,7.6822,-10.0
4496.000000000204,46.17208480834961,0.14366652071475983,38.41065216064453,39627708879078570,B,25181.0,7.6822,-10.0
4496.800000000204,44.557613372802734,0.13966087996959686,38.57820129394531,39627708879078570,B,25181.0,7.6822,-10.0
4497.600000000204,43.47188186645508,0.135438472032547,38.282588958740234,39627708879078570,B,25181.0,7.6822,-10.0
4498.400000000204,44.65940475463867,0.14001266658306122,38.52074432373047,39627708879078570,B,25181.0,7.6822,-10.0
4499.200000000204,45.102935791015625,0.13340350985527039,39.658905029296875,39627708879078570,B,25181.0,7.6822,-10.0
4500.000000000205,49.46760940551758,0.13520435988903046,40.392852783203125,39627708879078570,B,25181.0,7.6822,-10.0
4500.800000000205,48.10316848754883,0.1404539793729782,40.33589553833008,39627708879078570,B,25181.0,7.6822,-10.0
4501.600000000205,46.22069549560547,0.1481710970401764,40.28040313720703,39627708879078570,B,25181.0,7.6822,-10.0
4502.400000000205,47.11224365234375,0.13586728274822235,40.1131591796875,39627708879078570,B,25181.0,7.6822,-10.0
4503.200000000205,45.4908447265625,0.13448914885520935,39.49839401245117,39627708879078570,B,25181.0,7.6822,-10.0
4504.000000000206,43.12382125854492,0.12783406674861908,38.248783111572266,39627708879078570,B,25181.0,7.6822,-10.0
4504.800000000206,46.99637222290039,0.12680907547473907,37.302879333496094,39627708879078570,B,25181.0,7.6822,-10.0
4505.600000000206,45.449134826660156,0.13100391626358032,37.06304931640625,39627708879078570,B,25181.0,7.6822,-10.0
4506.400000000206,47.270660400390625,0.13418243825435638,36.86981201171875,39627708879078570,B,25181.0,7.6822,-10.0
4507.200000000206,47.477561950683594,0.13619904220104218,36.91400909423828,39627708879078570,B,25181.0,7.6822,-10.0
4508.0000000002065,43.95104217529297,0.1388329416513443,37.86796951293945,39627708879078570,B,25181.0,7.6822,-10.0
4508.800000000207,44.605587005615234,0.139210045337677,37.920082092285156,39627708879078570,B,25181.0,7.6822,-10.0
4509.600000000207,43.48761749267578,0.13008758425712585,37.78827667236328,39627708879078570,B,25181.0,7.6822,-10.0
4510.400000000207,46.95317840576172,0.12815280258655548,37.30799865722656,39627708879078570,B,25181.0,7.6822,-10.0
4511.200000000207,49.79515075683594,0.1362934708595276,36.82576370239258,39627708879078570,B,25181.0,7.6822,-10.0
4512.000000000207,44.954673767089844,0.13921651244163513,36.61619186401367,39627708879078570,B,25181.0,7.6822,-10.0
4512.800000000208,43.540931701660156,0.1376531571149826,36.52378845214844,39627708879078570,B,25181.0,7.6822,-10.0
4513.600000000208,45.92898941040039,0.13501186668872833,36.1751823425293,39627708879078570,B,25181.0,7.6822,-10.0
4514.400000000208,46.192771911621094,0.13468371331691742,36.156837463378906,39627708879078570,B,25181.0,7.6822,-10.0
4515.200000000208,46.83046340942383,0.12939521670341492,37.02952194213867,39627708879078570,B,25181.0,7.6822,-10.0
4516.000000000208,51.65099334716797,0.1332029402256012,38.35248565673828,39627708879078570,B,25181.0,7.6822,-10.0
4516.8000000002085,41.464141845703125,0.1424601823091507,39.33711242675781,39627708879078570,B,25181.0,7.6822,-10.0
4517.600000000209,43.0851936340332,0.1373399943113327,38.789634704589844,39627708879078570,B,25181.0,7.6822,-10.0
4518.400000000209,46.16340255737305,0.13243986666202545,37.35071563720703,39627708879078570,B,25181.0,7.6822,-10.0
4519.200000000209,43.09443664550781,0.1323409080505371,36.97651290893555,39627708879078570,B,25181.0,7.6822,-10.0
4520.000000000209,45.73835372924805,0.13512930274009705,37.611873626708984,39627708879078570,B,25181.0,7.6822,-10.0
4520.800000000209,45.07260513305664,0.14060650765895844,38.06483840942383,39627708879078570,B,25181.0,7.6822,-10.0
4521.60000000021,49.625404357910156,0.1269364058971405,38.2813720703125,39627708879078570,B,25181.0,7.6822,-10.0
4522.40000000021,42.22523880004883,0.13320259749889374,37.6636848449707,39627708879078570,B,25181.0,7.6822,-10.0
4523.20000000021,45.61086654663086,0.14392046630382538,38.02409362792969,39627708879078570,B,25181.0,7.6822,-10.0
4524.00000000021,45.810054779052734,0.15083599090576172,39.0505256652832,39627708879078570,B,25181.0,7.6822,-10.0
4524.80000000021,44.42958450317383,0.15281923115253448,39.24932098388672,39627708879078570,B,25181.0,7.6822,-10.0
4525.6000000002105,49.875308990478516,0.1384650617837906,39.234859466552734,39627708879078570,B,25181.0,7.6822,-10.0
4526.400000000211,49.25095748901367,0.13621275126934052,39.28826904296875,39627708879078570,B,25181.0,7.6822,-10.0
4527.200000000211,48.172035217285156,0.1272912174463272,37.93794631958008,39627708879078570,B,25181.0,7.6822,-10.0
4528.000000000211,40.03352737426758,0.14115864038467407,36.70882797241211,39627708879078570,B,25181.0,7.6822,-10.0
4528.800000000211,38.18096923828125,0.15246056020259857,36.57876968383789,39627708879078570,B,25181.0,7.6822,-10.0
4529.600000000211,45.52843475341797,0.15269868075847626,37.30322265625,39627708879078570,B,25181.0,7.6822,-10.0
4530.400000000212,46.07029724121094,0.13720007240772247,37.820980072021484,39627708879078570,B,25181.0,7.6822,-10.0
4531.200000000212,44.850791931152344,0.13451872766017914,37.25053024291992,39627708879078570,B,25181.0,7.6822,-10.0
4532.000000000212,44.493873596191406,0.14070425927639008,36.919010162353516,39627708879078570,B,25181.0,7.6822,-10.0
4532.800000000212,42.98520278930664,0.1414899080991745,36.80329895019531,39627708879078570,B,25181.0,7.6822,-10.0
4533.600000000212,49.14244842529297,0.12967583537101746,35.826812744140625,39627708879078570,B,25181.0,7.6822,-10.0
4534.4000000002125,48.194984436035156,0.13477075099945068,34.78239440917969,39627708879078570,B,25181.0,7.6822,-10.0
4535.200000000213,40.841453552246094,0.14290755987167358,34.76268768310547,39627708879078570,B,25181.0,7.6822,-10.0
4536.000000000213,42.363739013671875,0.13989043235778809,34.19231033325195,39627708879078570,B,25181.0,7.6822,-10.0
4536.800000000213,45.32806396484375,0.13004684448242188,34.40284729003906,39627708879078570,B,25181.0,7.6822,-10.0
4537.600000000213,47.48628234863281,0.14911632239818573,34.97685623168945,39627708879078570,B,25181.0,7.6822,-10.0
4538.400000000213,41.519683837890625,0.15161028504371643,36.156837463378906,39627708879078570,B,25181.0,7.6822,-10.0
4539.200000000214,42.54677963256836,0.15402328968048096,37.89582824707031,39627708879078570,B,25181.0,7.6822,-10.0
4540.000000000214,51.681312561035156,0.14035721123218536,39.43528747558594,39627708879078570,B,25181.0,7.6822,-10.0
4540.800000000214,45.42397689819336,0.13641569018363953,39.643714904785156,39627708879078570,B,25181.0,7.6822,-10.0
4541.600000000214,46.85289001464844,0.12439633905887604,39.29783630371094,39627708879078570,B,25181.0,7.6822,-10.0
4542.400000000214,41.60007095336914,0.14667607843875885,39.55146026611328,39627708879078570,B,25181.0,7.6822,-10.0
4543.2000000002145,45.74430847167969,0.13971450924873352,39.52762222290039,39627708879078570,B,25181.0,7.6822,-10.0
4544.000000000215,48.5792236328125,0.1357162743806839,39.40496826171875,39627708879078570,B,25181.0,7.6822,-10.0
4544.800000000215,41.66513442993164,0.1507037878036499,39.10495376586914,39627708879078570,B,25181.0,7.6822,-10.0
4545.600000000215,46.93889617919922,0.14439886808395386,39.20252990722656,39627708879078570,B,25181.0,7.6822,-10.0
4546.400000000215,42.25328826904297,0.1415499746799469,38.95508575439453,39627708879078570,B,25181.0,7.6822,-10.0
4547.200000000215,45.9554557800293,0.14641521871089935,38.159034729003906,39627708879078570,B,25181.0,7.6822,-10.0
4548.000000000216,44.97364044189453,0.14048045873641968,37.99095916748047,39627708879078570,B,25181.0,7.6822,-10.0
4548.800000000216,47.606536865234375,0.14529260993003845,37.14896011352539,39627708879078570,B,25181.0,7.6822,-10.0
4549.600000000216,42.229801177978516,0.14702297747135162,36.25217056274414,39627708879078570,B,25181.0,7.6822,-10.0
4550.400000000216,45.1136589050293,0.1494661420583725,37.37703323364258,39627708879078570,B,25181.0,7.6822,-10.0
4551.200000000216,40.05695343017578,0.14609786868095398,38.521156311035156,39627708879078570,B,25181.0,7.6822,-10.0
4552.0000000002165,44.42024230957031,0.14072011411190033,37.78471755981445,39627708879078570,B,25181.0,7.6822,-10.0
4552.800000000217,48.13111114501953,0.13335303962230682,37.21135711669922,39627708879078570,B,25181.0,7.6822,-10.0
4553.600000000217,43.78730010986328,0.14604908227920532,36.84884262084961,39627708879078570,B,25181.0,7.6822,-10.0
4554.400000000217,46.16041564941406,0.14368899166584015,37.37346267700195,39627708879078570,B,25181.0,7.6822,-10.0
4555.200000000217,42.37000274658203,0.14812371134757996,38.51120376586914,39627708879078570,B,25181.0,7.6822,-10.0
4556.000000000217,43.68363952636719,0.14344656467437744,38.90177536010742,39627708879078570,B,25181.0,7.6822,-10.0
4556.800000000218,44.0120849609375,0.1518610119819641,38.30931091308594,39627708879078570,B,25181.0,7.6822,-10.0
4557.600000000218,48.90545654296875,0.13659299910068512,37.729366302490234,39627708879078570,B,25181.0,7.6822,-10.0
4558.400000000218,46.9201545715332,0.13986650109291077,37.16468811035156,39627708879078570,B,25181.0,7.6822,-10.0
4559.200000000218,42.06931686401367,0.14051631093025208,37.378448486328125,39627708879078570,B,25181.0,7.6822,-10.0
4560.000000000218,44.04792785644531,0.13670286536216736,38.40492248535156,39627708879078570,B,25181.0,7.6822,-10.0
4560.8000000002185,52.24506378173828,0.13684383034706116,38.25577926635742,39627708879078570,B,25181.0,7.6822,-10.0
4561.600000000219,44.66693878173828,0.14167964458465576,38.620601654052734,39627708879078570,B,25181.0,7.6822,-10.0
4562.400000000219,43.604244232177734,0.1419399380683899,38.7161750793457,39627708879078570,B,25181.0,7.6822,-10.0
4563.200000000219,45.19904708862305,0.1353539675474167,38.046085357666016,39627708879078570,B,25181.0,7.6822,-10.0
4564.000000000219,46.058807373046875,0.144552081823349,38.17355728149414,39627708879078570,B,25181.0,7.6822,-10.0
4564.800000000219,48.84803771972656,0.14836929738521576,38.90406036376953,39627708879078570,B,25181.0,7.6822,-10.0
4565.60000000022,45.075740814208984,0.1597968190908432,39.14460372924805,39627708879078570,B,25181.0,7.6822,-10.0
4566.40000000022,47.68682861328125,0.14327189326286316,39.684329986572266,39627708879078570,B,25181.0,7.6822,-10.0
4567.20000000022,45.33542251586914,0.15800535678863525,40.13566970825195,39627708879078570,B,25181.0,7.6822,-10.0
4568.00000000022,44.732337951660156,0.14447146654129028,39.6541633605957,39627708879078570,B,25181.0,7.6822,-10.0
4568.80000000022,46.19351577758789,0.1437150239944458,39.4632453918457,39627708879078570,B,25181.0,7.6822,-10.0
4569.6000000002205,50.38599395751953,0.13098418712615967,39.794437408447266,39627708879078570,B,25181.0,7.6822,-10.0
4570.400000000221,45.05315017700195,0.15077365934848785,38.98719024658203,39627708879078570,B,25181.0,7.6822,-10.0
4571.200000000221,42.586395263671875,0.14718422293663025,36.956382751464844,39627708879078570,B,25181.0,7.6822,-10.0
4572.000000000221,42.100738525390625,0.15201984345912933,35.92850875854492,39627708879078570,B,25181.0,7.6822,-10.0
4572.800000000221,49.19512176513672,0.14217394590377808,37.68928527832031,39627708879078570,B,25181.0,7.6822,-10.0
4573.600000000221,48.51134490966797,0.13676652312278748,39.59798049926758,39627708879078570,B,25181.0,7.6822,-10.0
4574.400000000222,41.828617095947266,0.14544957876205444,39.59173583984375,39627708879078570,B,25181.0,7.6822,-10.0
4575.200000000222,46.32407760620117,0.1451232135295868,39.535667419433594,39627708879078570,B,25181.0,7.6822,-10.0
4576.000000000222,44.97126388549805,0.1546143889427185,39.84468460083008,39627708879078570,B,25181.0,7.6822,-10.0
4576.800000000222,46.14972686767578,0.1482933908700943,39.58515167236328,39627708879078570,B,25181.0,7.6822,-10.0
4577.600000000222,43.71739959716797,0.14766141772270203,39.63231658935547,39627708879078570,B,25181.0,7.6822,-10.0
4578.4000000002225,50.441749572753906,0.1463880091905594,39.23527526855469,39627708879078570,B,25181.0,7.6822,-10.0
4579.200000000223,43.8866081237793,0.16129697859287262,39.03913116455078,39627708879078570,B,25181.0,7.6822,-10.0
4580.000000000223,45.51167678833008,0.1572844386100769,39.0463752746582,39627708879078570,B,25181.0,7.6822,-10.0
4580.800000000223,42.655338287353516,0.15688998997211456,39.258331298828125,39627708879078570,B,25181.0,7.6822,-10.0
4581.600000000223,45.70677185058594,0.1467026323080063,38.54991912841797,39627708879078570,B,25181.0,7.6822,-10.0
4582.400000000223,46.206748962402344,0.14893582463264465,37.45301818847656,39627708879078570,B,25181.0,7.6822,-10.0
4583.200000000224,41.365516662597656,0.14743486046791077,37.69913101196289,39627708879078570,B,25181.0,7.6822,-10.0
4584.000000000224,45.856292724609375,0.1524306982755661,39.55818557739258,39627708879078570,B,25181.0,7.6822,-10.0
4584.800000000224,48.1663818359375,0.1479436755180359,40.501399993896484,39627708879078570,B,25181.0,7.6822,-10.0
4585.600000000224,44.60100555419922,0.13657715916633606,39.6234130859375,39627708879078570,B,25181.0,7.6822,-10.0
4586.400000000224,39.873775482177734,0.14285078644752502,37.96775436401367,39627708879078570,B,25181.0,7.6822,-10.0
4587.2000000002245,40.54817581176758,0.14680086076259613,36.154075622558594,39627708879078570,B,25181.0,7.6822,-10.0
4588.000000000225,44.366214752197266,0.147858664393425,35.28927993774414,39627708879078570,B,25181.0,7.6822,-10.0
4588.800000000225,45.174163818359375,0.1446395218372345,35.773738861083984,39627708879078570,B,25181.0,7.6822,-10.0
4589.600000000225,43.132728576660156,0.1628791093826294,35.80402755737305,39627708879078570,B,25181.0,7.6822,-10.0
4590.400000000225,43.826683044433594,0.1486949771642685,34.439308166503906,39627708879078570,B,25181.0,7.6822,-10.0
4591.200000000225,44.94716262817383,0.16285794973373413,33.98750686645508,39627708879078570,B,25181.0,7.6822,-10.0
4592.000000000226,43.675880432128906,0.15837006270885468,33.767093658447266,39627708879078570,B,25181.0,7.6822,-10.0
4592.800000000226,43.89047622680664,0.17009170353412628,34.11428451538086,39627708879078570,B,25181.0,7.6822,-10.0
4593.600000000226,43.7857551574707,0.15629461407661438,34.86408615112305,39627708879078570,B,25181.0,7.6822,-10.0
4594.400000000226,47.25475311279297,0.14326515793800354,34.909854888916016,39627708879078570,B,25181.0,7.6822,-10.0
4595.200000000226,42.87360763549805,0.15603139996528625,34.85661315917969,39627708879078570,B,25181.0,7.6822,-10.0
4596.0000000002265,44.032958984375,0.14777910709381104,34.57467269897461,39627708879078570,B,25181.0,7.6822,-10.0
4596.800000000227,36.85306167602539,0.15939994156360626,35.884185791015625,39627708879078570,B,25181.0,7.6822,-10.0
4597.600000000227,44.56904220581055,0.1528548151254654,36.73973083496094,39627708879078570,B,25181.0,7.6822,-10.0
4598.400000000227,44.91775131225586,0.1433914750814438,36.27666091918945,39627708879078570,B,25181.0,7.6822,-10.0
4599.200000000227,47.44684982299805,0.1495259702205658,35.50922775268555,39627708879078570,B,25181.0,7.6822,-10.0
4600.000000000227,44.47428512573242,0.1542365849018097,35.25348663330078,39627708879078570,B,25181.0,7.6822,-10.0
4600.800000000228,45.74493408203125,0.1527463048696518,35.24271774291992,39627708879078570,B,25181.0,7.6822,-10.0
4601.600000000228,46.030330657958984,0.1500050574541092,36.893890380859375,39627708879078570,B,25181.0,7.6822,-10.0
4602.400000000228,42.38169479370117,0.15425094962120056,37.407073974609375,39627708879078570,B,25181.0,7.6822,-10.0
4603.200000000228,44.92770004272461,0.14061056077480316,36.10355758666992,39627708879078570,B,25181.0,7.6822,-10.0
4604.000000000228,49.82526397705078,0.1537470668554306,35.13436508178711,39627708879078570,B,25181.0,7.6822,-10.0
4604.8000000002285,40.97303771972656,0.16305933892726898,35.54653549194336,39627708879078570,B,25181.0,7.6822,-10.0
4605.600000000229,44.37212371826172,0.15715453028678894,36.65086364746094,39627708879078570,B,25181.0,7.6822,-10.0
4606.400000000229,43.96180725097656,0.154335156083107,37.76371383666992,39627708879078570,B,25181.0,7.6822,-10.0
4607.200000000229,48.604000091552734,0.15643315017223358,37.67740249633789,39627708879078570,B,25181.0,7.6822,-10.0
4608.000000000229,38.70046615600586,0.16126449406147003,36.441131591796875,39627708879078570,B,25181.0,7.6822,-10.0
4608.800000000229,38.26914978027344,0.16679123044013977,35.783485412597656,39627708879078570,B,25181.0,7.6822,-10.0
4609.60000000023,42.8904914855957,0.16442115604877472,35.59908676147461,39627708879078570,B,25181.0,7.6822,-10.0
4610.40000000023,43.074275970458984,0.1538870930671692,35.4710578918457,39627708879078570,B,25181.0,7.6822,-10.0
4611.20000000023,48.02741622924805,0.151060089468956,35.09365463256836,39627708879078570,B,25181.0,7.6822,-10.0
4612.00000000023,45.49754333496094,0.15732234716415405,35.08430480957031,39627708879078570,B,25181.0,7.6822,-10.0
4612.80000000023,44.06528854370117,0.15056732296943665,35.792842864990234,39627708879078570,B,25181.0,7.6822,-10.0
4613.6000000002305,48.207706451416016,0.13970299065113068,36.410831451416016,39627708879078570,B,25181.0,7.6822,-10.0
4614.400000000231,43.30710983276367,0.1608935296535492,37.746185302734375,39627708879078570,B,25181.0,7.6822,-10.0
4615.200000000231,43.00253677368164,0.1614101082086563,38.31816864013672,39627708879078570,B,25181.0,7.6822,-10.0
4616.000000000231,48.47704315185547,0.15092280507087708,37.32205581665039,39627708879078570,B,25181.0,7.6822,-10.0
4616.800000000231,39.52262496948242,0.1528678983449936,36.528263092041016,39627708879078570,B,25181.0,7.6822,-10.0
4617.600000000231,40.91838836669922,0.1577361524105072,35.85824203491211,39627708879078570,B,25181.0,7.6822,-10.0
4618.400000000232,40.67634201049805,0.16503067314624786,35.683841705322266,39627708879078570,B,25181.0,7.6822,-10.0
4619.200000000232,46.1554069519043,0.140354186296463,36.71928024291992,39627708879078570,B,25181.0,7.6822,-10.0
4620.000000000232,42.348209381103516,0.15858830511569977,37.65373992919922,39627708879078570,B,25181.0,7.6822,-10.0
4620.800000000232,44.80648422241211,0.1530197709798813,38.18642807006836,39627708879078570,B,25181.0,7.6822,-10.0
4621.600000000232,47.67574691772461,0.1658826768398285,38.49519348144531,39627708879078570,B,25181.0,7.6822,-10.0
4622.4000000002325,47.960269927978516,0.16491609811782837,37.79307556152344,39627708879078570,B,25181.0,7.6822,-10.0
4623.200000000233,47.023033142089844,0.14744681119918823,37.154930114746094,39627708879078570,B,25181.0,7.6822,-10.0
4624.000000000233,44.80955505371094,0.15493130683898926,36.470455169677734,39627708879078570,B,25181.0,7.6822,-10.0
4624.800000000233,44.915409088134766,0.15715478360652924,35.238224029541016,39627708879078570,B,25181.0,7.6822,-10.0
4625.600000000233,43.26683044433594,0.15698310732841492,34.828285217285156,39627708879078570,B,25181.0,7.6822,-10.0
4626.400000000233,39.3753547668457,0.17125067114830017,34.9920654296875,39627708879078570,B,25181.0,7.6822,-10.0
4627.200000000234,40.56080627441406,0.1615317165851593,34.084495544433594,39627708879078570,B,25181.0,7.6822,-10.0
4628.000000000234,43.17843246459961,0.16789613664150238,33.6845588684082,39627708879078570,B,25181.0,7.6822,-10.0
4628.800000000234,43.85519027709961,0.1518079936504364,33.87339782714844,39627708879078570,B,25181.0,7.6822,-10.0
4629.600000000234,44.135738372802734,0.15841467678546906,33.65932846069336,39627708879078570,B,25181.0,7.6822,-10.0
4630.400000000234,41.89293670654297,0.16375812888145447,34.06932067871094,39627708879078570,B,25181.0,7.6822,-10.0
4631.2000000002345,41.744102478027344,0.1706610918045044,34.257720947265625,39627708879078570,B,25181.0,7.6822,-10.0
4632.000000000235,44.8838996887207,0.17310431599617004,33.0909423828125,39627708879078570,B,25181.0,7.6822,-10.0
4632.800000000235,38.129146575927734,0.17052917182445526,32.63389587402344,39627708879078570,B,25181.0,7.6822,-10.0
4633.600000000235,46.40972137451172,0.15485920011997223,34.056758880615234,39627708879078570,B,25181.0,7.6822,-10.0
4634.400000000235,45.939186096191406,0.1522785723209381,35.7188835144043,39627708879078570,B,25181.0,7.6822,-10.0
4635.200000000235,39.92829132080078,0.1619596630334854,35.483604431152344,39627708879078570,B,25181.0,7.6822,-10.0
4636.000000000236,43.58298873901367,0.16328269243240356,34.48924255371094,39627708879078570,B,25181.0,7.6822,-10.0
4636.800000000236,38.43479919433594,0.16495674848556519,34.459144592285156,39627708879078570,B,25181.0,7.6822,-10.0
4637.600000000236,45.15982437133789,0.1592220962047577,34.64691162109375,39627708879078570,B,25181.0,7.6822,-10.0
4638.400000000236,40.446044921875,0.16271300613880157,34.79330825805664,39627708879078570,B,25181.0,7.6822,-10.0
4639.200000000236,46.98855972290039,0.15158352255821228,34.97802734375,39627708879078570,B,25181.0,7.6822,-10.0
4640.0000000002365,43.25334167480469,0.17053605616092682,34.180423736572266,39627708879078570,B,25181.0,7.6822,-10.0
4640.800000000237,45.092613220214844,0.159528449177742,33.611698150634766,39627708879078570,B,25181.0,7.6822,-10.0
4641.600000000237,45.187137603759766,0.16514262557029724,32.963096618652344,39627708879078570,B,25181.0,7.6822,-10.0
4642.400000000237,40.92539978027344,0.15577854216098785,32.69365310668945,39627708879078570,B,25181.0,7.6822,-10.0
4643.200000000237,46.690860748291016,0.1462470293045044,33.22333908081055,39627708879078570,B,25181.0,7.6822,-10.0
4644.000000000237,44.85387420654297,0.15898266434669495,33.58008575439453,39627708879078570,B,25181.0,7.6822,-10.0
4644.800000000238,41.4003791809082,0.15635904669761658,33.72097396850586,39627708879078570,B,25181.0,7.6822,-10.0
4645.600000000238,42.55546569824219,0.16203632950782776,33.43184280395508,39627708879078570,B,25181.0,7.6822,-10.0
4646.400000000238,47.74931716918945,0.1669749766588211,33.38434982299805,39627708879078570,B,25181.0,7.6822,-10.0
4647.200000000238,40.84152603149414,0.1698484867811203,34.04861831665039,39627708879078570,B,25181.0,7.6822,-10.0
4648.000000000238,39.92544937133789,0.16270537674427032,35.33344268798828,39627708879078570,B,25181.0,7.6822,-10.0
4648.8000000002385,45.62028121948242,0.16635015606880188,36.21418762207031,39627708879078570,B,25181.0,7.6822,-10.0
4649.600000000239,42.910587310791016,0.16467058658599854,36.392913818359375,39627708879078570,B,25181.0,7.6822,-10.0
4650.400000000239,43.98161315917969,0.16603535413742065,36.117759704589844,39627708879078570,B,25181.0,7.6822,-10.0
4651.200000000239,39.20362091064453,0.17297227680683136,35.240135192871094,39627708879078570,B,25181.0,7.6822,-10.0
4652.000000000239,44.27196502685547,0.16075822710990906,33.90397644042969,39627708879078570,B,25181.0,7.6822,-10.0
4652.800000000239,44.41652297973633,0.16689638793468475,32.707210540771484,39627708879078570,B,25181.0,7.6822,-10.0
4653.60000000024,40.03823471069336,0.17629577219486237,32.39752197265625,39627708879078570,B,25181.0,7.6822,-10.0
4654.40000000024,42.164127349853516,0.17774245142936707,33.870216369628906,39627708879078570,B,25181.0,7.6822,-10.0
4655.20000000024,46.03645324707031,0.16255168616771698,35.262454986572266,39627708879078570,B,25181.0,7.6822,-10.0
4656.00000000024,45.08061981201172,0.16704891622066498,35.91876220703125,39627708879078570,B,25181.0,7.6822,-10.0
4656.80000000024,38.40309524536133,0.17723771929740906,36.0137939453125,39627708879078570,B,25181.0,7.6822,-10.0
4657.6000000002405,44.55891036987305,0.1549956351518631,36.43193817138672,39627708879078570,B,25181.0,7.6822,-10.0
4658.400000000241,45.47611999511719,0.17515572905540466,37.48680877685547,39627708879078570,B,25181.0,7.6822,-10.0
4659.200000000241,40.44900894165039,0.16086794435977936,37.32956314086914,39627708879078570,B,25181.0,7.6822,-10.0
4660.000000000241,40.235870361328125,0.16940850019454956,36.18397903442383,39627708879078570,B,25181.0,7.6822,-10.0
4660.800000000241,44.094913482666016,0.16651563346385956,35.19321823120117,39627708879078570,B,25181.0,7.6822,-10.0
4661.600000000241,44.77363586425781,0.16453729569911957,34.97965621948242,39627708879078570,B,25181.0,7.6822,-10.0
4662.400000000242,42.218528747558594,0.16536647081375122,35.996055603027344,39627708879078570,B,25181.0,7.6822,-10.0
4663.200000000242,41.1638069152832,0.16412729024887085,37.554420471191406,39627708879078570,B,25181.0,7.6822,-10.0
4664.000000000242,44.06059265136719,0.16668957471847534,38.39771270751953,39627708879078570,B,25181.0,7.6822,-10.0
4664.800000000242,41.63437271118164,0.17464041709899902,38.16181564331055,39627708879078570,B,25181.0,7.6822,-10.0
4665.600000000242,44.04399108886719,0.17601844668388367,37.20070266723633,39627708879078570,B,25181.0,7.6822,-10.0
4666.4000000002425,46.81645965576172,0.1645851582288742,37.141292572021484,39627708879078570,B,25181.0,7.6822,-10.0
4667.200000000243,47.80207061767578,0.15685723721981049,37.92607116699219,39627708879078570,B,25181.0,7.6822,-10.0
4668.000000000243,40.85684585571289,0.17195512354373932,38.424312591552734,39627708879078570,B,25181.0,7.6822,-10.0
4668.800000000243,44.446590423583984,0.16600218415260315,37.92490768432617,39627708879078570,B,25181.0,7.6822,-10.0
4669.600000000243,42.92829132080078,0.15703792870044708,37.06019973754883,39627708879078570,B,25181.0,7.6822,-10.0
4670.400000000243,43.71250915527344,0.17733769118785858,36.15082550048828,39627708879078570,B,25181.0,7.6822,-10.0
4671.200000000244,43.290164947509766,0.18199999630451202,35.689151763916016,39627708879078570,B,25181.0,7.6822,-10.0
4672.000000000244,42.03217697143555,0.16986273229122162,35.18889236450195,39627708879078570,B,25181.0,7.6822,-10.0
4672.800000000244,41.9494514465332,0.1684933304786682,33.41465759277344,39627708879078570,B,25181.0,7.6822,-10.0
4673.600000000244,40.69169616699219,0.17164374887943268,32.95256805419922,39627708879078570,B,25181.0,7.6822,-10.0
4674.400000000244,44.72686767578125,0.1634044051170349,33.81929016113281,39627708879078570,B,25181.0,7.6822,-10.0
4675.2000000002445,38.46199417114258,0.18014608323574066,33.53233337402344,39627708879078570,B,25181.0,7.6822,-10.0
4676.000000000245,42.515525817871094,0.17357207834720612,33.687137603759766,39627708879078570,B,25181.0,7.6822,-10.0
4676.800000000245,43.88833236694336,0.15666885673999786,33.67637252807617,39627708879078570,B,25181.0,7.6822,-10.0
4677.600000000245,43.05777359008789,0.17445255815982819,32.9081916809082,39627708879078570,B,25181.0,7.6822,-10.0
4678.400000000245,45.57026672363281,0.17116929590702057,32.853214263916016,39627708879078570,B,25181.0,7.6822,-10.0
4679.200000000245,42.40663146972656,0.17168770730495453,33.03116226196289,39627708879078570,B,25181.0,7.6822,-10.0
4680.000000000246,48.540245056152344,0.17000927031040192,33.278682708740234,39627708879078570,B,25181.0,7.6822,-10.0
4680.800000000246,47.311275482177734,0.1707766205072403,34.427040100097656,39627708879078570,B,25181.0,7.6822,-10.0
4681.600000000246,48.69343948364258,0.16129694879055023,35.85243225097656,39627708879078570,B,25181.0,7.6822,-10.0
4682.400000000246,41.35084915161133,0.1833658665418625,35.564815521240234,39627708879078570,B,25181.0,7.6822,-10.0
4683.200000000246,41.00300598144531,0.17970749735832214,34.7875862121582,39627708879078570,B,25181.0,7.6822,-10.0
4684.0000000002465,42.08943176269531,0.1680687814950943,34.62944412231445,39627708879078570,B,25181.0,7.6822,-10.0
4684.800000000247,37.84444808959961,0.18541081249713898,34.50892639160156,39627708879078570,B,25181.0,7.6822,-10.0
4685.600000000247,40.120418548583984,0.17502932250499725,34.6990852355957,39627708879078570,B,25181.0,7.6822,-10.0
4686.400000000247,41.084346771240234,0.17696170508861542,34.95960235595703,39627708879078570,B,25181.0,7.6822,-10.0
4687.200000000247,40.9273681640625,0.17201568186283112,35.047752380371094,39627708879078570,B,25181.0,7.6822,-10.0
4688.000000000247,40.201805114746094,0.19253011047840118,35.60689926147461,39627708879078570,B,25181.0,7.6822,-10.0
4688.800000000248,44.1364631652832,0.1663457751274109,36.31520080566406,39627708879078570,B,25181.0,7.6822,-10.0
4689.600000000248,42.541927337646484,0.16792996227741241,36.189754486083984,39627708879078570,B,25181.0,7.6822,-10.0
4690.400000000248,42.031864166259766,0.17279890179634094,35.219234466552734,39627708879078570,B,25181.0,7.6822,-10.0
4691.200000000248,42.73261642456055,0.17569147050380707,35.178871154785156,39627708879078570,B,25181.0,7.6822,-10.0
4692.000000000248,42.6641731262207,0.18433932960033417,35.63483810424805,39627708879078570,B,25181.0,7.6822,-10.0
4692.8000000002485,38.58589172363281,0.1870085895061493,35.398555755615234,39627708879078570,B,25181.0,7.6822,-10.0
4693.600000000249,41.89866256713867,0.17706246674060822,34.90250015258789,39627708879078570,B,25181.0,7.6822,-10.0
4694.400000000249,39.67824935913086,0.18023695051670074,34.864959716796875,39627708879078570,B,25181.0,7.6822,-10.0
4695.200000000249,38.947364807128906,0.17560718953609467,35.545204162597656,39627708879078570,B,25181.0,7.6822,-10.0
4696.000000000249,46.243106842041016,0.1781814992427826,36.161216735839844,39627708879078570,B,25181.0,7.6822,-10.0
4696.800000000249,44.914913177490234,0.17070372402668,36.06650161743164,39627708879078570,B,25181.0,7.6822,-10.0
4697.60000000025,41.04975509643555,0.17664101719856262,36.12763977050781,39627708879078570,B,25181.0,7.6822,-10.0
4698.40000000025,39.68452835083008,0.1814069151878357,36.463314056396484,39627708879078570,B,25181.0,7.6822,-10.0
4699.20000000025,40.057003021240234,0.18986567854881287,36.84297180175781,39627708879078570,B,25181.0,7.6822,-10.0
4700.00000000025,40.30347442626953,0.18504200875759125,37.13966751098633,39627708879078570,B,25181.0,7.6822,-10.0
4700.80000000025,45.249000549316406,0.16372957825660706,36.35759353637695,39627708879078570,B,25181.0,7.6822,-10.0
4701.6000000002505,44.27287673950195,0.17598964273929596,36.90971755981445,39627708879078570,B,25181.0,7.6822,-10.0
4702.400000000251,39.781837463378906,0.18570800125598907,37.91425704956055,39627708879078570,B,25181.0,7.6822,-10.0
4703.200000000251,45.902992248535156,0.1792222410440445,37.747432708740234,39627708879078570,B,25181.0,7.6822,-10.0
4704.000000000251,44.22673797607422,0.1667662113904953,36.552024841308594,39627708879078570,B,25181.0,7.6822,-10.0
4704.800000000251,39.37077331542969,0.1703951507806778,36.277099609375,39627708879078570,B,25181.0,7.6822,-10.0
4705.600000000251,40.215484619140625,0.17746181786060333,36.16667175292969,39627708879078570,B,25181.0,7.6822,-10.0
4706.400000000252,37.17744827270508,0.17900219559669495,36.810791015625,39627708879078570,B,25181.0,7.6822,-10.0
4707.200000000252,40.68207931518555,0.17821677029132843,37.77736282348633,39627708879078570,B,25181.0,7.6822,-10.0
4708.000000000252,38.15904235839844,0.1760428547859192,38.068763732910156,39627708879078570,B,25181.0,7.6822,-10.0
4708.800000000252,45.41141891479492,0.1603495478630066,37.63789367675781,39627708879078570,B,25181.0,7.6822,-10.0
4709.600000000252,42.71751022338867,0.17468295991420746,37.4393310546875,39627708879078570,B,25181.0,7.6822,-10.0
4710.4000000002525,42.2109260559082,0.18352019786834717,37.564613342285156,39627708879078570,B,25181.0,7.6822,-10.0
4711.200000000253,47.60462188720703,0.16580910980701447,37.239341735839844,39627708879078570,B,25181.0,7.6822,-10.0
4712.000000000253,46.0718994140625,0.16280439496040344,36.58379364013672,39627708879078570,B,25181.0,7.6822,-10.0
4712.800000000253,45.36296081542969,0.1666984260082245,36.028778076171875,39627708879078570,B,25181.0,7.6822,-10.0
4713.600000000253,42.44662857055664,0.17245808243751526,35.51814270019531,39627708879078570,B,25181.0,7.6822,-10.0
4714.400000000253,44.110713958740234,0.17772556841373444,35.44009017944336,39627708879078570,B,25181.0,7.6822,-10.0
4715.200000000254,43.906986236572266,0.17998184263706207,36.191707611083984,39627708879078570,B,25181.0,7.6822,-10.0
4716.000000000254,47.59110641479492,0.17649731040000916,36.879234313964844,39627708879078570,B,25181.0,7.6822,-10.0
4716.800000000254,40.157257080078125,0.17713944613933563,36.130130767822266,39627708879078570,B,25181.0,7.6822,-10.0
4717.600000000254,41.935638427734375,0.18121527135372162,34.659236907958984,39627708879078570,B,25181.0,7.6822,-10.0
4718.400000000254,43.963226318359375,0.18008486926555634,33.72545623779297,39627708879078570,B,25181.0,7.6822,-10.0
4719.2000000002545,39.53269958496094,0.1845034658908844,33.186641693115234,39627708879078570,B,25181.0,7.6822,-10.0
4720.000000000255,42.667659759521484,0.17230898141860962,33.56906509399414,39627708879078570,B,25181.0,7.6822,-10.0
4720.800000000255,41.8148078918457,0.1725851595401764,34.05635070800781,39627708879078570,B,25181.0,7.6822,-10.0
4721.600000000255,44.67912292480469,0.1854598969221115,33.778995513916016,39627708879078570,B,25181.0,7.6822,-10.0
4722.400000000255,43.065521240234375,0.16828501224517822,33.921749114990234,39627708879078570,B,25181.0,7.6822,-10.0
4723.200000000255,38.278385162353516,0.18233788013458252,34.262229919433594,39627708879078570,B,25181.0,7.6822,-10.0
4724.000000000256,42.56093978881836,0.17531336843967438,34.72711944580078,39627708879078570,B,25181.0,7.6822,-10.0
4724.800000000256,43.1941032409668,0.17173485457897186,35.050193786621094,39627708879078570,B,25181.0,7.6822,-10.0
4725.600000000256,41.20965576171875,0.18334904313087463,34.87098693847656,39627708879078570,B,25181.0,7.6822,-10.0
4726.400000000256,39.575927734375,0.172617107629776,34.447105407714844,39627708879078570,B,25181.0,7.6822,-10.0
4727.200000000256,45.32254409790039,0.16688662767410278,34.577301025390625,39627708879078570,B,25181.0,7.6822,-10.0
4728.0000000002565,39.795753479003906,0.18312159180641174,35.345516204833984,39627708879078570,B,25181.0,7.6822,-10.0
4728.800000000257,38.04558563232422,0.18015156686306,36.272621154785156,39627708879078570,B,25181.0,7.6822,-10.0
4729.600000000257,39.85383987426758,0.17575353384017944,36.64133071899414,39627708879078570,B,25181.0,7.6822,-10.0
4730.400000000257,41.465614318847656,0.17176492512226105,36.82128143310547,39627708879078570,B,25181.0,7.6822,-10.0
4731.200000000257,37.163516998291016,0.18417634069919586,36.70683288574219,39627708879078570,B,25181.0,7.6822,-10.0
4732.000000000257,40.05652618408203,0.19261270761489868,36.344478607177734,39627708879078570,B,25181.0,7.6822,-10.0
4732.800000000258,44.47671890258789,0.18756987154483795,37.362674713134766,39627708879078570,B,25181.0,7.6822,-10.0
4733.600000000258,40.8230094909668,0.17820273339748383,37.69377899169922,39627708879078570,B,25181.0,7.6822,-10.0
4734.400000000258,41.249210357666016,0.18558473885059357,36.68239974975586,39627708879078570,B,25181.0,7.6822,-10.0
4735.200000000258,41.79009246826172,0.19726769626140594,36.2005729675293,39627708879078570,B,25181.0,7.6822,-10.0
4736.000000000258,47.07612609863281,0.17421232163906097,36.00429916381836,39627708879078570,B,25181.0,7.6822,-10.0
4736.8000000002585,47.15351867675781,0.18526194989681244,36.392940521240234,39627708879078570,B,25181.0,7.6822,-10.0
4737.600000000259,41.79804229736328,0.18957936763763428,37.39637756347656,39627708879078570,B,25181.0,7.6822,-10.0
4738.400000000259,40.276309967041016,0.18602703511714935,37.03334045410156,39627708879078570,B,25181.0,7.6822,-10.0
4739.200000000259,38.14278793334961,0.19323498010635376,35.1987190246582,39627708879078570,B,25181.0,7.6822,-10.0
4740.000000000259,40.68833923339844,0.18259482085704803,35.11909866333008,39627708879078570,B,25181.0,7.6822,-10.0
4740.800000000259,40.40182113647461,0.1792961061000824,36.03105545043945,39627708879078570,B,25181.0,7.6822,-10.0
4741.60000000026,40.97575378417969,0.18932661414146423,36.31466293334961,39627708879078570,B,25181.0,7.6822,-10.0
4742.40000000026,41.62168502807617,0.178415447473526,35.581626892089844,39627708879078570,B,25181.0,7.6822,-10.0
4743.20000000026,43.259132385253906,0.18683499097824097,35.265560150146484,39627708879078570,B,25181.0,7.6822,-10.0
4744.00000000026,37.226531982421875,0.1803779900074005,35.205474853515625,39627708879078570,B,25181.0,7.6822,-10.0
4744.80000000026,45.511436462402344,0.16658204793930054,35.14093780517578,39627708879078570,B,25181.0,7.6822,-10.0
4745.6000000002605,42.505523681640625,0.18337789177894592,35.49848937988281,39627708879078570,B,25181.0,7.6822,-10.0
4746.400000000261,40.78110885620117,0.18784020841121674,36.56703186035156,39627708879078570,B,25181.0,7.6822,-10.0
4747.200000000261,36.944332122802734,0.1912788301706314,36.30559539794922,39627708879078570,B,25181.0,7.6822,-10.0
4748.000000000261,44.30862045288086,0.18774811923503876,35.4970817565918,39627708879078570,B,25181.0,7.6822,-10.0
4748.800000000261,41.174110412597656,0.18220388889312744,35.11863327026367,39627708879078570,B,25181.0,7.6822,-10.0
4749.600000000261,44.025840759277344,0.1871151179075241,35.52288055419922,39627708879078570,B,25181.0,7.6822,-10.0
4750.400000000262,40.85100173950195,0.18948747217655182,36.204345703125,39627708879078570,B,25181.0,7.6822,-10.0
4751.200000000262,41.800167083740234,0.18228262662887573,36.46141052246094,39627708879078570,B,25181.0,7.6822,-10.0
4752.000000000262,43.19215774536133,0.19036905467510223,35.59423065185547,39627708879078570,B,25181.0,7.6822,-10.0
4752.800000000262,37.397308349609375,0.19498880207538605,35.58736801147461,39627708879078570,B,25181.0,7.6822,-10.0
4753.600000000262,37.94349670410156,0.19552215933799744,35.94785690307617,39627708879078570,B,25181.0,7.6822,-10.0
4754.4000000002625,35.47441101074219,0.1966906189918518,35.11846160888672,39627708879078570,B,25181.0,7.6822,-10.0
4755.200000000263,40.29490280151367,0.19136342406272888,35.16263198852539,39627708879078570,B,25181.0,7.6822,-10.0
4756.000000000263,38.248050689697266,0.21716994047164917,36.401100158691406,39627708879078570,B,25181.0,7.6822,-10.0
4756.800000000263,40.03378677368164,0.1783207505941391,36.49552536010742,39627708879078570,B,25181.0,7.6822,-10.0
4757.600000000263,43.42966842651367,0.18624144792556763,35.52668380737305,39627708879078570,B,25181.0,7.6822,-10.0
4758.400000000263,38.685523986816406,0.20031554996967316,34.870967864990234,39627708879078570,B,25181.0,7.6822,-10.0
4759.200000000264,38.75543975830078,0.2031700611114502,34.786155700683594,39627708879078570,B,25181.0,7.6822,-10.0
4760.000000000264,41.42476272583008,0.19552938640117645,33.703250885009766,39627708879078570,B,25181.0,7.6822,-10.0
4760.800000000264,42.527610778808594,0.17728355526924133,31.974308013916016,39627708879078570,B,25181.0,7.6822,-10.0
4761.600000000264,36.90693283081055,0.20662452280521393,30.521142959594727,39627708879078570,B,25181.0,7.6822,-10.0
4762.400000000264,35.08860778808594,0.20199868083000183,30.267906188964844,39627708879078570,B,25181.0,7.6822,-10.0
4763.2000000002645,36.50972366333008,0.18586038053035736,30.954090118408203,39627708879078570,B,25181.0,7.6822,-10.0
4764.000000000265,35.75748062133789,0.1917867362499237,31.441469192504883,39627708879078570,B,25181.0,7.6822,-10.0
4764.800000000265,30.93651008605957,0.2052253633737564,30.528921127319336,39627708879078570,B,25181.0,7.6822,-10.0
4765.600000000265,40.46460723876953,0.19371110200881958,30.576631546020508,39627708879078570,B,25181.0,7.6822,-10.0
4766.400000000265,39.76559829711914,0.19614426791667938,30.239315032958984,39627708879078570,B,25181.0,7.6822,-10.0
4767.200000000265,39.466312408447266,0.20221631228923798,30.70037841796875,39627708879078570,B,25181.0,7.6822,-10.0
4768.000000000266,33.68400573730469,0.204181507229805,30.927473068237305,39627708879078570,B,25181.0,7.6822,-10.0
4768.800000000266,37.186832427978516,0.19077464938163757,29.76831817626953,39627708879078570,B,25181.0,7.6822,-10.0
4769.600000000266,31.35369873046875,0.21374085545539856,29.742210388183594,39627708879078570,B,25181.0,7.6822,-10.0
4770.400000000266,36.90296936035156,0.1990707516670227,29.22864532470703,39627708879078570,B,25181.0,7.6822,-10.0
4771.200000000266,35.3876838684082,0.20144294202327728,27.93867301940918,39627708879078570,B,25181.0,7.6822,-10.0
4772.0000000002665,39.831478118896484,0.19676515460014343,27.585060119628906,39627708879078570,B,25181.0,7.6822,-10.0
4772.800000000267,39.20215606689453,0.19529515504837036,28.387508392333984,39627708879078570,B,25181.0,7.6822,-10.0
4773.600000000267,33.432655334472656,0.20366576313972473,29.439861297607422,39627708879078570,B,25181.0,7.6822,-10.0
4774.400000000267,40.31999588012695,0.19155913591384888,30.168989181518555,39627708879078570,B,25181.0,7.6822,-10.0
4775.200000000267,40.73353958129883,0.18710912764072418,29.367765426635742,39627708879078570,B,25181.0,7.6822,-10.0
4776.000000000267,35.52499771118164,0.19466529786586761,28.394556045532227,39627708879078570,B,25181.0,7.6822,-10.0
4776.800000000268,39.63086700439453,0.1970999538898468,28.891298294067383,39627708879078570,B,25181.0,7.6822,-10.0
4777.600000000268,36.92879867553711,0.1974223107099533,29.77182388305664,39627708879078570,B,25181.0,7.6822,-10.0
4778.400000000268,40.2275390625,0.1991550177335739,29.38761329650879,39627708879078570,B,25181.0,7.6822,-10.0
4779.200000000268,34.03200149536133,0.21600589156150818,29.190095901489258,39627708879078570,B,25181.0,7.6822,-10.0
4780.000000000268,37.00564193725586,0.2018837034702301,29.424030303955078,39627708879078570,B,25181.0,7.6822,-10.0
4780.8000000002685,37.265647888183594,0.2033555954694748,30.251609802246094,39627708879078570,B,25181.0,7.6822,-10.0
4781.600000000269,32.98776626586914,0.2196274846792221,30.14661979675293,39627708879078570,B,25181.0,7.6822,-10.0
4782.400000000269,35.110408782958984,0.20107613503932953,29.16979217529297,39627708879078570,B,25181.0,7.6822,-10.0
4783.200000000269,35.10852813720703,0.2142201066017151,28.895137786865234,39627708879078570,B,25181.0,7.6822,-10.0
4784.000000000269,39.617950439453125,0.19752684235572815,29.80350112915039,39627708879078570,B,25181.0,7.6822,-10.0
4784.800000000269,34.53053283691406,0.20627020299434662,30.782630920410156,39627708879078570,B,25181.0,7.6822,-10.0
4785.60000000027,35.50347900390625,0.19892407953739166,30.0987491607666,39627708879078570,B,25181.0,7.6822,-10.0
4786.40000000027,34.360111236572266,0.20878857374191284,29.826770782470703,39627708879078570,B,25181.0,7.6822,-10.0
4787.20000000027,35.80869674682617,0.21601976454257965,31.854368209838867,39627708879078570,B,25181.0,7.6822,-10.0
4788.00000000027,33.65541458129883,0.21473033726215363,33.30064010620117,39627708879078570,B,25181.0,7.6822,-10.0
4788.80000000027,34.60666275024414,0.2131921648979187,31.859333038330078,39627708879078570,B,25181.0,7.6822,-10.0
4789.6000000002705,33.936614990234375,0.21325144171714783,31.141992568969727,39627708879078570,B,25181.0,7.6822,-10.0
4790.400000000271,37.498863220214844,0.20763349533081055,32.46984100341797,39627708879078570,B,25181.0,7.6822,-10.0
4791.200000000271,34.480281829833984,0.21754109859466553,33.392059326171875,39627708879078570,B,25181.0,7.6822,-10.0
4792.000000000271,37.07162857055664,0.20642781257629395,32.8982048034668,39627708879078570,B,25181.0,7.6822,-10.0
4792.800000000271,31.800500869750977,0.22806677222251892,32.611507415771484,39627708879078570,B,25181.0,7.6822,-10.0
4793.600000000271,35.96062469482422,0.20026446878910065,32.7442512512207,39627708879078570,B,25181.0,7.6822,-10.0
4794.400000000272,33.792728424072266,0.20712196826934814,31.787614822387695,39627708879078570,B,25181.0,7.6822,-10.0
4795.200000000272,36.65462112426758,0.21104657649993896,31.212970733642578,39627708879078570,B,25181.0,7.6822,-10.0
4796.000000000272,38.20574188232422,0.2052883505821228,31.571870803833008,39627708879078570,B,25181.0,7.6822,-10.0
4796.800000000272,32.72520446777344,0.20695380866527557,31.745237350463867,39627708879078570,B,25181.0,7.6822,-10.0
4797.600000000272,33.21733856201172,0.2234880030155182,32.11751174926758,39627708879078570,B,25181.0,7.6822,-10.0
4798.4000000002725,34.52040100097656,0.21163392066955566,32.664066314697266,39627708879078570,B,25181.0,7.6822,-10.0
4799.200000000273,34.734886169433594,0.22038878500461578,33.64784622192383,39627708879078570,B,25181.0,7.6822,-10.0
4800.000000000273,33.02708435058594,0.2056085169315338,35.10474395751953,39627708879078570,B,25181.0,7.6822,-10.0
4800.800000000273,37.853416442871094,0.22579023241996765,35.0384521484375,39627708879078570,B,25181.0,7.6822,-10.0
4801.600000000273,32.447994232177734,0.21344827115535736,35.104278564453125,39627708879078570,B,25181.0,7.6822,-10.0
4802.400000000273,31.293909072875977,0.23333154618740082,34.884613037109375,39627708879078570,B,25181.0,7.6822,-10.0
4803.200000000274,34.744361877441406,0.22676007449626923,33.78337860107422,39627708879078570,B,25181.0,7.6822,-10.0
4804.000000000274,34.65171432495117,0.2195730060338974,32.44339370727539,39627708879078570,B,25181.0,7.6822,-10.0
4804.800000000274,32.90331268310547,0.2338433414697647,31.106801986694336,39627708879078570,B,25181.0,7.6822,-10.0
4805.600000000274,29.83289337158203,0.24126100540161133,31.43488121032715,39627708879078570,B,25181.0,7.6822,-10.0
4806.400000000274,33.740867614746094,0.24282290041446686,31.880897521972656,39627708879078570,B,25181.0,7.6822,-10.0
4807.2000000002745,36.488956451416016,0.2267199009656906,30.714319229125977,39627708879078570,B,25181.0,7.6822,-10.0
4808.000000000275,33.7748908996582,0.224729984998703,30.275739669799805,39627708879078570,B,25181.0,7.6822,-10.0
4808.800000000275,32.72789001464844,0.242203488945961,30.91869354248047,39627708879078570,B,25181.0,7.6822,-10.0
4809.600000000275,32.74888229370117,0.23668400943279266,30.85781478881836,39627708879078570,B,25181.0,7.6822,-10.0
4810.400000000275,34.96396255493164,0.22567276656627655,30.17770767211914,39627708879078570,B,25181.0,7.6822,-10.0
4811.200000000275,32.530120849609375,0.2187044620513916,28.418733596801758,39627708879078570,B,25181.0,7.6822,-10.0
4812.000000000276,33.02674102783203,0.23809024691581726,27.62563133239746,39627708879078570,B,25181.0,7.6822,-10.0
4812.800000000276,30.629175186157227,0.25977373123168945,28.3767147064209,39627708879078570,B,25181.0,7.6822,-10.0
4813.600000000276,31.35447883605957,0.24746589362621307,29.106828689575195,39627708879078570,B,25181.0,7.6822,-10.0
4814.400000000276,32.008052825927734,0.2647864818572998,28.54192543029785,39627708879078570,B,25181.0,7.6822,-10.0
4815.200000000276,31.11203956604004,0.24053296446800232,28.06650733947754,39627708879078570,B,25181.0,7.6822,-10.0
4816.0000000002765,34.14870834350586,0.24170143902301788,29.047603607177734,39627708879078570,B,25181.0,7.6822,-10.0
4816.800000000277,33.82597351074219,0.22776786983013153,30.011009216308594,39627708879078570,B,25181.0,7.6822,-10.0
4817.600000000277,35.65195083618164,0.22406288981437683,30.321420669555664,39627708879078570,B,25181.0,7.6822,-10.0
4818.400000000277,33.05258560180664,0.22942182421684265,30.895339965820312,39627708879078570,B,25181.0,7.6822,-10.0
4819.200000000277,30.46734046936035,0.24948929250240326,31.62176513671875,39627708879078570,B,25181.0,7.6822,-10.0
4820.000000000277,30.619474411010742,0.2431192696094513,30.408172607421875,39627708879078570,B,25181.0,7.6822,-10.0
4820.800000000278,29.703868865966797,0.24965377151966095,29.603290557861328,39627708879078570,B,25181.0,7.6822,-10.0
4821.600000000278,32.306556701660156,0.25840359926223755,30.104162216186523,39627708879078570,B,25181.0,7.6822,-10.0
4822.400000000278,32.3105583190918,0.25753265619277954,30.37578773498535,39627708879078570,B,25181.0,7.6822,-10.0
4823.200000000278,31.809005737304688,0.25512823462486267,29.939237594604492,39627708879078570,B,25181.0,7.6822,-10.0
4824.000000000278,31.41588020324707,0.24536801874637604,30.72528648376465,39627708879078570,B,25181.0,7.6822,-10.0
4824.8000000002785,30.162492752075195,0.23004047572612762,32.08047866821289,39627708879078570,B,25181.0,7.6822,-10.0
4825.600000000279,29.59847640991211,0.22516323626041412,31.769811630249023,39627708879078570,B,25181.0,7.6822,-10.0
4826.400000000279,31.766006469726562,0.23909452557563782,30.46134376525879,39627708879078570,B,25181.0,7.6822,-10.0
4827.200000000279,32.704017639160156,0.23761491477489471,30.246984481811523,39627708879078570,B,25181.0,7.6822,-10.0
4828.000000000279,30.8758602142334,0.2463856339454651,30.218687057495117,39627708879078570,B,25181.0,7.6822,-10.0
4828.800000000279,29.829317092895508,0.2593671977519989,30.35190773010254,39627708879078570,B,25181.0,7.6822,-10.0
4829.60000000028,32.2988166809082,0.2433186173439026,30.816394805908203,39627708879078570,B,25181.0,7.6822,-10.0
4830.40000000028,30.879968643188477,0.27186456322669983,31.401695251464844,39627708879078570,B,25181.0,7.6822,-10.0
4831.20000000028,29.109661102294922,0.26227661967277527,30.82010841369629,39627708879078570,B,25181.0,7.6822,-10.0
4832.00000000028,28.98629379272461,0.2606082558631897,30.90837287902832,39627708879078570,B,25181.0,7.6822,-10.0
4832.80000000028,28.415502548217773,0.24715891480445862,32.03352355957031,39627708879078570,B,25181.0,7.6822,-10.0
4833.6000000002805,28.744754791259766,0.2628694474697113,32.82755661010742,39627708879078570,B,25181.0,7.6822,-10.0
4834.400000000281,30.610807418823242,0.25012537837028503,32.675865173339844,39627708879078570,B,25181.0,7.6822,-10.0
4835.200000000281,27.79290771484375,0.26328882575035095,31.750154495239258,39627708879078570,B,25181.0,7.6822,-10.0
4836.000000000281,28.57102394104004,0.278529554605484,31.493867874145508,39627708879078570,B,25181.0,7.6822,-10.0
4836.800000000281,28.539384841918945,0.25215548276901245,32.48466491699219,39627708879078570,B,25181.0,7.6822,-10.0
4837.600000000281,27.424015045166016,0.26954787969589233,33.46940231323242,39627708879078570,B,25181.0,7.6822,-10.0
4838.400000000282,27.39982032775879,0.26695379614830017,32.543907165527344,39627708879078570,B,25181.0,7.6822,-10.0
4839.200000000282,29.597843170166016,0.27228403091430664,32.66842269897461,39627708879078570,B,25181.0,7.6822,-10.0
4840.000000000282,30.285715103149414,0.2664569616317749,33.8127326965332,39627708879078570,B,25181.0,7.6822,-10.0
4840.800000000282,25.1566104888916,0.27511078119277954,33.959354400634766,39627708879078570,B,25181.0,7.6822,-10.0
4841.600000000282,25.042251586914062,0.2657546103000641,33.62471008300781,39627708879078570,B,25181.0,7.6822,-10.0
4842.4000000002825,27.68900489807129,0.26650092005729675,32.424198150634766,39627708879078570,B,25181.0,7.6822,-10.0
4843.200000000283,26.693540573120117,0.27501481771469116,32.33371353149414,39627708879078570,B,25181.0,7.6822,-10.0
4844.000000000283,25.032556533813477,0.2747185528278351,33.42716598510742,39627708879078570,B,25181.0,7.6822,-10.0
4844.800000000283,27.627859115600586,0.28331005573272705,34.500633239746094,39627708879078570,B,25181.0,7.6822,-10.0
4845.600000000283,26.959794998168945,0.2774551510810852,33.78662109375,39627708879078570,B,25181.0,7.6822,-10.0
4846.400000000283,31.589563369750977,0.2758024036884308,32.64706802368164,39627708879078570,B,25181.0,7.6822,-10.0
4847.200000000284,27.975675582885742,0.2671419382095337,32.905128479003906,39627708879078570,B,25181.0,7.6822,-10.0
4848.000000000284,22.860454559326172,0.27463558316230774,33.15774154663086,39627708879078570,B,25181.0,7.6822,-10.0
4848.800000000284,28.119029998779297,0.2719699442386627,32.98143005371094,39627708879078570,B,25181.0,7.6822,-10.0
4849.600000000284,22.140958786010742,0.29233452677726746,33.485877990722656,39627708879078570,B,25181.0,7.6822,-10.0
4850.400000000284,23.439002990722656,0.28962066769599915,33.1435432434082,39627708879078570,B,25181.0,7.6822,-10.0
4851.2000000002845,23.564884185791016,0.29947128891944885,31.011890411376953,39627708879078570,B,25181.0,7.6822,-10.0
4852.000000000285,22.052528381347656,0.2921825051307678,29.919479370117188,39627708879078570,B,25181.0,7.6822,-10.0
4852.800000000285,22.318422317504883,0.2924623489379883,30.40658187866211,39627708879078570,B,25181.0,7.6822,-10.0
4853.600000000285,20.314666748046875,0.31396931409835815,30.5617733001709,39627708879078570,B,25181.0,7.6822,-10.0
4854.400000000285,23.724376678466797,0.2834300696849823,30.036991119384766,39627708879078570,B,25181.0,7.6822,-10.0
4855.200000000285,20.385387420654297,0.3141400218009949,30.298845291137695,39627708879078570,B,25181.0,7.6822,-10.0
4856.000000000286,22.063600540161133,0.3102995455265045,32.07383346557617,39627708879078570,B,25181.0,7.6822,-10.0
4856.800000000286,23.659563064575195,0.3090555965900421,34.29513931274414,39627708879078570,B,25181.0,7.6822,-10.0
4857.600000000286,23.44309425354004,0.3104921281337738,33.82979965209961,39627708879078570,B,25181.0,7.6822,-10.0
4858.400000000286,21.691240310668945,0.3238184452056885,31.633615493774414,39627708879078570,B,25181.0,7.6822,-10.0
4859.200000000286,18.378543853759766,0.3370274007320404,30.61773109436035,39627708879078570,B,25181.0,7.6822,-10.0
4860.0000000002865,18.843311309814453,0.3017430007457733,30.629589080810547,39627708879078570,B,25181.0,7.6822,-10.0
4860.800000000287,18.30474090576172,0.31379735469818115,30.315359115600586,39627708879078570,B,25181.0,7.6822,-10.0
4861.600000000287,19.996503829956055,0.3317382037639618,27.83465576171875,39627708879078570,B,25181.0,7.6822,-10.0
4862.400000000287,21.990867614746094,0.33589667081832886,24.087018966674805,39627708879078570,B,25181.0,7.6822,-10.0
4863.200000000287,17.159021377563477,0.32475611567497253,24.09998321533203,39627708879078570,B,25181.0,7.6822,-10.0
4864.000000000287,19.30300521850586,0.3319075107574463,27.849441528320312,39627708879078570,B,25181.0,7.6822,-10.0
4864.800000000288,20.462203979492188,0.31631800532341003,31.5253963470459,39627708879078570,B,25181.0,7.6822,-10.0
4865.600000000288,21.050697326660156,0.3286304771900177,33.64350128173828,39627708879078570,B,25181.0,7.6822,-10.0
4866.400000000288,22.11563491821289,0.30926987528800964,33.402305603027344,39627708879078570,B,25181.0,7.6822,-10.0
4867.200000000288,19.165422439575195,0.31894126534461975,33.29806900024414,39627708879078570,B,25181.0,7.6822,-10.0
4868.000000000288,14.734030723571777,0.3416026830673218,33.48824691772461,39627708879078570,B,25181.0,7.6822,-10.0
4868.8000000002885,20.82444190979004,0.35312268137931824,33.96405792236328,39627708879078570,B,25181.0,7.6822,-10.0
4869.600000000289,20.451269149780273,0.3076285719871521,34.594547271728516,39627708879078570,B,25181.0,7.6822,-10.0
4870.400000000289,23.24724769592285,0.29411375522613525,34.12289810180664,39627708879078570,B,25181.0,7.6822,-10.0
4871.200000000289,24.5325870513916,0.30740341544151306,33.454105377197266,39627708879078570,B,25181.0,7.6822,-10.0
4872.000000000289,20.64118003845215,0.3226413428783417,33.61082458496094,39627708879078570,B,25181.0,7.6822,-10.0
4872.800000000289,25.638763427734375,0.27826541662216187,33.93408203125,39627708879078570,B,25181.0,7.6822,-10.0
4873.60000000029,26.66315269470215,0.2889479696750641,34.01387023925781,39627708879078570,B,25181.0,7.6822,-10.0
4874.40000000029,24.151060104370117,0.30095916986465454,34.52748107910156,39627708879078570,B,25181.0,7.6822,-10.0
4875.20000000029,25.139142990112305,0.2826591730117798,35.241703033447266,39627708879078570,B,25181.0,7.6822,-10.0
4876.00000000029,29.036434173583984,0.2957615256309509,35.08467102050781,39627708879078570,B,25181.0,7.6822,-10.0
4876.80000000029,24.658958435058594,0.2663712203502655,35.09679412841797,39627708879078570,B,25181.0,7.6822,-10.0
4877.6000000002905,26.51128578186035,0.2789020240306854,35.44233703613281,39627708879078570,B,25181.0,7.6822,-10.0
4878.400000000291,25.028738021850586,0.2966661751270294,34.286376953125,39627708879078570,B,25181.0,7.6822,-10.0
4879.200000000291,23.96763038635254,0.3042509853839874,33.091251373291016,39627708879078570,B,25181.0,7.6822,-10.0
4880.000000000291,20.706247329711914,0.2862231433391571,32.445396423339844,39627708879078570,B,25181.0,7.6822,-10.0
4880.800000000291,26.908231735229492,0.2851870059967041,32.05598449707031,39627708879078570,B,25181.0,7.6822,-10.0
4881.600000000291,25.469249725341797,0.2787717580795288,32.230796813964844,39627708879078570,B,25181.0,7.6822,-10.0
4882.400000000292,26.33407211303711,0.27142372727394104,33.38774490356445,39627708879078570,B,25181.0,7.6822,-10.0
4883.200000000292,31.871789932250977,0.2703794240951538,34.94081497192383,39627708879078570,B,25181.0,7.6822,-10.0
4884.000000000292,26.86635971069336,0.28446051478385925,34.919960021972656,39627708879078570,B,25181.0,7.6822,-10.0
4884.800000000292,27.030420303344727,0.2911836802959442,34.787879943847656,39627708879078570,B,25181.0,7.6822,-10.0
4885.600000000292,26.16680335998535,0.29336851835250854,34.94782257080078,39627708879078570,B,25181.0,7.6822,-10.0
4886.4000000002925,28.98492431640625,0.2703023850917816,35.25395202636719,39627708879078570,B,25181.0,7.6822,-10.0
4887.200000000293,30.444358825683594,0.28842106461524963,36.22937774658203,39627708879078570,B,25181.0,7.6822,-10.0
4888.000000000293,30.307336807250977,0.2710079252719879,37.14568328857422,39627708879078570,B,25181.0,7.6822,-10.0
4888.800000000293,28.671062469482422,0.3079655170440674,37.0313835144043,39627708879078570,B,25181.0,7.6822,-10.0
4889.600000000293,28.720096588134766,0.27317333221435547,36.712398529052734,39627708879078570,B,25181.0,7.6822,-10.0
4890.400000000293,34.268646240234375,0.2698590159416199,36.28738784790039,39627708879078570,B,25181.0,7.6822,-10.0
4891.200000000294,28.11785316467285,0.2925964295864105,34.90874481201172,39627708879078570,B,25181.0,7.6822,-10.0
4892.000000000294,29.836532592773438,0.2887713611125946,34.80807876586914,39627708879078570,B,25181.0,7.6822,-10.0
4892.800000000294,25.65251350402832,0.28843042254447937,35.025081634521484,39627708879078570,B,25181.0,7.6822,-10.0
4893.600000000294,30.927217483520508,0.2936347723007202,34.31875228881836,39627708879078570,B,25181.0,7.6822,-10.0
4894.400000000294,33.587703704833984,0.26603105664253235,34.07292938232422,39627708879078570,B,25181.0,7.6822,-10.0
4895.2000000002945,27.711061477661133,0.26211199164390564,34.121517181396484,39627708879078570,B,25181.0,7.6822,-10.0
4896.000000000295,28.863075256347656,0.2712426483631134,33.24461364746094,39627708879078570,B,25181.0,7.6822,-10.0
4896.800000000295,30.05044937133789,0.26635506749153137,32.020755767822266,39627708879078570,B,25181.0,7.6822,-10.0
4897.600000000295,31.254777908325195,0.26739978790283203,31.89647674560547,39627708879078570,B,25181.0,7.6822,-10.0
4898.400000000295,27.824451446533203,0.2786370813846588,31.956634521484375,39627708879078570,B,25181.0,7.6822,-10.0
4899.200000000295,31.319091796875,0.25950029492378235,31.910024642944336,39627708879078570,B,25181.0,7.6822,-10.0
4900.000000000296,28.888193130493164,0.2754683196544647,32.33729553222656,39627708879078570,B,25181.0,7.6822,-10.0
4900.800000000296,30.63595199584961,0.2740722894668579,33.17672348022461,39627708879078570,B,25181.0,7.6822,-10.0
4901.600000000296,32.24521255493164,0.24997849762439728,34.24201583862305,39627708879078570,B,25181.0,7.6822,-10.0
4902.400000000296,32.44927978515625,0.25797757506370544,34.35734939575195,39627708879078570,B,25181.0,7.6822,-10.0
4903.200000000296,30.87555503845215,0.25914573669433594,34.25914764404297,39627708879078570,B,25181.0,7.6822,-10.0
4904.0000000002965,29.38214111328125,0.2845756411552429,34.159210205078125,39627708879078570,B,25181.0,7.6822,-10.0
4904.800000000297,35.36707305908203,0.2532162070274353,34.201576232910156,39627708879078570,B,25181.0,7.6822,-10.0
4905.600000000297,28.583003997802734,0.25961992144584656,34.16401290893555,39627708879078570,B,25181.0,7.6822,-10.0
4906.400000000297,31.651779174804688,0.22448579967021942,33.997222900390625,39627708879078570,B,25181.0,7.6822,-10.0
4907.200000000297,34.549983978271484,0.2593967318534851,33.35886764526367,39627708879078570,B,25181.0,7.6822,-10.0
4908.000000000297,36.370269775390625,0.26189184188842773,33.780853271484375,39627708879078570,B,25181.0,7.6822,-10.0
4908.800000000298,33.69731521606445,0.261880487203598,35.70327377319336,39627708879078570,B,25181.0,7.6822,-10.0
4909.600000000298,34.45930099487305,0.2717653810977936,36.28120040893555,39627708879078570,B,25181.0,7.6822,-10.0
4910.400000000298,36.58788299560547,0.25019389390945435,35.49376678466797,39627708879078570,B,25181.0,7.6822,-10.0
4911.200000000298,31.752269744873047,0.25679510831832886,36.178733825683594,39627708879078570,B,25181.0,7.6822,-10.0
4912.000000000298,33.04428482055664,0.27171334624290466,37.252197265625,39627708879078570,B,25181.0,7.6822,-10.0
4912.8000000002985,35.89326477050781,0.2620271146297455,37.29894256591797,39627708879078570,B,25181.0,7.6822,-10.0
4913.600000000299,32.917823791503906,0.2758704423904419,36.73282241821289,39627708879078570,B,25181.0,7.6822,-10.0
4914.400000000299,31.657196044921875,0.28387418389320374,36.155208587646484,39627708879078570,B,25181.0,7.6822,-10.0
4915.200000000299,32.7790641784668,0.2639915347099304,36.0142936706543,39627708879078570,B,25181.0,7.6822,-10.0
4916.000000000299,35.05967330932617,0.25812873244285583,35.93760299682617,39627708879078570,B,25181.0,7.6822,-10.0
4916.800000000299,33.3431282043457,0.24314068257808685,35.89509201049805,39627708879078570,B,25181.0,7.6822,-10.0
4917.6000000003,32.095794677734375,0.2528036832809448,35.83647918701172,39627708879078570,B,25181.0,7.6822,-10.0
4918.4000000003,34.58002471923828,0.24684908986091614,35.78596496582031,39627708879078570,B,25181.0,7.6822,-10.0
4919.2000000003,34.75025177001953,0.2445235699415207,36.127532958984375,39627708879078570,B,25181.0,7.6822,-10.0
4920.0000000003,33.65378189086914,0.27366816997528076,36.26271438598633,39627708879078570,B,25181.0,7.6822,-10.0
4920.8000000003,29.074607849121094,0.28560683131217957,35.18483352661133,39627708879078570,B,25181.0,7.6822,-10.0
4921.6000000003005,35.083377838134766,0.2840259373188019,35.303016662597656,39627708879078570,B,25181.0,7.6822,-10.0
4922.400000000301,32.63139724731445,0.2637830972671509,36.28464126586914,39627708879078570,B,25181.0,7.6822,-10.0
4923.200000000301,36.164649963378906,0.2514534592628479,36.562408447265625,39627708879078570,B,25181.0,7.6822,-10.0
4924.000000000301,33.19915008544922,0.2469380497932434,37.06377029418945,39627708879078570,B,25181.0,7.6822,-10.0
4924.800000000301,34.94580078125,0.2680158019065857,39.39141845703125,39627708879078570,B,25181.0,7.6822,-10.0
4925.600000000301,35.85545349121094,0.2448778599500656,41.01124572753906,39627708879078570,B,25181.0,7.6822,-10.0
4926.400000000302,37.32579040527344,0.24216830730438232,39.70977020263672,39627708879078570,B,25181.0,7.6822,-10.0
4927.200000000302,34.79875183105469,0.25467222929000854,38.01728820800781,39627708879078570,B,25181.0,7.6822,-10.0
4928.000000000302,34.80284118652344,0.2514767646789551,37.47815704345703,39627708879078570,B,25181.0,7.6822,-10.0
4928.800000000302,35.30160140991211,0.26247426867485046,37.80376052856445,39627708879078570,B,25181.0,7.6822,-10.0
4929.600000000302,36.481937408447266,0.2530384957790375,37.148494720458984,39627708879078570,B,25181.0,7.6822,-10.0
4930.4000000003025,35.698486328125,0.24907144904136658,36.23393249511719,39627708879078570,B,25181.0,7.6822,-10.0
4931.200000000303,33.836334228515625,0.26000067591667175,37.33954620361328,39627708879078570,B,25181.0,7.6822,-10.0
4932.000000000303,34.81159210205078,0.25218814611434937,38.56587600708008,39627708879078570,B,25181.0,7.6822,-10.0
4932.800000000303,33.84683609008789,0.246433287858963,38.08518981933594,39627708879078570,B,25181.0,7.6822,-10.0
4933.600000000303,37.98051834106445,0.23903800547122955,37.75080871582031,39627708879078570,B,25181.0,7.6822,-10.0
4934.400000000303,34.55396270751953,0.23753055930137634,39.04702377319336,39627708879078570,B,25181.0,7.6822,-10.0
4935.200000000304,38.229644775390625,0.2404341846704483,39.706398010253906,39627708879078570,B,25181.0,7.6822,-10.0
4936.000000000304,37.72185516357422,0.24413584172725677,38.30493927001953,39627708879078570,B,25181.0,7.6822,-10.0
4936.800000000304,39.51271057128906,0.2523368000984192,37.59221267700195,39627708879078570,B,25181.0,7.6822,-10.0
4937.600000000304,40.64693832397461,0.25228700041770935,38.857357025146484,39627708879078570,B,25181.0,7.6822,-10.0
4938.400000000304,37.55707931518555,0.24806059896945953,39.17346954345703,39627708879078570,B,25181.0,7.6822,-10.0
4939.2000000003045,37.32209014892578,0.23661522567272186,38.13370895385742,39627708879078570,B,25181.0,7.6822,-10.0
4940.000000000305,39.74009704589844,0.24751624464988708,37.57115173339844,39627708879078570,B,25181.0,7.6822,-10.0
4940.800000000305,37.56938171386719,0.2666288912296295,37.8901481628418,39627708879078570,B,25181.0,7.6822,-10.0
4941.600000000305,35.54873275756836,0.2354157716035843,37.36393356323242,39627708879078570,B,25181.0,7.6822,-10.0
4942.400000000305,35.76741027832031,0.25766924023628235,36.0018196105957,39627708879078570,B,25181.0,7.6822,-10.0
4943.200000000305,35.86549758911133,0.23886770009994507,35.403724670410156,39627708879078570,B,25181.0,7.6822,-10.0
4944.000000000306,38.323665618896484,0.2520030438899994,36.47507095336914,39627708879078570,B,25181.0,7.6822,-10.0
4944.800000000306,39.82642364501953,0.2369563728570938,37.54970169067383,39627708879078570,B,25181.0,7.6822,-10.0
4945.600000000306,34.354888916015625,0.259968638420105,38.00808334350586,39627708879078570,B,25181.0,7.6822,-10.0
4946.400000000306,36.997222900390625,0.24245807528495789,39.14479446411133,39627708879078570,B,25181.0,7.6822,-10.0
4947.200000000306,37.229156494140625,0.25809696316719055,40.82804489135742,39627708879078570,B,25181.0,7.6822,-10.0
4948.0000000003065,37.837303161621094,0.2582714259624481,40.559410095214844,39627708879078570,B,25181.0,7.6822,-10.0
4948.800000000307,37.820396423339844,0.2597341239452362,38.968902587890625,39627708879078570,B,25181.0,7.6822,-10.0
4949.600000000307,37.699485778808594,0.2462509423494339,36.924110412597656,39627708879078570,B,25181.0,7.6822,-10.0
4950.400000000307,41.138031005859375,0.23215235769748688,36.36607360839844,39627708879078570,B,25181.0,7.6822,-10.0
4951.200000000307,37.453651428222656,0.2592392563819885,37.51960754394531,39627708879078570,B,25181.0,7.6822,-10.0
4952.000000000307,39.27928924560547,0.2357851266860962,38.76787185668945,39627708879078570,B,25181.0,7.6822,-10.0
4952.800000000308,40.639949798583984,0.23087051510810852,39.101844787597656,39627708879078570,B,25181.0,7.6822,-10.0
4953.600000000308,37.75564193725586,0.2609875202178955,39.221458435058594,39627708879078570,B,25181.0,7.6822,-10.0
4954.400000000308,37.370933532714844,0.2587718069553375,37.68373107910156,39627708879078570,B,25181.0,7.6822,-10.0
4955.200000000308,36.118614196777344,0.24761776626110077,32.97727966308594,39627708879078570,B,25181.0,7.6822,-10.0
4956.000000000308,34.05469512939453,0.26061126589775085,28.576936721801758,39627708879078570,B,25181.0,7.6822,-10.0
4956.8000000003085,36.43132400512695,0.2557660639286041,25.80707359313965,39627708879078570,B,25181.0,7.6822,-10.0
4957.600000000309,33.92524719238281,0.23950506746768951,25.435640335083008,39627708879078570,B,25181.0,7.6822,-10.0
4958.400000000309,33.46735382080078,0.26118993759155273,27.673980712890625,39627708879078570,B,25181.0,7.6822,-10.0
4959.200000000309,33.44303894042969,0.26591020822525024,29.256887435913086,39627708879078570,B,25181.0,7.6822,-10.0
4960.000000000309,35.154605865478516,0.2532463073730469,27.914276123046875,39627708879078570,B,25181.0,7.6822,-10.0
4960.800000000309,38.66225051879883,0.2500472068786621,26.29049301147461,39627708879078570,B,25181.0,7.6822,-10.0
4961.60000000031,27.884902954101562,0.26807987689971924,25.16264533996582,39627708879078570,B,25181.0,7.6822,-10.0
4962.40000000031,31.162782669067383,0.2663740813732147,25.63364601135254,39627708879078570,B,25181.0,7.6822,-10.0
4963.20000000031,31.65984344482422,0.278028279542923,27.48458480834961,39627708879078570,B,25181.0,7.6822,-10.0
4964.00000000031,30.988292694091797,0.27202391624450684,27.65420913696289,39627708879078570,B,25181.0,7.6822,-10.0
4964.80000000031,33.391178131103516,0.28676846623420715,25.884384155273438,39627708879078570,B,25181.0,7.6822,-10.0
4965.6000000003105,36.2768669128418,0.2683442533016205,26.351726531982422,39627708879078570,B,25181.0,7.6822,-10.0
4966.400000000311,33.08781433105469,0.283860445022583,29.172672271728516,39627708879078570,B,25181.0,7.6822,-10.0
4967.200000000311,33.58362579345703,0.27349376678466797,29.867300033569336,39627708879078570,B,25181.0,7.6822,-10.0
4968.000000000311,32.932186126708984,0.2721758186817169,28.660924911499023,39627708879078570,B,25181.0,7.6822,-10.0
4968.800000000311,35.12007141113281,0.28291386365890503,29.57743263244629,39627708879078570,B,25181.0,7.6822,-10.0
4969.600000000311,35.058467864990234,0.2642875611782074,31.241491317749023,39627708879078570,B,25181.0,7.6822,-10.0
4970.400000000312,31.59945297241211,0.27009090781211853,30.415637969970703,39627708879078570,B,25181.0,7.6822,-10.0
4971.200000000312,36.33483123779297,0.26800331473350525,29.71862030029297,39627708879078570,B,25181.0,7.6822,-10.0
4972.000000000312,34.134769439697266,0.2583344578742981,30.247821807861328,39627708879078570,B,25181.0,7.6822,-10.0
4972.800000000312,37.78742218017578,0.25449374318122864,28.617958068847656,39627708879078570,B,25181.0,7.6822,-10.0
4973.600000000312,35.60057067871094,0.25935351848602295,27.282878875732422,39627708879078570,B,25181.0,7.6822,-10.0
4974.4000000003125,35.02119445800781,0.2662701904773712,28.05245590209961,39627708879078570,B,25181.0,7.6822,-10.0
4975.200000000313,34.200408935546875,0.24187099933624268,27.74226951599121,39627708879078570,B,25181.0,7.6822,-10.0
4976.000000000313,34.28472900390625,0.2524466812610626,27.546175003051758,39627708879078570,B,25181.0,7.6822,-10.0
4976.800000000313,32.35197830200195,0.2726489305496216,29.152585983276367,39627708879078570,B,25181.0,7.6822,-10.0
4977.600000000313,36.93251419067383,0.2657356560230255,30.39667320251465,39627708879078570,B,25181.0,7.6822,-10.0
4978.400000000313,36.51962661743164,0.27252843976020813,30.166011810302734,39627708879078570,B,25181.0,7.6822,-10.0
4979.200000000314,35.659019470214844,0.2566252052783966,30.39175033569336,39627708879078570,B,25181.0,7.6822,-10.0
4980.000000000314,33.41292953491211,0.2596810460090637,30.89695930480957,39627708879078570,B,25181.0,7.6822,-10.0
4980.800000000314,32.05813980102539,0.2718215882778168,30.583637237548828,39627708879078570,B,25181.0,7.6822,-10.0
4981.600000000314,37.97781753540039,0.25795868039131165,31.177879333496094,39627708879078570,B,25181.0,7.6822,-10.0
4982.400000000314,37.96548843383789,0.2430308759212494,31.055252075195312,39627708879078570,B,25181.0,7.6822,-10.0
4983.2000000003145,32.387203216552734,0.26965996623039246,31.08833885192871,39627708879078570,B,25181.0,7.6822,-10.0
4984.000000000315,35.007415771484375,0.25568121671676636,32.17219543457031,39627708879078570,B,25181.0,7.6822,-10.0
4984.800000000315,37.881988525390625,0.2623313069343567,32.913021087646484,39627708879078570,B,25181.0,7.6822,-10.0
4985.600000000315,38.712623596191406,0.27256399393081665,32.15629196166992,39627708879078570,B,25181.0,7.6822,-10.0
4986.400000000315,39.0948600769043,0.2538973391056061,31.15497398376465,39627708879078570,B,25181.0,7.6822,-10.0
4987.200000000315,38.36713409423828,0.2568308413028717,32.016204833984375,39627708879078570,B,25181.0,7.6822,-10.0
4988.000000000316,36.38533020019531,0.26349687576293945,32.504737854003906,39627708879078570,B,25181.0,7.6822,-10.0
4988.800000000316,36.891666412353516,0.24274949729442596,32.047996520996094,39627708879078570,B,25181.0,7.6822,-10.0
4989.600000000316,38.30351257324219,0.25456899404525757,31.348798751831055,39627708879078570,B,25181.0,7.6822,-10.0
4990.400000000316,37.62855911254883,0.2693500518798828,30.951818466186523,39627708879078570,B,25181.0,7.6822,-10.0
4991.200000000316,40.00897216796875,0.24221479892730713,29.820188522338867,39627708879078570,B,25181.0,7.6822,-10.0
4992.0000000003165,35.94646453857422,0.2614187002182007,29.36023712158203,39627708879078570,B,25181.0,7.6822,-10.0
4992.800000000317,40.16177749633789,0.24962791800498962,30.680620193481445,39627708879078570,B,25181.0,7.6822,-10.0
4993.600000000317,36.25096130371094,0.2525429129600525,31.15771484375,39627708879078570,B,25181.0,7.6822,-10.0
4994.400000000317,39.675113677978516,0.2640414237976074,31.6003360748291,39627708879078570,B,25181.0,7.6822,-10.0
4995.200000000317,35.88361740112305,0.2493232637643814,31.841245651245117,39627708879078570,B,25181.0,7.6822,-10.0
4996.000000000317,37.63431930541992,0.26646560430526733,30.527162551879883,39627708879078570,B,25181.0,7.6822,-10.0
4996.800000000318,37.706787109375,0.25961801409721375,30.216049194335938,39627708879078570,B,25181.0,7.6822,-10.0
4997.600000000318,37.5870246887207,0.2581040561199188,30.727468490600586,39627708879078570,B,25181.0,7.6822,-10.0
4998.400000000318,37.14305114746094,0.2668638527393341,31.43442153930664,39627708879078570,B,25181.0,7.6822,-10.0
4999.200000000318,33.694087982177734,0.27569955587387085,31.40857696533203,39627708879078570,B,25181.0,7.6822,-10.0
