wavelength,flux,ivar,model,targetid,clase_aprox,teff,logg,feh
4000.000000000091,4.169482231140137,0.0788152888417244,0.5208689570426941,2305843020383125757,M,3568.9,5.9996,0.41367
4000.800000000091,-2.104581356048584,0.07884946465492249,0.851004421710968,2305843020383125757,M,3568.9,5.9996,0.41367
4001.6000000000913,-9.792617797851562,0.07664306461811066,1.1363896131515503,2305843020383125757,M,3568.9,5.9996,0.41367
4002.4000000000915,4.890955448150635,0.08251473307609558,1.2705682516098022,2305843020383125757,M,3568.9,5.9996,0.41367
4003.2000000000917,1.2746087312698364,0.08181609958410263,1.3424488306045532,2305843020383125757,M,3568.9,5.9996,0.41367
4004.000000000092,5.732032775878906,0.0772591382265091,1.3187910318374634,2305843020383125757,M,3568.9,5.9996,0.41367
4004.800000000092,-2.8150250911712646,0.07432853430509567,1.2076934576034546,2305843020383125757,M,3568.9,5.9996,0.41367
4005.600000000092,2.551853656768799,0.07571324706077576,0.9819356203079224,2305843020383125757,M,3568.9,5.9996,0.41367
4006.4000000000924,-3.88201904296875,0.08193828910589218,0.8842113614082336,2305843020383125757,M,3568.9,5.9996,0.41367
4007.2000000000926,-0.9710569977760315,0.0847804844379425,1.103861689567566,2305843020383125757,M,3568.9,5.9996,0.41367
4008.0000000000928,6.619370937347412,0.0805993527173996,1.2445963621139526,2305843020383125757,M,3568.9,5.9996,0.41367
4008.800000000093,-1.6239290237426758,0.07618392258882523,1.0828391313552856,2305843020383125757,M,3568.9,5.9996,0.41367
4009.600000000093,0.5106167197227478,0.0725642666220665,0.8152403235435486,2305843020383125757,M,3568.9,5.9996,0.41367
4010.4000000000933,-3.002516031265259,0.07431672513484955,0.894945502281189,2305843020383125757,M,3568.9,5.9996,0.41367
4011.2000000000935,4.061049461364746,0.07612742483615875,1.2495837211608887,2305843020383125757,M,3568.9,5.9996,0.41367
4012.0000000000937,0.0808129832148552,0.08275297284126282,1.39254629611969,2305843020383125757,M,3568.9,5.9996,0.41367
4012.800000000094,4.257464408874512,0.0790446549654007,1.3732151985168457,2305843020383125757,M,3568.9,5.9996,0.41367
4013.600000000094,-3.266268014907837,0.07906429469585419,1.395388126373291,2305843020383125757,M,3568.9,5.9996,0.41367
4014.400000000094,0.2868826985359192,0.07861784845590591,1.4519407749176025,2305843020383125757,M,3568.9,5.9996,0.41367
4015.2000000000944,1.3863747119903564,0.07828348875045776,1.5544687509536743,2305843020383125757,M,3568.9,5.9996,0.41367
4016.0000000000946,1.6631864309310913,0.07945486158132553,1.6421483755111694,2305843020383125757,M,3568.9,5.9996,0.41367
4016.8000000000948,0.20858065783977509,0.07922294735908508,1.6266162395477295,2305843020383125757,M,3568.9,5.9996,0.41367
4017.600000000095,-0.9623585939407349,0.08493596315383911,1.535775899887085,2305843020383125757,M,3568.9,5.9996,0.41367
4018.400000000095,3.2564263343811035,0.07942536473274231,1.4551206827163696,2305843020383125757,M,3568.9,5.9996,0.41367
4019.2000000000953,-4.639817714691162,0.07332473993301392,1.439942717552185,2305843020383125757,M,3568.9,5.9996,0.41367
4020.0000000000955,-7.185007572174072,0.0768943727016449,1.4970678091049194,2305843020383125757,M,3568.9,5.9996,0.41367
4020.8000000000957,0.4737696647644043,0.07679052650928497,1.336448311805725,2305843020383125757,M,3568.9,5.9996,0.41367
4021.600000000096,-3.354783773422241,0.08274975419044495,1.1425080299377441,2305843020383125757,M,3568.9,5.9996,0.41367
4022.400000000096,-7.711183071136475,0.0789523646235466,1.2396353483200073,2305843020383125757,M,3568.9,5.9996,0.41367
4023.200000000096,3.725234270095825,0.07920144498348236,1.3122426271438599,2305843020383125757,M,3568.9,5.9996,0.41367
4024.0000000000964,6.512844562530518,0.09259217977523804,1.0870811939239502,2305843020383125757,M,3568.9,5.9996,0.41367
4024.8000000000966,-5.664215564727783,0.09032042324542999,0.7329120635986328,2305843020383125757,M,3568.9,5.9996,0.41367
4025.6000000000968,1.3856104612350464,0.0924299880862236,0.6842857003211975,2305843020383125757,M,3568.9,5.9996,0.41367
4026.400000000097,2.4018394947052,0.09232597053050995,0.9517595171928406,2305843020383125757,M,3568.9,5.9996,0.41367
4027.200000000097,4.158848762512207,0.08772055804729462,1.0838954448699951,2305843020383125757,M,3568.9,5.9996,0.41367
4028.0000000000973,1.8321102857589722,0.08444415032863617,1.0499681234359741,2305843020383125757,M,3568.9,5.9996,0.41367
4028.8000000000975,-5.204222202301025,0.08149901777505875,0.9782935380935669,2305843020383125757,M,3568.9,5.9996,0.41367
4029.6000000000977,4.147654056549072,0.08320102840662003,0.8382979035377502,2305843020383125757,M,3568.9,5.9996,0.41367
4030.400000000098,-1.6874115467071533,0.07842772454023361,0.5693459510803223,2305843020383125757,M,3568.9,5.9996,0.41367
4031.200000000098,1.5498840808868408,0.08001580089330673,0.2973206043243408,2305843020383125757,M,3568.9,5.9996,0.41367
4032.000000000098,0.6909026503562927,0.09774500876665115,0.22670458257198334,2305843020383125757,M,3568.9,5.9996,0.41367
4032.8000000000984,2.027648687362671,0.09583243727684021,0.2727435827255249,2305843020383125757,M,3568.9,5.9996,0.41367
4033.6000000000986,-0.9711387157440186,0.0976523756980896,0.22156186401844025,2305843020383125757,M,3568.9,5.9996,0.41367
4034.4000000000988,-1.7432318925857544,0.09860606491565704,0.18632154166698456,2305843020383125757,M,3568.9,5.9996,0.41367
4035.200000000099,-1.3072478771209717,0.09779784083366394,0.23499001562595367,2305843020383125757,M,3568.9,5.9996,0.41367
4036.000000000099,0.15751664340496063,0.08842062950134277,0.44046831130981445,2305843020383125757,M,3568.9,5.9996,0.41367
4036.8000000000993,1.2489533424377441,0.08225376904010773,0.747608482837677,2305843020383125757,M,3568.9,5.9996,0.41367
4037.6000000000995,-0.8206514716148376,0.08008328080177307,1.0582307577133179,2305843020383125757,M,3568.9,5.9996,0.41367
4038.4000000000997,0.7957297563552856,0.08884687721729279,1.2410972118377686,2305843020383125757,M,3568.9,5.9996,0.41367
4039.2000000001,-2.535156726837158,0.08219574391841888,1.366823434829712,2305843020383125757,M,3568.9,5.9996,0.41367
4040.0000000001,0.33337002992630005,0.07907571643590927,1.4502116441726685,2305843020383125757,M,3568.9,5.9996,0.41367
4040.8000000001,0.7057353258132935,0.08198399841785431,1.442583680152893,2305843020383125757,M,3568.9,5.9996,0.41367
4041.6000000001004,-3.1126761436462402,0.08559679985046387,1.33925461769104,2305843020383125757,M,3568.9,5.9996,0.41367
4042.4000000001006,-2.6653687953948975,0.08499354124069214,1.2706269025802612,2305843020383125757,M,3568.9,5.9996,0.41367
4043.2000000001008,-4.753726959228516,0.0819295272231102,1.3267788887023926,2305843020383125757,M,3568.9,5.9996,0.41367
4044.000000000101,-3.7130284309387207,0.08392798900604248,1.2282178401947021,2305843020383125757,M,3568.9,5.9996,0.41367
4044.800000000101,2.1195878982543945,0.0830339714884758,0.9450522065162659,2305843020383125757,M,3568.9,5.9996,0.41367
4045.6000000001013,-3.1348438262939453,0.08418610692024231,0.6754733920097351,2305843020383125757,M,3568.9,5.9996,0.41367
4046.4000000001015,-0.7887579202651978,0.10172109305858612,0.45550400018692017,2305843020383125757,M,3568.9,5.9996,0.41367
4047.2000000001017,-4.782875061035156,0.08941490948200226,0.4962254464626312,2305843020383125757,M,3568.9,5.9996,0.41367
4048.000000000102,-4.705605506896973,0.07693097740411758,0.7429057359695435,2305843020383125757,M,3568.9,5.9996,0.41367
4048.800000000102,0.07936735451221466,0.08439291268587112,1.0104575157165527,2305843020383125757,M,3568.9,5.9996,0.41367
4049.600000000102,12.463075637817383,0.08163987845182419,1.221563458442688,2305843020383125757,M,3568.9,5.9996,0.41367
4050.4000000001024,0.7121978998184204,0.08543788641691208,1.4201422929763794,2305843020383125757,M,3568.9,5.9996,0.41367
4051.2000000001026,1.9905117750167847,0.0758449137210846,1.54246187210083,2305843020383125757,M,3568.9,5.9996,0.41367
4052.000000000103,3.7036733627319336,0.07622772455215454,1.568628191947937,2305843020383125757,M,3568.9,5.9996,0.41367
4052.800000000103,-4.164107322692871,0.07544407248497009,1.6046661138534546,2305843020383125757,M,3568.9,5.9996,0.41367
4053.600000000103,-2.5148749351501465,0.08511126041412354,1.5692038536071777,2305843020383125757,M,3568.9,5.9996,0.41367
4054.4000000001033,4.951419353485107,0.08691364526748657,1.466498851776123,2305843020383125757,M,3568.9,5.9996,0.41367
4055.2000000001035,-1.348741054534912,0.08921222388744354,1.2433663606643677,2305843020383125757,M,3568.9,5.9996,0.41367
4056.0000000001037,-1.1057552099227905,0.0942612737417221,1.2332091331481934,2305843020383125757,M,3568.9,5.9996,0.41367
4056.800000000104,2.3842108249664307,0.09580919146537781,1.5031532049179077,2305843020383125757,M,3568.9,5.9996,0.41367
4057.600000000104,0.010818948037922382,0.08991046249866486,1.5774294137954712,2305843020383125757,M,3568.9,5.9996,0.41367
4058.4000000001042,-3.992800235748291,0.0878172516822815,1.4196017980575562,2305843020383125757,M,3568.9,5.9996,0.41367
4059.2000000001044,-2.4691152572631836,0.09207087755203247,1.3354382514953613,2305843020383125757,M,3568.9,5.9996,0.41367
4060.0000000001046,1.8957723379135132,0.09099645912647247,1.354502558708191,2305843020383125757,M,3568.9,5.9996,0.41367
4060.800000000105,0.18879739940166473,0.08723197132349014,1.3337458372116089,2305843020383125757,M,3568.9,5.9996,0.41367
4061.600000000105,0.7472361922264099,0.08980844914913177,1.2726491689682007,2305843020383125757,M,3568.9,5.9996,0.41367
4062.400000000105,0.6888659596443176,0.08712135255336761,1.2423385381698608,2305843020383125757,M,3568.9,5.9996,0.41367
4063.2000000001053,1.1859643459320068,0.09127146750688553,0.992965042591095,2305843020383125757,M,3568.9,5.9996,0.41367
4064.0000000001055,0.8825087547302246,0.0948260948061943,0.6603695750236511,2305843020383125757,M,3568.9,5.9996,0.41367
4064.8000000001057,4.0756916999816895,0.09880705177783966,0.5878369212150574,2305843020383125757,M,3568.9,5.9996,0.41367
4065.600000000106,2.047861337661743,0.0909842997789383,0.8628681898117065,2305843020383125757,M,3568.9,5.9996,0.41367
4066.400000000106,-0.2585050165653229,0.09020301699638367,1.170039415359497,2305843020383125757,M,3568.9,5.9996,0.41367
4067.2000000001062,1.0036637783050537,0.09165709465742111,1.3419160842895508,2305843020383125757,M,3568.9,5.9996,0.41367
4068.0000000001064,-6.8856682777404785,0.09495574235916138,1.3695696592330933,2305843020383125757,M,3568.9,5.9996,0.41367
4068.8000000001066,-2.187297821044922,0.0881376713514328,1.41619074344635,2305843020383125757,M,3568.9,5.9996,0.41367
4069.600000000107,1.411123275756836,0.09279149770736694,1.5473315715789795,2305843020383125757,M,3568.9,5.9996,0.41367
4070.400000000107,3.47013783454895,0.08836182951927185,1.556469440460205,2305843020383125757,M,3568.9,5.9996,0.41367
4071.200000000107,2.3530466556549072,0.08950669318437576,1.2891873121261597,2305843020383125757,M,3568.9,5.9996,0.41367
4072.0000000001073,0.3799836039543152,0.08746887743473053,0.8764728307723999,2305843020383125757,M,3568.9,5.9996,0.41367
4072.8000000001075,2.5682406425476074,0.10865369439125061,0.7343714237213135,2305843020383125757,M,3568.9,5.9996,0.41367
4073.6000000001077,4.9947381019592285,0.08149944990873337,1.0624042749404907,2305843020383125757,M,3568.9,5.9996,0.41367
4074.400000000108,-2.0143017768859863,0.08743293583393097,1.3976348638534546,2305843020383125757,M,3568.9,5.9996,0.41367
4075.200000000108,-2.465649127960205,0.09698235988616943,1.4763284921646118,2305843020383125757,M,3568.9,5.9996,0.41367
4076.0000000001082,-3.513315200805664,0.08895403891801834,1.4539415836334229,2305843020383125757,M,3568.9,5.9996,0.41367
4076.8000000001084,-0.35728025436401367,0.08900407701730728,1.3595833778381348,2305843020383125757,M,3568.9,5.9996,0.41367
4077.6000000001086,-5.488966464996338,0.07934080064296722,1.184893012046814,2305843020383125757,M,3568.9,5.9996,0.41367
4078.400000000109,2.0926337242126465,0.09403270483016968,1.039778709411621,2305843020383125757,M,3568.9,5.9996,0.41367
4079.200000000109,2.009650468826294,0.09284821152687073,1.006825566291809,2305843020383125757,M,3568.9,5.9996,0.41367
4080.000000000109,-0.8384301662445068,0.0954086035490036,1.16590416431427,2305843020383125757,M,3568.9,5.9996,0.41367
4080.8000000001093,0.5334608554840088,0.08388404548168182,1.4994635581970215,2305843020383125757,M,3568.9,5.9996,0.41367
4081.6000000001095,6.419589996337891,0.08499705791473389,1.7785589694976807,2305843020383125757,M,3568.9,5.9996,0.41367
4082.4000000001097,0.7900189757347107,0.09789754450321198,1.7743382453918457,2305843020383125757,M,3568.9,5.9996,0.41367
4083.20000000011,1.1536638736724854,0.08910997956991196,1.404481291770935,2305843020383125757,M,3568.9,5.9996,0.41367
4084.00000000011,0.5823543071746826,0.08630918711423874,1.352647066116333,2305843020383125757,M,3568.9,5.9996,0.41367
4084.8000000001102,3.5980308055877686,0.09833155572414398,1.5143383741378784,2305843020383125757,M,3568.9,5.9996,0.41367
4085.6000000001104,-1.2560957670211792,0.09835368394851685,1.7175045013427734,2305843020383125757,M,3568.9,5.9996,0.41367
4086.4000000001106,-1.5758187770843506,0.09591042995452881,1.8933258056640625,2305843020383125757,M,3568.9,5.9996,0.41367
4087.200000000111,-0.2992677688598633,0.07773341238498688,1.9743773937225342,2305843020383125757,M,3568.9,5.9996,0.41367
4088.000000000111,-1.0532171726226807,0.07908748090267181,1.905885100364685,2305843020383125757,M,3568.9,5.9996,0.41367
4088.800000000111,0.227540984749794,0.08525440096855164,1.9210001230239868,2305843020383125757,M,3568.9,5.9996,0.41367
4089.6000000001113,0.24206969141960144,0.0876169502735138,1.959592342376709,2305843020383125757,M,3568.9,5.9996,0.41367
4090.4000000001115,3.8372135162353516,0.09031909704208374,1.9211231470108032,2305843020383125757,M,3568.9,5.9996,0.41367
4091.2000000001117,1.2162030935287476,0.09086105227470398,1.7784775495529175,2305843020383125757,M,3568.9,5.9996,0.41367
4092.000000000112,-3.3847973346710205,0.09189017117023468,1.7986210584640503,2305843020383125757,M,3568.9,5.9996,0.41367
4092.800000000112,-4.563722133636475,0.09174925088882446,1.6720761060714722,2305843020383125757,M,3568.9,5.9996,0.41367
4093.6000000001122,4.047144889831543,0.08980466425418854,1.465293049812317,2305843020383125757,M,3568.9,5.9996,0.41367
4094.4000000001124,2.40348744392395,0.0880904495716095,1.6955091953277588,2305843020383125757,M,3568.9,5.9996,0.41367
4095.2000000001126,4.960019111633301,0.09231474250555038,1.738590121269226,2305843020383125757,M,3568.9,5.9996,0.41367
4096.000000000113,-4.981136798858643,0.09144234657287598,1.3675822019577026,2305843020383125757,M,3568.9,5.9996,0.41367
4096.800000000113,-0.678679883480072,0.09261424094438553,1.2009098529815674,2305843020383125757,M,3568.9,5.9996,0.41367
4097.600000000113,-1.2445905208587646,0.09825264662504196,1.349153757095337,2305843020383125757,M,3568.9,5.9996,0.41367
4098.400000000113,1.8936265707015991,0.10117093473672867,1.4511089324951172,2305843020383125757,M,3568.9,5.9996,0.41367
4099.2000000001135,1.0734809637069702,0.09359528124332428,1.3174421787261963,2305843020383125757,M,3568.9,5.9996,0.41367
4100.000000000114,-2.8741583824157715,0.10462021082639694,1.200908899307251,2305843020383125757,M,3568.9,5.9996,0.41367
4100.800000000114,5.027483940124512,0.11094074696302414,1.0378714799880981,2305843020383125757,M,3568.9,5.9996,0.41367
4101.600000000114,-2.2839035987854004,0.11275924742221832,1.017337679862976,2305843020383125757,M,3568.9,5.9996,0.41367
4102.400000000114,4.040289878845215,0.11793723702430725,1.0814790725708008,2305843020383125757,M,3568.9,5.9996,0.41367
4103.200000000114,3.872347593307495,0.11778472363948822,1.1571773290634155,2305843020383125757,M,3568.9,5.9996,0.41367
4104.000000000115,-2.4785947799682617,0.11817243695259094,1.3274815082550049,2305843020383125757,M,3568.9,5.9996,0.41367
4104.800000000115,-0.25117722153663635,0.11510755121707916,1.3160618543624878,2305843020383125757,M,3568.9,5.9996,0.41367
4105.600000000115,4.326071262359619,0.08873173594474792,1.1914589405059814,2305843020383125757,M,3568.9,5.9996,0.41367
4106.400000000115,-2.8628482818603516,0.08736592531204224,1.2591086626052856,2305843020383125757,M,3568.9,5.9996,0.41367
4107.200000000115,2.8882462978363037,0.09766726195812225,1.4375770092010498,2305843020383125757,M,3568.9,5.9996,0.41367
4108.0000000001155,8.080667495727539,0.1089629977941513,1.4661755561828613,2305843020383125757,M,3568.9,5.9996,0.41367
4108.800000000116,-0.6524316668510437,0.10411964356899261,1.3252692222595215,2305843020383125757,M,3568.9,5.9996,0.41367
4109.600000000116,2.0457427501678467,0.1009802296757698,1.2603518962860107,2305843020383125757,M,3568.9,5.9996,0.41367
4110.400000000116,-2.4418489933013916,0.09685425460338593,1.2196836471557617,2305843020383125757,M,3568.9,5.9996,0.41367
4111.200000000116,-2.357733964920044,0.09940734505653381,1.2798572778701782,2305843020383125757,M,3568.9,5.9996,0.41367
4112.000000000116,-0.5445093512535095,0.09594453871250153,1.1366102695465088,2305843020383125757,M,3568.9,5.9996,0.41367
4112.800000000117,3.1886491775512695,0.10000772029161453,0.9035255908966064,2305843020383125757,M,3568.9,5.9996,0.41367
4113.600000000117,-6.245216369628906,0.0907486230134964,0.9269946813583374,2305843020383125757,M,3568.9,5.9996,0.41367
4114.400000000117,-0.1295735090970993,0.09323295205831528,1.1539658308029175,2305843020383125757,M,3568.9,5.9996,0.41367
4115.200000000117,-0.8512236475944519,0.10218191146850586,1.2028803825378418,2305843020383125757,M,3568.9,5.9996,0.41367
4116.000000000117,2.0117440223693848,0.1033923327922821,1.076054573059082,2305843020383125757,M,3568.9,5.9996,0.41367
4116.8000000001175,-3.381070137023926,0.10081852227449417,1.1452009677886963,2305843020383125757,M,3568.9,5.9996,0.41367
4117.600000000118,1.1871646642684937,0.09913554042577744,1.2503002882003784,2305843020383125757,M,3568.9,5.9996,0.41367
4118.400000000118,6.964910507202148,0.09109601378440857,1.3881183862686157,2305843020383125757,M,3568.9,5.9996,0.41367
4119.200000000118,7.08302116394043,0.08140726387500763,1.3108172416687012,2305843020383125757,M,3568.9,5.9996,0.41367
4120.000000000118,-1.3427457809448242,0.09762989729642868,1.2986894845962524,2305843020383125757,M,3568.9,5.9996,0.41367
4120.800000000118,0.6093086004257202,0.08605852723121643,1.3901419639587402,2305843020383125757,M,3568.9,5.9996,0.41367
4121.600000000119,1.8267250061035156,0.09774205088615417,1.3610210418701172,2305843020383125757,M,3568.9,5.9996,0.41367
4122.400000000119,7.025570869445801,0.10133764892816544,1.3799939155578613,2305843020383125757,M,3568.9,5.9996,0.41367
4123.200000000119,4.613271236419678,0.10427169501781464,1.5085316896438599,2305843020383125757,M,3568.9,5.9996,0.41367
4124.000000000119,7.772236347198486,0.10451561212539673,1.3985135555267334,2305843020383125757,M,3568.9,5.9996,0.41367
4124.800000000119,1.7210956811904907,0.10301473736763,1.4058195352554321,2305843020383125757,M,3568.9,5.9996,0.41367
4125.6000000001195,2.2592289447784424,0.09659150242805481,1.6016961336135864,2305843020383125757,M,3568.9,5.9996,0.41367
4126.40000000012,-4.120731353759766,0.08797818422317505,1.6493195295333862,2305843020383125757,M,3568.9,5.9996,0.41367
4127.20000000012,-3.0988919734954834,0.09453625977039337,1.5691770315170288,2305843020383125757,M,3568.9,5.9996,0.41367
4128.00000000012,-4.206604480743408,0.09965739399194717,1.3760637044906616,2305843020383125757,M,3568.9,5.9996,0.41367
4128.80000000012,-1.8802999258041382,0.10398770868778229,1.1443955898284912,2305843020383125757,M,3568.9,5.9996,0.41367
4129.60000000012,-6.656674861907959,0.1049877256155014,1.232085943222046,2305843020383125757,M,3568.9,5.9996,0.41367
4130.400000000121,1.6237428188323975,0.10352854430675507,1.3548856973648071,2305843020383125757,M,3568.9,5.9996,0.41367
4131.200000000121,-1.02571439743042,0.10727879405021667,1.261590838432312,2305843020383125757,M,3568.9,5.9996,0.41367
4132.000000000121,-1.2863024473190308,0.09228263795375824,1.0108652114868164,2305843020383125757,M,3568.9,5.9996,0.41367
4132.800000000121,-3.076826333999634,0.08724181354045868,0.7928821444511414,2305843020383125757,M,3568.9,5.9996,0.41367
4133.600000000121,-0.7419201135635376,0.10960638523101807,0.8514175415039062,2305843020383125757,M,3568.9,5.9996,0.41367
4134.4000000001215,-1.2129900455474854,0.11006608605384827,0.9755677580833435,2305843020383125757,M,3568.9,5.9996,0.41367
4135.200000000122,-0.4261787235736847,0.09375476837158203,0.9711055755615234,2305843020383125757,M,3568.9,5.9996,0.41367
4136.000000000122,1.1963093280792236,0.08937115967273712,1.150900959968567,2305843020383125757,M,3568.9,5.9996,0.41367
4136.800000000122,-4.200364112854004,0.09865161031484604,1.2979556322097778,2305843020383125757,M,3568.9,5.9996,0.41367
4137.600000000122,-1.2695295810699463,0.09029115736484528,1.2504125833511353,2305843020383125757,M,3568.9,5.9996,0.41367
4138.400000000122,4.301873683929443,0.10418252646923065,1.1733847856521606,2305843020383125757,M,3568.9,5.9996,0.41367
4139.200000000123,-3.41051983833313,0.0849534198641777,1.2404977083206177,2305843020383125757,M,3568.9,5.9996,0.41367
4140.000000000123,0.5678159594535828,0.1015283539891243,1.3668599128723145,2305843020383125757,M,3568.9,5.9996,0.41367
4140.800000000123,6.410885810852051,0.11276182532310486,1.3403611183166504,2305843020383125757,M,3568.9,5.9996,0.41367
4141.600000000123,-1.4756649732589722,0.10522119700908661,1.2969413995742798,2305843020383125757,M,3568.9,5.9996,0.41367
4142.400000000123,2.7705819606781006,0.1017630472779274,1.1644346714019775,2305843020383125757,M,3568.9,5.9996,0.41367
4143.2000000001235,-2.0780649185180664,0.10999223589897156,0.8517773747444153,2305843020383125757,M,3568.9,5.9996,0.41367
4144.000000000124,1.3330103158950806,0.10325731337070465,0.6338282227516174,2305843020383125757,M,3568.9,5.9996,0.41367
4144.800000000124,3.2429046630859375,0.11521854996681213,0.6435071229934692,2305843020383125757,M,3568.9,5.9996,0.41367
4145.600000000124,-0.967593789100647,0.08784093707799911,0.8978825211524963,2305843020383125757,M,3568.9,5.9996,0.41367
4146.400000000124,-1.9861080646514893,0.09777173399925232,1.1259996891021729,2305843020383125757,M,3568.9,5.9996,0.41367
4147.200000000124,2.130004405975342,0.1064319759607315,1.215038776397705,2305843020383125757,M,3568.9,5.9996,0.41367
4148.000000000125,0.49186310172080994,0.10223542153835297,1.248898983001709,2305843020383125757,M,3568.9,5.9996,0.41367
4148.800000000125,2.712843894958496,0.11044015735387802,1.2316176891326904,2305843020383125757,M,3568.9,5.9996,0.41367
4149.600000000125,-0.8143638968467712,0.10345606505870819,1.3227251768112183,2305843020383125757,M,3568.9,5.9996,0.41367
4150.400000000125,-3.112522602081299,0.1030040830373764,1.2826603651046753,2305843020383125757,M,3568.9,5.9996,0.41367
4151.200000000125,0.3194536864757538,0.10692573338747025,1.2227193117141724,2305843020383125757,M,3568.9,5.9996,0.41367
4152.0000000001255,-3.3183422088623047,0.10882190614938736,1.2672449350357056,2305843020383125757,M,3568.9,5.9996,0.41367
4152.800000000126,3.613935708999634,0.10085909068584442,1.3375746011734009,2305843020383125757,M,3568.9,5.9996,0.41367
4153.600000000126,-4.580653190612793,0.10727839916944504,1.3712486028671265,2305843020383125757,M,3568.9,5.9996,0.41367
4154.400000000126,2.0095043182373047,0.10187210142612457,1.3823522329330444,2305843020383125757,M,3568.9,5.9996,0.41367
4155.200000000126,2.6554994583129883,0.10186412185430527,1.3139632940292358,2305843020383125757,M,3568.9,5.9996,0.41367
4156.000000000126,3.6745007038116455,0.08908779174089432,1.2682325839996338,2305843020383125757,M,3568.9,5.9996,0.41367
4156.800000000127,3.715029716491699,0.10905604064464569,1.2490581274032593,2305843020383125757,M,3568.9,5.9996,0.41367
4157.600000000127,-0.1221746876835823,0.0973222404718399,1.2585738897323608,2305843020383125757,M,3568.9,5.9996,0.41367
4158.400000000127,0.44433924555778503,0.10256543010473251,1.3413898944854736,2305843020383125757,M,3568.9,5.9996,0.41367
4159.200000000127,1.7041428089141846,0.10232414305210114,1.5073878765106201,2305843020383125757,M,3568.9,5.9996,0.41367
4160.000000000127,-1.3088699579238892,0.10086458921432495,1.510874629020691,2305843020383125757,M,3568.9,5.9996,0.41367
4160.8000000001275,1.4674361944198608,0.09962217509746552,1.4670217037200928,2305843020383125757,M,3568.9,5.9996,0.41367
4161.600000000128,-2.193877696990967,0.10177475959062576,1.532448410987854,2305843020383125757,M,3568.9,5.9996,0.41367
4162.400000000128,5.4019455909729,0.10331571102142334,1.5044691562652588,2305843020383125757,M,3568.9,5.9996,0.41367
4163.200000000128,3.370494842529297,0.09855657815933228,1.4273033142089844,2305843020383125757,M,3568.9,5.9996,0.41367
4164.000000000128,1.5713894367218018,0.1165611520409584,1.409824252128601,2305843020383125757,M,3568.9,5.9996,0.41367
4164.800000000128,-2.7632219791412354,0.09895949065685272,1.3052080869674683,2305843020383125757,M,3568.9,5.9996,0.41367
4165.600000000129,-2.801884889602661,0.10322199016809464,1.1739263534545898,2305843020383125757,M,3568.9,5.9996,0.41367
4166.400000000129,-3.5995891094207764,0.09954089671373367,1.1646559238433838,2305843020383125757,M,3568.9,5.9996,0.41367
4167.200000000129,-2.6517605781555176,0.09382672607898712,1.182155728340149,2305843020383125757,M,3568.9,5.9996,0.41367
4168.000000000129,-2.872377872467041,0.09275783598423004,1.1467440128326416,2305843020383125757,M,3568.9,5.9996,0.41367
4168.800000000129,-1.237810492515564,0.10251444578170776,1.1583317518234253,2305843020383125757,M,3568.9,5.9996,0.41367
4169.6000000001295,2.747055768966675,0.08866960555315018,1.146341323852539,2305843020383125757,M,3568.9,5.9996,0.41367
4170.40000000013,-2.5679991245269775,0.10536079853773117,1.1169220209121704,2305843020383125757,M,3568.9,5.9996,0.41367
4171.20000000013,-0.4248747229576111,0.10995518416166306,1.1226316690444946,2305843020383125757,M,3568.9,5.9996,0.41367
4172.00000000013,5.482112407684326,0.098830446600914,0.9843486547470093,2305843020383125757,M,3568.9,5.9996,0.41367
4172.80000000013,3.4276959896087646,0.10009293258190155,0.8217315077781677,2305843020383125757,M,3568.9,5.9996,0.41367
4173.60000000013,-4.727602958679199,0.11740421503782272,0.8436485528945923,2305843020383125757,M,3568.9,5.9996,0.41367
4174.400000000131,-3.5745341777801514,0.1052907332777977,0.927238941192627,2305843020383125757,M,3568.9,5.9996,0.41367
4175.200000000131,2.3475112915039062,0.09487313032150269,0.8960355520248413,2305843020383125757,M,3568.9,5.9996,0.41367
4176.000000000131,1.566361904144287,0.11234007775783539,0.8660261034965515,2305843020383125757,M,3568.9,5.9996,0.41367
4176.800000000131,-0.16508851945400238,0.1161283552646637,0.9622485041618347,2305843020383125757,M,3568.9,5.9996,0.41367
4177.600000000131,-0.7120006084442139,0.10073593258857727,1.0553512573242188,2305843020383125757,M,3568.9,5.9996,0.41367
4178.4000000001315,6.311856269836426,0.10594554245471954,1.020334005355835,2305843020383125757,M,3568.9,5.9996,0.41367
4179.200000000132,5.908633708953857,0.11026892811059952,1.0486420392990112,2305843020383125757,M,3568.9,5.9996,0.41367
4180.000000000132,2.992382287979126,0.09709972888231277,1.1379356384277344,2305843020383125757,M,3568.9,5.9996,0.41367
4180.800000000132,-2.5398924350738525,0.10754712671041489,1.155887484550476,2305843020383125757,M,3568.9,5.9996,0.41367
4181.600000000132,1.9596508741378784,0.1019713431596756,1.137899398803711,2305843020383125757,M,3568.9,5.9996,0.41367
4182.400000000132,1.6197264194488525,0.0999821275472641,1.0195777416229248,2305843020383125757,M,3568.9,5.9996,0.41367
4183.200000000133,2.8277201652526855,0.11080670356750488,1.005614161491394,2305843020383125757,M,3568.9,5.9996,0.41367
4184.000000000133,0.3779597580432892,0.10979242622852325,1.0501164197921753,2305843020383125757,M,3568.9,5.9996,0.41367
4184.800000000133,-2.085578680038452,0.11450590193271637,1.0651260614395142,2305843020383125757,M,3568.9,5.9996,0.41367
4185.600000000133,2.281243085861206,0.11428046226501465,1.0127078294754028,2305843020383125757,M,3568.9,5.9996,0.41367
4186.400000000133,2.27630352973938,0.11740812659263611,0.9790550470352173,2305843020383125757,M,3568.9,5.9996,0.41367
4187.2000000001335,3.7408180236816406,0.10713617503643036,0.9094378352165222,2305843020383125757,M,3568.9,5.9996,0.41367
4188.000000000134,-1.3631318807601929,0.10845604538917542,0.8351843357086182,2305843020383125757,M,3568.9,5.9996,0.41367
4188.800000000134,-1.229685664176941,0.11917148530483246,0.8469810485839844,2305843020383125757,M,3568.9,5.9996,0.41367
4189.600000000134,3.035637378692627,0.11407237499952316,0.9058656096458435,2305843020383125757,M,3568.9,5.9996,0.41367
4190.400000000134,3.984410047531128,0.11102400720119476,0.9314967393875122,2305843020383125757,M,3568.9,5.9996,0.41367
4191.200000000134,6.785670280456543,0.12096017599105835,0.8917049765586853,2305843020383125757,M,3568.9,5.9996,0.41367
4192.000000000135,-1.1931004524230957,0.12354807555675507,0.8290385007858276,2305843020383125757,M,3568.9,5.9996,0.41367
4192.800000000135,-0.10942280292510986,0.12340942025184631,0.8757643103599548,2305843020383125757,M,3568.9,5.9996,0.41367
4193.600000000135,-1.6774847507476807,0.11405593901872635,0.9847712516784668,2305843020383125757,M,3568.9,5.9996,0.41367
4194.400000000135,2.9850590229034424,0.11996886134147644,0.9829373359680176,2305843020383125757,M,3568.9,5.9996,0.41367
4195.200000000135,-0.6933005452156067,0.11341498047113419,0.9530842304229736,2305843020383125757,M,3568.9,5.9996,0.41367
4196.0000000001355,1.9144266843795776,0.09699559211730957,0.9114816784858704,2305843020383125757,M,3568.9,5.9996,0.41367
4196.800000000136,7.577769756317139,0.11628539115190506,0.901584267616272,2305843020383125757,M,3568.9,5.9996,0.41367
4197.600000000136,-4.357152462005615,0.11953301727771759,0.8810946941375732,2305843020383125757,M,3568.9,5.9996,0.41367
4198.400000000136,0.6884305477142334,0.1092304140329361,0.7865015268325806,2305843020383125757,M,3568.9,5.9996,0.41367
4199.200000000136,-0.3222748935222626,0.11236549913883209,0.6667604446411133,2305843020383125757,M,3568.9,5.9996,0.41367
4200.000000000136,-3.364053249359131,0.11959734559059143,0.6600009202957153,2305843020383125757,M,3568.9,5.9996,0.41367
4200.800000000137,-1.5906283855438232,0.12191319465637207,0.6923183798789978,2305843020383125757,M,3568.9,5.9996,0.41367
4201.600000000137,-7.248558044433594,0.13543812930583954,0.6789857149124146,2305843020383125757,M,3568.9,5.9996,0.41367
4202.400000000137,2.9763247966766357,0.11954902112483978,0.6028690338134766,2305843020383125757,M,3568.9,5.9996,0.41367
4203.200000000137,1.1360496282577515,0.1294490247964859,0.5520288348197937,2305843020383125757,M,3568.9,5.9996,0.41367
4204.000000000137,2.1049742698669434,0.11810837686061859,0.5930121541023254,2305843020383125757,M,3568.9,5.9996,0.41367
4204.8000000001375,4.048397064208984,0.12702959775924683,0.6508702635765076,2305843020383125757,M,3568.9,5.9996,0.41367
4205.600000000138,-0.7176039814949036,0.1253269910812378,0.6905907392501831,2305843020383125757,M,3568.9,5.9996,0.41367
4206.400000000138,-2.347614288330078,0.12412843108177185,0.7003056406974792,2305843020383125757,M,3568.9,5.9996,0.41367
4207.200000000138,0.10538928210735321,0.12185443937778473,0.6681615710258484,2305843020383125757,M,3568.9,5.9996,0.41367
4208.000000000138,-0.19769638776779175,0.11833830177783966,0.6383194923400879,2305843020383125757,M,3568.9,5.9996,0.41367
4208.800000000138,3.372000217437744,0.11030951887369156,0.643854022026062,2305843020383125757,M,3568.9,5.9996,0.41367
4209.600000000139,0.6400258541107178,0.12066489458084106,0.6267082095146179,2305843020383125757,M,3568.9,5.9996,0.41367
4210.400000000139,1.1894069910049438,0.11773300170898438,0.565296471118927,2305843020383125757,M,3568.9,5.9996,0.41367
4211.200000000139,-1.7409213781356812,0.12199318408966064,0.5152316093444824,2305843020383125757,M,3568.9,5.9996,0.41367
4212.000000000139,-1.2042006254196167,0.11823319643735886,0.5108258724212646,2305843020383125757,M,3568.9,5.9996,0.41367
4212.800000000139,-2.6603546142578125,0.11960430443286896,0.4874397814273834,2305843020383125757,M,3568.9,5.9996,0.41367
4213.6000000001395,1.45439612865448,0.13027554750442505,0.46403372287750244,2305843020383125757,M,3568.9,5.9996,0.41367
4214.40000000014,0.24683435261249542,0.12304484844207764,0.433150053024292,2305843020383125757,M,3568.9,5.9996,0.41367
4215.20000000014,-0.5324925184249878,0.11792995035648346,0.40283504128456116,2305843020383125757,M,3568.9,5.9996,0.41367
4216.00000000014,-2.952885627746582,0.09533308446407318,0.34955501556396484,2305843020383125757,M,3568.9,5.9996,0.41367
4216.80000000014,5.384128570556641,0.12608158588409424,0.3049032986164093,2305843020383125757,M,3568.9,5.9996,0.41367
4217.60000000014,-5.333919048309326,0.10827897489070892,0.3014252185821533,2305843020383125757,M,3568.9,5.9996,0.41367
4218.400000000141,4.837224960327148,0.11747576296329498,0.29379570484161377,2305843020383125757,M,3568.9,5.9996,0.41367
4219.200000000141,-0.16413158178329468,0.12211274355649948,0.2671840488910675,2305843020383125757,M,3568.9,5.9996,0.41367
4220.000000000141,3.6329033374786377,0.1314629167318344,0.23698125779628754,2305843020383125757,M,3568.9,5.9996,0.41367
4220.800000000141,2.983760118484497,0.12312997132539749,0.20956537127494812,2305843020383125757,M,3568.9,5.9996,0.41367
4221.600000000141,1.0634806156158447,0.12324053049087524,0.18159575760364532,2305843020383125757,M,3568.9,5.9996,0.41367
4222.4000000001415,1.8832886219024658,0.12044376134872437,0.15006914734840393,2305843020383125757,M,3568.9,5.9996,0.41367
4223.200000000142,-3.7310948371887207,0.10951252281665802,0.11735785752534866,2305843020383125757,M,3568.9,5.9996,0.41367
4224.000000000142,-2.6721365451812744,0.12384554743766785,0.08850933611392975,2305843020383125757,M,3568.9,5.9996,0.41367
4224.800000000142,2.8150930404663086,0.11993753910064697,0.0602748729288578,2305843020383125757,M,3568.9,5.9996,0.41367
4225.600000000142,1.6339006423950195,0.13065136969089508,0.03277449682354927,2305843020383125757,M,3568.9,5.9996,0.41367
4226.400000000142,-4.4706244468688965,0.14543698728084564,0.010144240222871304,2305843020383125757,M,3568.9,5.9996,0.41367
4227.200000000143,2.138683795928955,0.1479058712720871,-0.0018856516107916832,2305843020383125757,M,3568.9,5.9996,0.41367
4228.000000000143,-2.8332884311676025,0.16687756776809692,-0.002146052895113826,2305843020383125757,M,3568.9,5.9996,0.41367
4228.800000000143,-1.0908973217010498,0.12095152586698532,0.007453112863004208,2305843020383125757,M,3568.9,5.9996,0.41367
4229.600000000143,-0.059835050255060196,0.11681169271469116,0.02675505355000496,2305843020383125757,M,3568.9,5.9996,0.41367
4230.400000000143,-0.3372921049594879,0.12454980611801147,0.05510387569665909,2305843020383125757,M,3568.9,5.9996,0.41367
4231.2000000001435,0.3758804500102997,0.12307457625865936,0.08814600855112076,2305843020383125757,M,3568.9,5.9996,0.41367
4232.000000000144,2.623321771621704,0.12204764038324356,0.12093982100486755,2305843020383125757,M,3568.9,5.9996,0.41367
4232.800000000144,0.5446472764015198,0.116303950548172,0.1488954871892929,2305843020383125757,M,3568.9,5.9996,0.41367
4233.600000000144,-3.2449750900268555,0.11930101364850998,0.173743337392807,2305843020383125757,M,3568.9,5.9996,0.41367
4234.400000000144,2.0399272441864014,0.12492793053388596,0.20262295007705688,2305843020383125757,M,3568.9,5.9996,0.41367
4235.200000000144,-3.8965847492218018,0.1278839111328125,0.23310427367687225,2305843020383125757,M,3568.9,5.9996,0.41367
4236.000000000145,3.1200757026672363,0.12239570915699005,0.26508763432502747,2305843020383125757,M,3568.9,5.9996,0.41367
4236.800000000145,-2.11775541305542,0.12025332450866699,0.2963159680366516,2305843020383125757,M,3568.9,5.9996,0.41367
4237.600000000145,1.6672937870025635,0.12965545058250427,0.34079524874687195,2305843020383125757,M,3568.9,5.9996,0.41367
4238.400000000145,5.44009256362915,0.13513828814029694,0.38067007064819336,2305843020383125757,M,3568.9,5.9996,0.41367
4239.200000000145,3.5724668502807617,0.1395491510629654,0.4114679992198944,2305843020383125757,M,3568.9,5.9996,0.41367
4240.0000000001455,1.6552622318267822,0.1293639838695526,0.4290967285633087,2305843020383125757,M,3568.9,5.9996,0.41367
4240.800000000146,1.0640851259231567,0.1305541694164276,0.44465017318725586,2305843020383125757,M,3568.9,5.9996,0.41367
4241.600000000146,4.040947914123535,0.10941103100776672,0.47642695903778076,2305843020383125757,M,3568.9,5.9996,0.41367
4242.400000000146,-0.3154027760028839,0.12706917524337769,0.5248805284500122,2305843020383125757,M,3568.9,5.9996,0.41367
4243.200000000146,0.5828418731689453,0.11791379749774933,0.5673062205314636,2305843020383125757,M,3568.9,5.9996,0.41367
4244.000000000146,1.0292257070541382,0.12130497395992279,0.6098498702049255,2305843020383125757,M,3568.9,5.9996,0.41367
4244.800000000147,-3.4214255809783936,0.11923865973949432,0.6514719128608704,2305843020383125757,M,3568.9,5.9996,0.41367
4245.600000000147,-0.1447855532169342,0.12943564355373383,0.6715514659881592,2305843020383125757,M,3568.9,5.9996,0.41367
4246.400000000147,-4.390851020812988,0.12579403817653656,0.6705935001373291,2305843020383125757,M,3568.9,5.9996,0.41367
4247.200000000147,0.6196264028549194,0.12272284924983978,0.6661170721054077,2305843020383125757,M,3568.9,5.9996,0.41367
4248.000000000147,3.9109323024749756,0.11019208282232285,0.6606403589248657,2305843020383125757,M,3568.9,5.9996,0.41367
4248.8000000001475,5.70659875869751,0.12291563302278519,0.6916877627372742,2305843020383125757,M,3568.9,5.9996,0.41367
4249.600000000148,6.5419087409973145,0.13970673084259033,0.7218873500823975,2305843020383125757,M,3568.9,5.9996,0.41367
4250.400000000148,-2.700526714324951,0.12991982698440552,0.6926742196083069,2305843020383125757,M,3568.9,5.9996,0.41367
4251.200000000148,0.31097522377967834,0.14006823301315308,0.5814089179039001,2305843020383125757,M,3568.9,5.9996,0.41367
4252.000000000148,-2.3505263328552246,0.13771183788776398,0.5358062982559204,2305843020383125757,M,3568.9,5.9996,0.41367
4252.800000000148,-1.832437515258789,0.12188443541526794,0.5363801717758179,2305843020383125757,M,3568.9,5.9996,0.41367
4253.600000000149,1.9653276205062866,0.1294178068637848,0.46762311458587646,2305843020383125757,M,3568.9,5.9996,0.41367
4254.400000000149,-0.9173069596290588,0.12275638431310654,0.30739626288414,2305843020383125757,M,3568.9,5.9996,0.41367
4255.200000000149,-2.3134539127349854,0.12953761219978333,0.1958344429731369,2305843020383125757,M,3568.9,5.9996,0.41367
4256.000000000149,-2.59809947013855,0.13130322098731995,0.2815127670764923,2305843020383125757,M,3568.9,5.9996,0.41367
4256.800000000149,-0.1972663551568985,0.13096211850643158,0.4631388485431671,2305843020383125757,M,3568.9,5.9996,0.41367
4257.6000000001495,-0.1314833015203476,0.12207122147083282,0.5971499681472778,2305843020383125757,M,3568.9,5.9996,0.41367
4258.40000000015,-2.9204928874969482,0.1237599179148674,0.6610827445983887,2305843020383125757,M,3568.9,5.9996,0.41367
4259.20000000015,2.873140573501587,0.12546226382255554,0.7010367512702942,2305843020383125757,M,3568.9,5.9996,0.41367
4260.00000000015,-0.22175300121307373,0.13216042518615723,0.7507050037384033,2305843020383125757,M,3568.9,5.9996,0.41367
4260.80000000015,-0.3329775333404541,0.13109706342220306,0.7482843995094299,2305843020383125757,M,3568.9,5.9996,0.41367
4261.60000000015,0.09561969339847565,0.14453019201755524,0.7484263181686401,2305843020383125757,M,3568.9,5.9996,0.41367
4262.400000000151,-2.5706491470336914,0.11977210640907288,0.8367996215820312,2305843020383125757,M,3568.9,5.9996,0.41367
4263.200000000151,-1.3289856910705566,0.11718914657831192,0.9012871384620667,2305843020383125757,M,3568.9,5.9996,0.41367
4264.000000000151,2.444700002670288,0.12047097086906433,0.957394003868103,2305843020383125757,M,3568.9,5.9996,0.41367
4264.800000000151,-1.6342518329620361,0.13273395597934723,1.0321017503738403,2305843020383125757,M,3568.9,5.9996,0.41367
4265.600000000151,4.327085494995117,0.12970931828022003,1.06137216091156,2305843020383125757,M,3568.9,5.9996,0.41367
4266.4000000001515,-3.989544153213501,0.12119755148887634,1.0313730239868164,2305843020383125757,M,3568.9,5.9996,0.41367
4267.200000000152,-1.0647131204605103,0.13138467073440552,1.002334713935852,2305843020383125757,M,3568.9,5.9996,0.41367
4268.000000000152,-1.1210442781448364,0.12437561899423599,1.0173152685165405,2305843020383125757,M,3568.9,5.9996,0.41367
4268.800000000152,-1.8303078413009644,0.130512073636055,1.0048549175262451,2305843020383125757,M,3568.9,5.9996,0.41367
4269.600000000152,-2.818047046661377,0.13283908367156982,0.9553124904632568,2305843020383125757,M,3568.9,5.9996,0.41367
4270.400000000152,0.7676531076431274,0.13243016600608826,0.9302988052368164,2305843020383125757,M,3568.9,5.9996,0.41367
4271.200000000153,-1.3495672941207886,0.12034542858600616,0.7949685454368591,2305843020383125757,M,3568.9,5.9996,0.41367
4272.000000000153,2.07981538772583,0.1250784695148468,0.5939691066741943,2305843020383125757,M,3568.9,5.9996,0.41367
4272.800000000153,-1.6236156225204468,0.15288347005844116,0.46103036403656006,2305843020383125757,M,3568.9,5.9996,0.41367
4273.600000000153,1.4163422584533691,0.11704133450984955,0.49170511960983276,2305843020383125757,M,3568.9,5.9996,0.41367
4274.400000000153,2.1518514156341553,0.1499302238225937,0.4493905007839203,2305843020383125757,M,3568.9,5.9996,0.41367
4275.2000000001535,1.3061045408248901,0.13808147609233856,0.2931711971759796,2305843020383125757,M,3568.9,5.9996,0.41367
4276.000000000154,2.5857794284820557,0.1433936208486557,0.25214940309524536,2305843020383125757,M,3568.9,5.9996,0.41367
4276.800000000154,5.825933456420898,0.1326647698879242,0.41387447714805603,2305843020383125757,M,3568.9,5.9996,0.41367
4277.600000000154,-0.7860258221626282,0.131021648645401,0.6242353320121765,2305843020383125757,M,3568.9,5.9996,0.41367
4278.400000000154,-0.027986738830804825,0.13132226467132568,0.8079399466514587,2305843020383125757,M,3568.9,5.9996,0.41367
4279.200000000154,-2.080191135406494,0.1292741745710373,0.9236898422241211,2305843020383125757,M,3568.9,5.9996,0.41367
4280.000000000155,-1.4657360315322876,0.12395842373371124,1.0041059255599976,2305843020383125757,M,3568.9,5.9996,0.41367
4280.800000000155,1.8792773485183716,0.10689473152160645,1.0618237257003784,2305843020383125757,M,3568.9,5.9996,0.41367
4281.600000000155,3.508131265640259,0.13092932105064392,1.077316403388977,2305843020383125757,M,3568.9,5.9996,0.41367
4282.400000000155,1.935012936592102,0.13767290115356445,0.9538506865501404,2305843020383125757,M,3568.9,5.9996,0.41367
4283.200000000155,-4.6620588302612305,0.1393776834011078,0.7724699974060059,2305843020383125757,M,3568.9,5.9996,0.41367
4284.0000000001555,1.3896406888961792,0.1313781589269638,0.6867231130599976,2305843020383125757,M,3568.9,5.9996,0.41367
4284.800000000156,1.2104206085205078,0.13779419660568237,0.8514837026596069,2305843020383125757,M,3568.9,5.9996,0.41367
4285.600000000156,1.6731168031692505,0.12061479687690735,0.9785510897636414,2305843020383125757,M,3568.9,5.9996,0.41367
4286.400000000156,-0.04759358987212181,0.13309937715530396,0.950253963470459,2305843020383125757,M,3568.9,5.9996,0.41367
4287.200000000156,4.547238826751709,0.14865440130233765,0.8829591274261475,2305843020383125757,M,3568.9,5.9996,0.41367
4288.000000000156,0.34124138951301575,0.13047415018081665,0.822422206401825,2305843020383125757,M,3568.9,5.9996,0.41367
4288.800000000157,-0.7998579144477844,0.14126704633235931,0.656813383102417,2305843020383125757,M,3568.9,5.9996,0.41367
4289.600000000157,-1.6581246852874756,0.12787243723869324,0.44855421781539917,2305843020383125757,M,3568.9,5.9996,0.41367
4290.400000000157,-0.751534640789032,0.14005450904369354,0.26604971289634705,2305843020383125757,M,3568.9,5.9996,0.41367
4291.200000000157,-4.758817672729492,0.15004277229309082,0.310302734375,2305843020383125757,M,3568.9,5.9996,0.41367
4292.000000000157,2.8295814990997314,0.14122244715690613,0.5100045204162598,2305843020383125757,M,3568.9,5.9996,0.41367
4292.8000000001575,-2.177701473236084,0.13194036483764648,0.7790243625640869,2305843020383125757,M,3568.9,5.9996,0.41367
4293.600000000158,2.2470829486846924,0.1304844319820404,0.9789608120918274,2305843020383125757,M,3568.9,5.9996,0.41367
4294.400000000158,-2.3698863983154297,0.12875723838806152,1.0661345720291138,2305843020383125757,M,3568.9,5.9996,0.41367
4295.200000000158,1.3424339294433594,0.12112506479024887,1.0627156496047974,2305843020383125757,M,3568.9,5.9996,0.41367
4296.000000000158,-1.4573869705200195,0.1309424191713333,1.1225477457046509,2305843020383125757,M,3568.9,5.9996,0.41367
4296.800000000158,4.684976577758789,0.1407400518655777,1.0876762866973877,2305843020383125757,M,3568.9,5.9996,0.41367
4297.600000000159,4.670543193817139,0.127395898103714,1.1264727115631104,2305843020383125757,M,3568.9,5.9996,0.41367
4298.400000000159,2.0040504932403564,0.1255461573600769,1.0815858840942383,2305843020383125757,M,3568.9,5.9996,0.41367
4299.200000000159,1.7855513095855713,0.11669253557920456,0.8457751870155334,2305843020383125757,M,3568.9,5.9996,0.41367
4300.000000000159,4.050548553466797,0.14552277326583862,0.6248737573623657,2305843020383125757,M,3568.9,5.9996,0.41367
4300.800000000159,1.448336124420166,0.1553015112876892,0.6488088965415955,2305843020383125757,M,3568.9,5.9996,0.41367
4301.6000000001595,1.5734519958496094,0.16398248076438904,0.6431087851524353,2305843020383125757,M,3568.9,5.9996,0.41367
4302.40000000016,1.1911118030548096,0.15853294730186462,0.6314339637756348,2305843020383125757,M,3568.9,5.9996,0.41367
4303.20000000016,0.942183792591095,0.143530935049057,0.5893367528915405,2305843020383125757,M,3568.9,5.9996,0.41367
4304.00000000016,-2.2645199298858643,0.14460545778274536,0.7111777067184448,2305843020383125757,M,3568.9,5.9996,0.41367
4304.80000000016,-0.8243285417556763,0.14408662915229797,0.9478170275688171,2305843020383125757,M,3568.9,5.9996,0.41367
4305.60000000016,-1.4938610792160034,0.15563169121742249,1.0510497093200684,2305843020383125757,M,3568.9,5.9996,0.41367
4306.400000000161,5.858621597290039,0.14580728113651276,0.9065393805503845,2305843020383125757,M,3568.9,5.9996,0.41367
4307.200000000161,-2.394012212753296,0.1377476155757904,0.7483938932418823,2305843020383125757,M,3568.9,5.9996,0.41367
4308.000000000161,2.3894433975219727,0.1412639617919922,0.6476410627365112,2305843020383125757,M,3568.9,5.9996,0.41367
4308.800000000161,1.1705126762390137,0.13627031445503235,0.5744170546531677,2305843020383125757,M,3568.9,5.9996,0.41367
4309.600000000161,-2.2859280109405518,0.14026714861392975,0.7651715874671936,2305843020383125757,M,3568.9,5.9996,0.41367
4310.4000000001615,-0.6106184720993042,0.14063256978988647,1.0293101072311401,2305843020383125757,M,3568.9,5.9996,0.41367
4311.200000000162,-1.4011344909667969,0.12716993689537048,1.2555603981018066,2305843020383125757,M,3568.9,5.9996,0.41367
4312.000000000162,3.423229932785034,0.1376916915178299,1.4270468950271606,2305843020383125757,M,3568.9,5.9996,0.41367
4312.800000000162,0.7246790528297424,0.14469283819198608,1.4139329195022583,2305843020383125757,M,3568.9,5.9996,0.41367
4313.600000000162,3.152594804763794,0.13849619030952454,1.3047358989715576,2305843020383125757,M,3568.9,5.9996,0.41367
4314.400000000162,3.739551067352295,0.1388387829065323,1.2010527849197388,2305843020383125757,M,3568.9,5.9996,0.41367
4315.200000000163,7.611632823944092,0.13863950967788696,1.0602915287017822,2305843020383125757,M,3568.9,5.9996,0.41367
4316.000000000163,-0.3016798496246338,0.12151313573122025,1.058295726776123,2305843020383125757,M,3568.9,5.9996,0.41367
4316.800000000163,-3.0067038536071777,0.10579153150320053,1.2832767963409424,2305843020383125757,M,3568.9,5.9996,0.41367
4317.600000000163,1.140125036239624,0.12564122676849365,1.3414802551269531,2305843020383125757,M,3568.9,5.9996,0.41367
4318.400000000163,2.4178996086120605,0.12680837512016296,1.1482279300689697,2305843020383125757,M,3568.9,5.9996,0.41367
4319.2000000001635,0.5308986902236938,0.12169244885444641,0.8742436170578003,2305843020383125757,M,3568.9,5.9996,0.41367
4320.000000000164,1.5803725719451904,0.13052096962928772,0.9073955416679382,2305843020383125757,M,3568.9,5.9996,0.41367
4320.800000000164,2.218745708465576,0.13055124878883362,1.1930735111236572,2305843020383125757,M,3568.9,5.9996,0.41367
4321.600000000164,2.297788143157959,0.12405776232481003,1.3172955513000488,2305843020383125757,M,3568.9,5.9996,0.41367
4322.400000000164,5.838616847991943,0.12112925201654434,1.3435178995132446,2305843020383125757,M,3568.9,5.9996,0.41367
4323.200000000164,0.9021257758140564,0.11606169492006302,1.4340795278549194,2305843020383125757,M,3568.9,5.9996,0.41367
4324.000000000165,-1.4328538179397583,0.1078675389289856,1.4863219261169434,2305843020383125757,M,3568.9,5.9996,0.41367
4324.800000000165,-4.913105010986328,0.12644287943840027,1.382827877998352,2305843020383125757,M,3568.9,5.9996,0.41367
4325.600000000165,3.551835298538208,0.14046218991279602,1.061551809310913,2305843020383125757,M,3568.9,5.9996,0.41367
4326.400000000165,1.7121632099151611,0.1576404571533203,0.7312121391296387,2305843020383125757,M,3568.9,5.9996,0.41367
4327.200000000165,2.6062989234924316,0.1550738513469696,0.7533887624740601,2305843020383125757,M,3568.9,5.9996,0.41367
4328.0000000001655,3.494044780731201,0.12343871593475342,1.0942646265029907,2305843020383125757,M,3568.9,5.9996,0.41367
4328.800000000166,3.607860803604126,0.11627580970525742,1.459625005722046,2305843020383125757,M,3568.9,5.9996,0.41367
4329.600000000166,1.195533275604248,0.12574610114097595,1.6443902254104614,2305843020383125757,M,3568.9,5.9996,0.41367
4330.400000000166,-2.2475125789642334,0.12750957906246185,1.6395174264907837,2305843020383125757,M,3568.9,5.9996,0.41367
4331.200000000166,2.3962247371673584,0.09995445609092712,1.6642465591430664,2305843020383125757,M,3568.9,5.9996,0.41367
4332.000000000166,2.0597891807556152,0.12257092446088791,1.766424536705017,2305843020383125757,M,3568.9,5.9996,0.41367
4332.800000000167,-1.2598375082015991,0.11165584623813629,1.7376534938812256,2305843020383125757,M,3568.9,5.9996,0.41367
4333.600000000167,2.871910810470581,0.11767441034317017,1.624767541885376,2305843020383125757,M,3568.9,5.9996,0.41367
4334.400000000167,3.630575656890869,0.11924384534358978,1.640512228012085,2305843020383125757,M,3568.9,5.9996,0.41367
4335.200000000167,-0.5579269528388977,0.12826386094093323,1.802259922027588,2305843020383125757,M,3568.9,5.9996,0.41367
4336.000000000167,0.7185419201850891,0.13595452904701233,2.0229432582855225,2305843020383125757,M,3568.9,5.9996,0.41367
4336.8000000001675,0.03574615716934204,0.12368668615818024,2.0852694511413574,2305843020383125757,M,3568.9,5.9996,0.41367
4337.600000000168,1.1228837966918945,0.1260945200920105,1.7370911836624146,2305843020383125757,M,3568.9,5.9996,0.41367
4338.400000000168,-1.362743854522705,0.14956943690776825,1.3529589176177979,2305843020383125757,M,3568.9,5.9996,0.41367
4339.200000000168,3.4641342163085938,0.15548983216285706,1.3382556438446045,2305843020383125757,M,3568.9,5.9996,0.41367
4340.000000000168,0.129899263381958,0.1579166054725647,1.2839336395263672,2305843020383125757,M,3568.9,5.9996,0.41367
4340.800000000168,5.05482292175293,0.16017591953277588,1.273140788078308,2305843020383125757,M,3568.9,5.9996,0.41367
4341.600000000169,5.758962154388428,0.156431183218956,1.4846529960632324,2305843020383125757,M,3568.9,5.9996,0.41367
4342.400000000169,2.937018871307373,0.15815092623233795,1.6333919763565063,2305843020383125757,M,3568.9,5.9996,0.41367
4343.200000000169,2.598940849304199,0.15378504991531372,1.749006748199463,2305843020383125757,M,3568.9,5.9996,0.41367
4344.000000000169,-1.4389739036560059,0.14335967600345612,1.716658353805542,2305843020383125757,M,3568.9,5.9996,0.41367
4344.800000000169,-0.8708176016807556,0.14533588290214539,1.4107779264450073,2305843020383125757,M,3568.9,5.9996,0.41367
4345.6000000001695,-2.5997893810272217,0.14101849496364594,1.2587549686431885,2305843020383125757,M,3568.9,5.9996,0.41367
4346.40000000017,0.3491661250591278,0.13955694437026978,1.5122487545013428,2305843020383125757,M,3568.9,5.9996,0.41367
4347.20000000017,2.152186393737793,0.1334264725446701,1.6436166763305664,2305843020383125757,M,3568.9,5.9996,0.41367
4348.00000000017,3.2584590911865234,0.12733420729637146,1.609618902206421,2305843020383125757,M,3568.9,5.9996,0.41367
4348.80000000017,3.167515277862549,0.13249385356903076,1.7114962339401245,2305843020383125757,M,3568.9,5.9996,0.41367
4349.60000000017,0.33170822262763977,0.13545919954776764,1.9244850873947144,2305843020383125757,M,3568.9,5.9996,0.41367
4350.400000000171,4.711082935333252,0.13476404547691345,2.000685930252075,2305843020383125757,M,3568.9,5.9996,0.41367
4351.200000000171,-0.3335625231266022,0.13036957383155823,1.7312982082366943,2305843020383125757,M,3568.9,5.9996,0.41367
4352.000000000171,5.2369303703308105,0.13670353591442108,1.2600600719451904,2305843020383125757,M,3568.9,5.9996,0.41367
4352.800000000171,-8.158156394958496,0.14131256937980652,1.0527772903442383,2305843020383125757,M,3568.9,5.9996,0.41367
4353.600000000171,2.569286584854126,0.1309969574213028,1.1963813304901123,2305843020383125757,M,3568.9,5.9996,0.41367
4354.4000000001715,0.5223106741905212,0.13185931742191315,1.4444804191589355,2305843020383125757,M,3568.9,5.9996,0.41367
4355.200000000172,0.5523198843002319,0.12517377734184265,1.5373739004135132,2305843020383125757,M,3568.9,5.9996,0.41367
4356.000000000172,1.892527461051941,0.13202138245105743,1.5485265254974365,2305843020383125757,M,3568.9,5.9996,0.41367
4356.800000000172,0.023463303223252296,0.12153660506010056,1.5113015174865723,2305843020383125757,M,3568.9,5.9996,0.41367
4357.600000000172,0.9491167664527893,0.1150619238615036,1.5879089832305908,2305843020383125757,M,3568.9,5.9996,0.41367
4358.400000000172,0.44946375489234924,0.0970124900341034,1.6346067190170288,2305843020383125757,M,3568.9,5.9996,0.41367
4359.200000000173,-3.5321707725524902,0.08901172876358032,1.5669234991073608,2305843020383125757,M,3568.9,5.9996,0.41367
4360.000000000173,2.9337501525878906,0.08665420114994049,1.5133856534957886,2305843020383125757,M,3568.9,5.9996,0.41367
4360.800000000173,-2.6569883823394775,0.10320155322551727,1.4748185873031616,2305843020383125757,M,3568.9,5.9996,0.41367
4361.600000000173,2.741828203201294,0.10422737151384354,1.5739761590957642,2305843020383125757,M,3568.9,5.9996,0.41367
4362.400000000173,-0.12165210396051407,0.09933213144540787,1.5483545064926147,2305843020383125757,M,3568.9,5.9996,0.41367
4363.2000000001735,2.3235020637512207,0.09170345962047577,1.5942211151123047,2305843020383125757,M,3568.9,5.9996,0.41367
4364.000000000174,2.2922956943511963,0.09162098169326782,1.6232364177703857,2305843020383125757,M,3568.9,5.9996,0.41367
4364.800000000174,6.261549949645996,0.09016147255897522,1.7434501647949219,2305843020383125757,M,3568.9,5.9996,0.41367
4365.600000000174,-3.140355348587036,0.07661603391170502,1.8608793020248413,2305843020383125757,M,3568.9,5.9996,0.41367
4366.400000000174,-1.0411114692687988,0.07355724275112152,1.9639391899108887,2305843020383125757,M,3568.9,5.9996,0.41367
4367.200000000174,0.5698827505111694,0.07025890797376633,1.909839153289795,2305843020383125757,M,3568.9,5.9996,0.41367
4368.000000000175,5.31062650680542,0.06470629572868347,1.7759994268417358,2305843020383125757,M,3568.9,5.9996,0.41367
4368.800000000175,0.31182318925857544,0.05961235240101814,1.641225814819336,2305843020383125757,M,3568.9,5.9996,0.41367
4369.600000000175,1.133596658706665,0.052172061055898666,1.8014010190963745,2305843020383125757,M,3568.9,5.9996,0.41367
4370.400000000175,9.938321113586426,0.05042330175638199,1.8603991270065308,2305843020383125757,M,3568.9,5.9996,0.41367
4371.200000000175,3.1116886138916016,0.04655436426401138,1.7680953741073608,2305843020383125757,M,3568.9,5.9996,0.41367
4372.0000000001755,-0.621290385723114,0.04425578936934471,1.5801403522491455,2305843020383125757,M,3568.9,5.9996,0.41367
4372.800000000176,-0.8462788462638855,0.039935849606990814,1.6133211851119995,2305843020383125757,M,3568.9,5.9996,0.41367
4373.600000000176,-3.200153350830078,0.037146568298339844,1.8050849437713623,2305843020383125757,M,3568.9,5.9996,0.41367
4374.400000000176,6.2069478034973145,0.037121742963790894,1.8142591714859009,2305843020383125757,M,3568.9,5.9996,0.41367
4375.200000000176,-2.549713611602783,0.03935427963733673,1.6303861141204834,2305843020383125757,M,3568.9,5.9996,0.41367
4376.000000000176,3.8874170780181885,0.037302665412425995,1.323233723640442,2305843020383125757,M,3568.9,5.9996,0.41367
4376.800000000177,-6.158777236938477,0.034898728132247925,1.0743566751480103,2305843020383125757,M,3568.9,5.9996,0.41367
4377.600000000177,-1.6394485235214233,0.028900571167469025,1.310893177986145,2305843020383125757,M,3568.9,5.9996,0.41367
4378.400000000177,-1.6918493509292603,0.03773288428783417,1.628966212272644,2305843020383125757,M,3568.9,5.9996,0.41367
4379.200000000177,-3.7633235454559326,0.040909312665462494,1.5403236150741577,2305843020383125757,M,3568.9,5.9996,0.41367
4380.000000000177,-0.9921837449073792,0.04435981065034866,1.2708866596221924,2305843020383125757,M,3568.9,5.9996,0.41367
4380.8000000001775,-2.347663164138794,0.04738397151231766,1.2980527877807617,2305843020383125757,M,3568.9,5.9996,0.41367
4381.600000000178,-5.040308475494385,0.04679451882839203,1.4314943552017212,2305843020383125757,M,3568.9,5.9996,0.41367
4382.400000000178,0.480778306722641,0.05407238006591797,1.4759492874145508,2305843020383125757,M,3568.9,5.9996,0.41367
4383.200000000178,-7.586636543273926,0.045757509768009186,1.2556952238082886,2305843020383125757,M,3568.9,5.9996,0.41367
4384.000000000178,-1.1958283185958862,0.04982773959636688,0.873794674873352,2305843020383125757,M,3568.9,5.9996,0.41367
4384.800000000178,1.6084336042404175,0.08031556010246277,0.6657962203025818,2305843020383125757,M,3568.9,5.9996,0.41367
4385.600000000179,2.847796678543091,0.06524807214736938,0.8081589937210083,2305843020383125757,M,3568.9,5.9996,0.41367
4386.400000000179,4.486789226531982,0.05615497753024101,1.2199212312698364,2305843020383125757,M,3568.9,5.9996,0.41367
4387.200000000179,3.4398980140686035,0.05691941827535629,1.5899250507354736,2305843020383125757,M,3568.9,5.9996,0.41367
4388.000000000179,-5.9175872802734375,0.07511404156684875,1.7646887302398682,2305843020383125757,M,3568.9,5.9996,0.41367
4388.800000000179,0.6261654496192932,0.07752177119255066,1.7159762382507324,2305843020383125757,M,3568.9,5.9996,0.41367
4389.6000000001795,-0.27152377367019653,0.09283003211021423,1.6187026500701904,2305843020383125757,M,3568.9,5.9996,0.41367
4390.40000000018,-3.4881527423858643,0.08773558586835861,1.4162092208862305,2305843020383125757,M,3568.9,5.9996,0.41367
4391.20000000018,-0.7973624467849731,0.09952379763126373,1.3957905769348145,2305843020383125757,M,3568.9,5.9996,0.41367
4392.00000000018,3.844270706176758,0.09758574515581131,1.6582742929458618,2305843020383125757,M,3568.9,5.9996,0.41367
4392.80000000018,5.104251384735107,0.08355361223220825,1.8243300914764404,2305843020383125757,M,3568.9,5.9996,0.41367
4393.60000000018,6.4908127784729,0.09681469202041626,1.9177844524383545,2305843020383125757,M,3568.9,5.9996,0.41367
4394.400000000181,1.9186841249465942,0.10684625804424286,1.8749282360076904,2305843020383125757,M,3568.9,5.9996,0.41367
4395.200000000181,-1.2673982381820679,0.09859124571084976,1.7505507469177246,2305843020383125757,M,3568.9,5.9996,0.41367
4396.000000000181,2.7592363357543945,0.1117296814918518,1.4454466104507446,2305843020383125757,M,3568.9,5.9996,0.41367
4396.800000000181,1.8934471607208252,0.11274559050798416,1.5055007934570312,2305843020383125757,M,3568.9,5.9996,0.41367
4397.600000000181,3.094003438949585,0.11214113235473633,1.7825589179992676,2305843020383125757,M,3568.9,5.9996,0.41367
4398.4000000001815,4.907787799835205,0.1244354248046875,1.8809095621109009,2305843020383125757,M,3568.9,5.9996,0.41367
4399.200000000182,4.848588943481445,0.11735732108354568,1.82960844039917,2305843020383125757,M,3568.9,5.9996,0.41367
4400.000000000182,0.9907448291778564,0.11358212679624557,1.739567756652832,2305843020383125757,M,3568.9,5.9996,0.41367
4400.800000000182,-1.4814374446868896,0.11747519671916962,1.5650347471237183,2305843020383125757,M,3568.9,5.9996,0.41367
4401.600000000182,0.0022599243093281984,0.12438270449638367,1.4084978103637695,2305843020383125757,M,3568.9,5.9996,0.41367
4402.400000000182,3.369502544403076,0.12118203938007355,1.5709261894226074,2305843020383125757,M,3568.9,5.9996,0.41367
4403.200000000183,0.855496346950531,0.11652540415525436,1.7709828615188599,2305843020383125757,M,3568.9,5.9996,0.41367
4404.000000000183,3.1986443996429443,0.11726692318916321,1.6846189498901367,2305843020383125757,M,3568.9,5.9996,0.41367
4404.800000000183,-0.07520567625761032,0.10331249237060547,1.2745380401611328,2305843020383125757,M,3568.9,5.9996,0.41367
4405.600000000183,1.467987298965454,0.1368573009967804,0.9028449058532715,2305843020383125757,M,3568.9,5.9996,0.41367
4406.400000000183,0.4350857734680176,0.1274518519639969,1.0087261199951172,2305843020383125757,M,3568.9,5.9996,0.41367
4407.2000000001835,4.372762203216553,0.11871668696403503,1.239755630493164,2305843020383125757,M,3568.9,5.9996,0.41367
4408.000000000184,1.1581310033798218,0.1270902156829834,1.193070650100708,2305843020383125757,M,3568.9,5.9996,0.41367
4408.800000000184,4.077271938323975,0.1277378499507904,1.005730390548706,2305843020383125757,M,3568.9,5.9996,0.41367
4409.600000000184,1.7777732610702515,0.12763452529907227,1.1639115810394287,2305843020383125757,M,3568.9,5.9996,0.41367
4410.400000000184,2.8945467472076416,0.12835252285003662,1.6508911848068237,2305843020383125757,M,3568.9,5.9996,0.41367
4411.200000000184,1.276669979095459,0.12842023372650146,1.9428547620773315,2305843020383125757,M,3568.9,5.9996,0.41367
4412.000000000185,0.6414006948471069,0.12093162536621094,2.0798726081848145,2305843020383125757,M,3568.9,5.9996,0.41367
4412.800000000185,-0.43793565034866333,0.12533661723136902,2.0338408946990967,2305843020383125757,M,3568.9,5.9996,0.41367
4413.600000000185,0.36957255005836487,0.12292233854532242,1.9288219213485718,2305843020383125757,M,3568.9,5.9996,0.41367
4414.400000000185,1.5041707754135132,0.12246903032064438,1.9176300764083862,2305843020383125757,M,3568.9,5.9996,0.41367
4415.200000000185,-4.5079665184021,0.11409178376197815,1.7011913061141968,2305843020383125757,M,3568.9,5.9996,0.41367
4416.0000000001855,2.2877578735351562,0.12484683096408844,1.439794659614563,2305843020383125757,M,3568.9,5.9996,0.41367
4416.800000000186,-0.5211658477783203,0.13376033306121826,1.586800456047058,2305843020383125757,M,3568.9,5.9996,0.41367
4417.600000000186,0.041350942105054855,0.13479945063591003,1.7658601999282837,2305843020383125757,M,3568.9,5.9996,0.41367
4418.400000000186,-0.9477536678314209,0.12777076661586761,1.9886126518249512,2305843020383125757,M,3568.9,5.9996,0.41367
4419.200000000186,1.3237727880477905,0.1317262351512909,2.200857162475586,2305843020383125757,M,3568.9,5.9996,0.41367
4420.000000000186,3.2273004055023193,0.13036903738975525,2.1953136920928955,2305843020383125757,M,3568.9,5.9996,0.41367
4420.800000000187,0.04920341819524765,0.12861019372940063,2.041243314743042,2305843020383125757,M,3568.9,5.9996,0.41367
4421.600000000187,4.173912525177002,0.1268012523651123,1.866924524307251,2305843020383125757,M,3568.9,5.9996,0.41367
4422.400000000187,5.143049240112305,0.12353266030550003,1.5824614763259888,2305843020383125757,M,3568.9,5.9996,0.41367
4423.200000000187,3.041375160217285,0.10577768087387085,1.3984686136245728,2305843020383125757,M,3568.9,5.9996,0.41367
4424.000000000187,-1.3845263719558716,0.13421735167503357,1.3632501363754272,2305843020383125757,M,3568.9,5.9996,0.41367
4424.8000000001875,-0.9953554272651672,0.10458118468523026,1.3277082443237305,2305843020383125757,M,3568.9,5.9996,0.41367
4425.600000000188,-1.8726844787597656,0.14275988936424255,1.0421816110610962,2305843020383125757,M,3568.9,5.9996,0.41367
4426.400000000188,-1.657558560371399,0.13457630574703217,0.7550380229949951,2305843020383125757,M,3568.9,5.9996,0.41367
4427.200000000188,-1.0421576499938965,0.14513131976127625,0.7352396249771118,2305843020383125757,M,3568.9,5.9996,0.41367
4428.000000000188,-0.394771009683609,0.14383824169635773,0.760416567325592,2305843020383125757,M,3568.9,5.9996,0.41367
4428.800000000188,2.8284878730773926,0.13258107006549835,0.9865719676017761,2305843020383125757,M,3568.9,5.9996,0.41367
4429.600000000189,2.5907771587371826,0.13652479648590088,1.3016090393066406,2305843020383125757,M,3568.9,5.9996,0.41367
4430.400000000189,-1.595679521560669,0.1344449818134308,1.3802076578140259,2305843020383125757,M,3568.9,5.9996,0.41367
4431.200000000189,2.8365793228149414,0.13626804947853088,1.3557628393173218,2305843020383125757,M,3568.9,5.9996,0.41367
4432.000000000189,1.6921207904815674,0.13777656853199005,1.44461190700531,2305843020383125757,M,3568.9,5.9996,0.41367
4432.800000000189,0.008640375919640064,0.13723647594451904,1.430056095123291,2305843020383125757,M,3568.9,5.9996,0.41367
4433.6000000001895,0.9884799718856812,0.14527948200702667,1.3198908567428589,2305843020383125757,M,3568.9,5.9996,0.41367
4434.40000000019,2.909940481185913,0.1480730175971985,1.113296389579773,2305843020383125757,M,3568.9,5.9996,0.41367
4435.20000000019,1.275023341178894,0.1447310745716095,0.7873041033744812,2305843020383125757,M,3568.9,5.9996,0.41367
4436.00000000019,-0.31006288528442383,0.1522250771522522,0.5324302315711975,2305843020383125757,M,3568.9,5.9996,0.41367
4436.80000000019,-0.4782305359840393,0.1555519551038742,0.626978874206543,2305843020383125757,M,3568.9,5.9996,0.41367
4437.60000000019,3.5427544116973877,0.1292891651391983,0.9869136810302734,2305843020383125757,M,3568.9,5.9996,0.41367
4438.400000000191,-1.5803613662719727,0.13811123371124268,1.2738995552062988,2305843020383125757,M,3568.9,5.9996,0.41367
4439.200000000191,-1.135146975517273,0.13660603761672974,1.3834295272827148,2305843020383125757,M,3568.9,5.9996,0.41367
4440.000000000191,-1.70943021774292,0.13273432850837708,1.4861713647842407,2305843020383125757,M,3568.9,5.9996,0.41367
4440.800000000191,-2.8957674503326416,0.13736756145954132,1.479239821434021,2305843020383125757,M,3568.9,5.9996,0.41367
4441.600000000191,-0.2713225185871124,0.13152256608009338,1.3958617448806763,2305843020383125757,M,3568.9,5.9996,0.41367
4442.4000000001915,2.0024678707122803,0.14071574807167053,1.3233698606491089,2305843020383125757,M,3568.9,5.9996,0.41367
4443.200000000192,0.3993465304374695,0.15350183844566345,1.3955496549606323,2305843020383125757,M,3568.9,5.9996,0.41367
4444.000000000192,1.2219128608703613,0.16062450408935547,1.5029816627502441,2305843020383125757,M,3568.9,5.9996,0.41367
4444.800000000192,-1.955060601234436,0.14903345704078674,1.5878220796585083,2305843020383125757,M,3568.9,5.9996,0.41367
4445.600000000192,1.5238168239593506,0.13841314613819122,1.6847388744354248,2305843020383125757,M,3568.9,5.9996,0.41367
4446.400000000192,-1.7089437246322632,0.1327095478773117,1.7889856100082397,2305843020383125757,M,3568.9,5.9996,0.41367
4447.200000000193,0.9905379414558411,0.13254451751708984,1.9346431493759155,2305843020383125757,M,3568.9,5.9996,0.41367
4448.000000000193,-0.44656428694725037,0.12042632699012756,1.8996734619140625,2305843020383125757,M,3568.9,5.9996,0.41367
4448.800000000193,4.685594081878662,0.15199428796768188,1.7218995094299316,2305843020383125757,M,3568.9,5.9996,0.41367
4449.600000000193,-0.39352041482925415,0.13191412389278412,1.6192220449447632,2305843020383125757,M,3568.9,5.9996,0.41367
4450.400000000193,-0.8293489813804626,0.14635780453681946,1.6144081354141235,2305843020383125757,M,3568.9,5.9996,0.41367
4451.2000000001935,4.56967830657959,0.13405120372772217,1.6086628437042236,2305843020383125757,M,3568.9,5.9996,0.41367
4452.000000000194,1.6041734218597412,0.15090754628181458,1.4935853481292725,2305843020383125757,M,3568.9,5.9996,0.41367
4452.800000000194,2.3900325298309326,0.14735326170921326,1.3958228826522827,2305843020383125757,M,3568.9,5.9996,0.41367
4453.600000000194,-0.7309481501579285,0.1485106498003006,1.2182517051696777,2305843020383125757,M,3568.9,5.9996,0.41367
4454.400000000194,-2.2060439586639404,0.1336764097213745,0.9450269937515259,2305843020383125757,M,3568.9,5.9996,0.41367
4455.200000000194,1.7252689599990845,0.12415187060832977,0.6959984302520752,2305843020383125757,M,3568.9,5.9996,0.41367
4456.000000000195,0.4821482300758362,0.1372573971748352,0.5389685034751892,2305843020383125757,M,3568.9,5.9996,0.41367
4456.800000000195,6.280893802642822,0.13268792629241943,0.607646107673645,2305843020383125757,M,3568.9,5.9996,0.41367
4457.600000000195,2.7468173503875732,0.12659236788749695,0.8418695330619812,2305843020383125757,M,3568.9,5.9996,0.41367
4458.400000000195,9.140450477600098,0.16262684762477875,1.126560091972351,2305843020383125757,M,3568.9,5.9996,0.41367
4459.200000000195,3.139134168624878,0.1444571167230606,1.3214112520217896,2305843020383125757,M,3568.9,5.9996,0.41367
4460.0000000001955,-0.10649134963750839,0.15226949751377106,1.2673577070236206,2305843020383125757,M,3568.9,5.9996,0.41367
4460.800000000196,5.729302406311035,0.1383790671825409,1.1643412113189697,2305843020383125757,M,3568.9,5.9996,0.41367
4461.600000000196,2.6997642517089844,0.152904212474823,1.1771337985992432,2305843020383125757,M,3568.9,5.9996,0.41367
4462.400000000196,0.36727267503738403,0.14511679112911224,1.0585227012634277,2305843020383125757,M,3568.9,5.9996,0.41367
4463.200000000196,0.625485360622406,0.15095701813697815,1.1029200553894043,2305843020383125757,M,3568.9,5.9996,0.41367
4464.000000000196,6.574752330780029,0.12119302898645401,1.359372615814209,2305843020383125757,M,3568.9,5.9996,0.41367
4464.800000000197,4.400106430053711,0.13135060667991638,1.4531141519546509,2305843020383125757,M,3568.9,5.9996,0.41367
4465.600000000197,3.7556159496307373,0.13232843577861786,1.3802706003189087,2305843020383125757,M,3568.9,5.9996,0.41367
4466.400000000197,2.1588377952575684,0.1459321677684784,1.3093796968460083,2305843020383125757,M,3568.9,5.9996,0.41367
4467.200000000197,-5.273426532745361,0.1443203240633011,1.2807445526123047,2305843020383125757,M,3568.9,5.9996,0.41367
4468.000000000197,1.475179672241211,0.1414976716041565,1.3948177099227905,2305843020383125757,M,3568.9,5.9996,0.41367
4468.8000000001975,-0.1446978747844696,0.15818901360034943,1.5834226608276367,2305843020383125757,M,3568.9,5.9996,0.41367
4469.600000000198,1.686150074005127,0.13988322019577026,1.6784559488296509,2305843020383125757,M,3568.9,5.9996,0.41367
4470.400000000198,1.8537490367889404,0.15001235902309418,1.6013145446777344,2305843020383125757,M,3568.9,5.9996,0.41367
4471.200000000198,3.323213577270508,0.14950662851333618,1.5912907123565674,2305843020383125757,M,3568.9,5.9996,0.41367
4472.000000000198,1.719551682472229,0.1489308625459671,1.5681936740875244,2305843020383125757,M,3568.9,5.9996,0.41367
4472.800000000198,2.34733247756958,0.1448940932750702,1.6114678382873535,2305843020383125757,M,3568.9,5.9996,0.41367
4473.600000000199,4.68808126449585,0.1510205715894699,1.7000563144683838,2305843020383125757,M,3568.9,5.9996,0.41367
4474.400000000199,-0.005265628453344107,0.14555232226848602,1.7937520742416382,2305843020383125757,M,3568.9,5.9996,0.41367
4475.200000000199,0.6900956630706787,0.13663172721862793,1.8352935314178467,2305843020383125757,M,3568.9,5.9996,0.41367
4476.000000000199,5.940783977508545,0.13148890435695648,1.7753647565841675,2305843020383125757,M,3568.9,5.9996,0.41367
4476.800000000199,1.9911845922470093,0.1465054750442505,1.7725718021392822,2305843020383125757,M,3568.9,5.9996,0.41367
4477.6000000001995,1.1058887243270874,0.14883051812648773,1.906416654586792,2305843020383125757,M,3568.9,5.9996,0.41367
4478.4000000002,1.862479567527771,0.14066386222839355,1.9447417259216309,2305843020383125757,M,3568.9,5.9996,0.41367
4479.2000000002,2.082545518875122,0.1496565043926239,2.0183637142181396,2305843020383125757,M,3568.9,5.9996,0.41367
4480.0000000002,3.0836048126220703,0.13585509359836578,2.0463929176330566,2305843020383125757,M,3568.9,5.9996,0.41367
4480.8000000002,3.457967758178711,0.14901970326900482,1.9303046464920044,2305843020383125757,M,3568.9,5.9996,0.41367
4481.6000000002,3.3992583751678467,0.1463005244731903,1.7195136547088623,2305843020383125757,M,3568.9,5.9996,0.41367
4482.400000000201,-2.7516541481018066,0.1604711264371872,1.4776045083999634,2305843020383125757,M,3568.9,5.9996,0.41367
4483.200000000201,-1.246045708656311,0.15222401916980743,1.3215903043746948,2305843020383125757,M,3568.9,5.9996,0.41367
4484.000000000201,-0.5803073644638062,0.1279168277978897,1.5570592880249023,2305843020383125757,M,3568.9,5.9996,0.41367
4484.800000000201,-0.13266992568969727,0.13062256574630737,1.7792260646820068,2305843020383125757,M,3568.9,5.9996,0.41367
4485.600000000201,2.745628833770752,0.14753054082393646,1.810296893119812,2305843020383125757,M,3568.9,5.9996,0.41367
4486.4000000002015,3.4207162857055664,0.14703693985939026,1.8166358470916748,2305843020383125757,M,3568.9,5.9996,0.41367
4487.200000000202,2.646193742752075,0.1436891257762909,1.8749796152114868,2305843020383125757,M,3568.9,5.9996,0.41367
4488.000000000202,4.045916557312012,0.14695937931537628,1.896066665649414,2305843020383125757,M,3568.9,5.9996,0.41367
4488.800000000202,-0.5980919599533081,0.1331082135438919,1.8116223812103271,2305843020383125757,M,3568.9,5.9996,0.41367
4489.600000000202,0.6307221055030823,0.13502028584480286,1.5719980001449585,2305843020383125757,M,3568.9,5.9996,0.41367
4490.400000000202,1.3017351627349854,0.1482602059841156,1.429560661315918,2305843020383125757,M,3568.9,5.9996,0.41367
4491.200000000203,4.701804161071777,0.15296876430511475,1.663091778755188,2305843020383125757,M,3568.9,5.9996,0.41367
4492.000000000203,4.78533411026001,0.1464737206697464,2.143906354904175,2305843020383125757,M,3568.9,5.9996,0.41367
4492.800000000203,-0.8846830725669861,0.1447097659111023,2.418825626373291,2305843020383125757,M,3568.9,5.9996,0.41367
4493.600000000203,1.0624356269836426,0.13508085906505585,2.343569040298462,2305843020383125757,M,3568.9,5.9996,0.41367
4494.400000000203,4.191720962524414,0.13863211870193481,2.1315581798553467,2305843020383125757,M,3568.9,5.9996,0.41367
4495.2000000002035,1.4664738178253174,0.1416579633951187,1.89633047580719,2305843020383125757,M,3568.9,5.9996,0.41367
4496.000000000204,2.1922354698181152,0.15745660662651062,1.8444545269012451,2305843020383125757,M,3568.9,5.9996,0.41367
4496.800000000204,3.5125339031219482,0.1388721913099289,1.625178575515747,2305843020383125757,M,3568.9,5.9996,0.41367
4497.600000000204,0.7828077673912048,0.14653706550598145,1.2954601049423218,2305843020383125757,M,3568.9,5.9996,0.41367
4498.400000000204,4.943060398101807,0.1399187594652176,1.4472612142562866,2305843020383125757,M,3568.9,5.9996,0.41367
4499.200000000204,7.659730434417725,0.14850004017353058,1.8642162084579468,2305843020383125757,M,3568.9,5.9996,0.41367
4500.000000000205,-0.5070892572402954,0.14826691150665283,2.2187225818634033,2305843020383125757,M,3568.9,5.9996,0.41367
4500.800000000205,-1.845993995666504,0.1493697613477707,2.2702419757843018,2305843020383125757,M,3568.9,5.9996,0.41367
4501.600000000205,1.9016146659851074,0.13356611132621765,2.228210926055908,2305843020383125757,M,3568.9,5.9996,0.41367
4502.400000000205,5.344075679779053,0.1485401690006256,2.19869065284729,2305843020383125757,M,3568.9,5.9996,0.41367
4503.200000000205,0.6528952121734619,0.13949105143547058,2.186969518661499,2305843020383125757,M,3568.9,5.9996,0.41367
4504.000000000206,3.26241397857666,0.13567571341991425,2.1603331565856934,2305843020383125757,M,3568.9,5.9996,0.41367
4504.800000000206,2.1133434772491455,0.14373914897441864,2.1901066303253174,2305843020383125757,M,3568.9,5.9996,0.41367
4505.600000000206,1.2505271434783936,0.1462300419807434,2.0628013610839844,2305843020383125757,M,3568.9,5.9996,0.41367
4506.400000000206,2.593153238296509,0.1514553725719452,1.8277578353881836,2305843020383125757,M,3568.9,5.9996,0.41367
4507.200000000206,2.552626132965088,0.15634623169898987,1.5969029664993286,2305843020383125757,M,3568.9,5.9996,0.41367
4508.0000000002065,-2.3554728031158447,0.13576409220695496,1.4732824563980103,2305843020383125757,M,3568.9,5.9996,0.41367
4508.800000000207,1.4170609712600708,0.14241299033164978,1.5582375526428223,2305843020383125757,M,3568.9,5.9996,0.41367
4509.600000000207,3.0524492263793945,0.15364761650562286,1.5980119705200195,2305843020383125757,M,3568.9,5.9996,0.41367
4510.400000000207,4.405759334564209,0.1426621973514557,1.6484793424606323,2305843020383125757,M,3568.9,5.9996,0.41367
4511.200000000207,1.5637844800949097,0.14425256848335266,1.7181442975997925,2305843020383125757,M,3568.9,5.9996,0.41367
4512.000000000207,0.6445667147636414,0.1478899121284485,1.6774882078170776,2305843020383125757,M,3568.9,5.9996,0.41367
4512.800000000208,2.899651050567627,0.14315441250801086,1.5033842325210571,2305843020383125757,M,3568.9,5.9996,0.41367
4513.600000000208,3.2983884811401367,0.14623692631721497,1.3572052717208862,2305843020383125757,M,3568.9,5.9996,0.41367
4514.400000000208,0.5382072329521179,0.1452721804380417,1.5636444091796875,2305843020383125757,M,3568.9,5.9996,0.41367
4515.200000000208,3.722820281982422,0.1542409360408783,1.81181800365448,2305843020383125757,M,3568.9,5.9996,0.41367
4516.000000000208,2.674180030822754,0.14935362339019775,1.889167308807373,2305843020383125757,M,3568.9,5.9996,0.41367
4516.8000000002085,7.099244594573975,0.14327895641326904,1.8111250400543213,2305843020383125757,M,3568.9,5.9996,0.41367
4517.600000000209,5.560976982116699,0.15428616106510162,1.6835507154464722,2305843020383125757,M,3568.9,5.9996,0.41367
4518.400000000209,0.5008311867713928,0.14198529720306396,1.4951207637786865,2305843020383125757,M,3568.9,5.9996,0.41367
4519.200000000209,2.815412998199463,0.15937121212482452,1.3752315044403076,2305843020383125757,M,3568.9,5.9996,0.41367
4520.000000000209,1.8447060585021973,0.14816249907016754,1.6077717542648315,2305843020383125757,M,3568.9,5.9996,0.41367
4520.800000000209,1.7270005941390991,0.16544535756111145,1.8282063007354736,2305843020383125757,M,3568.9,5.9996,0.41367
4521.60000000021,5.990949630737305,0.15491004288196564,1.9804213047027588,2305843020383125757,M,3568.9,5.9996,0.41367
4522.40000000021,1.335216760635376,0.15447723865509033,1.9362125396728516,2305843020383125757,M,3568.9,5.9996,0.41367
4523.20000000021,-1.6687006950378418,0.1574714630842209,1.5702286958694458,2305843020383125757,M,3568.9,5.9996,0.41367
4524.00000000021,1.9707618951797485,0.16587835550308228,1.4458097219467163,2305843020383125757,M,3568.9,5.9996,0.41367
4524.80000000021,1.555030107498169,0.16414789855480194,1.78207528591156,2305843020383125757,M,3568.9,5.9996,0.41367
4525.6000000002105,2.610210418701172,0.16300609707832336,1.9687445163726807,2305843020383125757,M,3568.9,5.9996,0.41367
4526.400000000211,3.941575050354004,0.15720155835151672,1.7538948059082031,2305843020383125757,M,3568.9,5.9996,0.41367
4527.200000000211,-3.7995944023132324,0.15106263756752014,1.3939273357391357,2305843020383125757,M,3568.9,5.9996,0.41367
4528.000000000211,-2.7298786640167236,0.15984736382961273,1.1698496341705322,2305843020383125757,M,3568.9,5.9996,0.41367
4528.800000000211,1.8099768161773682,0.16430899500846863,1.2579405307769775,2305843020383125757,M,3568.9,5.9996,0.41367
4529.600000000211,1.3168091773986816,0.15542173385620117,1.5000165700912476,2305843020383125757,M,3568.9,5.9996,0.41367
4530.400000000212,-0.315324068069458,0.1399005502462387,1.7303245067596436,2305843020383125757,M,3568.9,5.9996,0.41367
4531.200000000212,3.0992257595062256,0.15644283592700958,1.7449442148208618,2305843020383125757,M,3568.9,5.9996,0.41367
4532.000000000212,3.7140910625457764,0.16790765523910522,1.5700047016143799,2305843020383125757,M,3568.9,5.9996,0.41367
4532.800000000212,-0.6340607404708862,0.15110106766223907,1.4462602138519287,2305843020383125757,M,3568.9,5.9996,0.41367
4533.600000000212,4.763967037200928,0.15852192044258118,1.2045537233352661,2305843020383125757,M,3568.9,5.9996,0.41367
4534.4000000002125,-2.249396562576294,0.13951660692691803,0.973700761795044,2305843020383125757,M,3568.9,5.9996,0.41367
4535.200000000213,0.33517181873321533,0.15978915989398956,0.8990365266799927,2305843020383125757,M,3568.9,5.9996,0.41367
4536.000000000213,-0.08431510627269745,0.16091839969158173,0.7665388584136963,2305843020383125757,M,3568.9,5.9996,0.41367
4536.800000000213,0.5021467208862305,0.15679201483726501,0.8018527626991272,2305843020383125757,M,3568.9,5.9996,0.41367
4537.600000000213,-1.2849624156951904,0.1329924315214157,1.2763093709945679,2305843020383125757,M,3568.9,5.9996,0.41367
4538.400000000213,3.766374349594116,0.14044180512428284,1.7990094423294067,2305843020383125757,M,3568.9,5.9996,0.41367
4539.200000000214,0.5065032839775085,0.15390345454216003,2.036167860031128,2305843020383125757,M,3568.9,5.9996,0.41367
4540.000000000214,4.821031093597412,0.14731088280677795,2.0781755447387695,2305843020383125757,M,3568.9,5.9996,0.41367
4540.800000000214,4.011102199554443,0.15477605164051056,2.02675199508667,2305843020383125757,M,3568.9,5.9996,0.41367
4541.600000000214,2.698007106781006,0.15886744856834412,1.9569637775421143,2305843020383125757,M,3568.9,5.9996,0.41367
4542.400000000214,5.338850975036621,0.15465927124023438,2.0575828552246094,2305843020383125757,M,3568.9,5.9996,0.41367
4543.2000000002145,-2.984022617340088,0.14634662866592407,2.017280340194702,2305843020383125757,M,3568.9,5.9996,0.41367
4544.000000000215,2.871854066848755,0.15136727690696716,2.0171966552734375,2305843020383125757,M,3568.9,5.9996,0.41367
4544.800000000215,3.977686882019043,0.1430531144142151,1.9058631658554077,2305843020383125757,M,3568.9,5.9996,0.41367
4545.600000000215,4.134854793548584,0.12558160722255707,1.5749746561050415,2305843020383125757,M,3568.9,5.9996,0.41367
4546.400000000215,4.377774715423584,0.15855425596237183,1.4519808292388916,2305843020383125757,M,3568.9,5.9996,0.41367
4547.200000000215,-0.3592228889465332,0.1505093276500702,1.5665487051010132,2305843020383125757,M,3568.9,5.9996,0.41367
4548.000000000216,3.553936004638672,0.16077867150306702,1.7194756269454956,2305843020383125757,M,3568.9,5.9996,0.41367
4548.800000000216,-0.4520083963871002,0.16024364531040192,1.478294014930725,2305843020383125757,M,3568.9,5.9996,0.41367
4549.600000000216,-3.2976291179656982,0.12205291539430618,1.1987934112548828,2305843020383125757,M,3568.9,5.9996,0.41367
4550.400000000216,6.529410362243652,0.15345290303230286,1.3317065238952637,2305843020383125757,M,3568.9,5.9996,0.41367
4551.200000000216,4.321979522705078,0.1485542356967926,1.600770354270935,2305843020383125757,M,3568.9,5.9996,0.41367
4552.0000000002165,5.43129301071167,0.11847460269927979,1.6642705202102661,2305843020383125757,M,3568.9,5.9996,0.41367
4552.800000000217,4.435537815093994,0.15281949937343597,1.4265440702438354,2305843020383125757,M,3568.9,5.9996,0.41367
4553.600000000217,-0.4158080220222473,0.15257559716701508,1.2530443668365479,2305843020383125757,M,3568.9,5.9996,0.41367
4554.400000000217,2.313497543334961,0.1553976982831955,1.367050051689148,2305843020383125757,M,3568.9,5.9996,0.41367
4555.200000000217,-0.8448617458343506,0.14427785575389862,1.4210445880889893,2305843020383125757,M,3568.9,5.9996,0.41367
4556.000000000217,0.4766497313976288,0.1496991068124771,1.4303803443908691,2305843020383125757,M,3568.9,5.9996,0.41367
4556.800000000218,-1.4573415517807007,0.1624523401260376,1.5507270097732544,2305843020383125757,M,3568.9,5.9996,0.41367
4557.600000000218,4.934370040893555,0.14946523308753967,1.8718353509902954,2305843020383125757,M,3568.9,5.9996,0.41367
4558.400000000218,7.7859787940979,0.12027814984321594,2.120863914489746,2305843020383125757,M,3568.9,5.9996,0.41367
4559.200000000218,1.29465651512146,0.15219667553901672,2.250577926635742,2305843020383125757,M,3568.9,5.9996,0.41367
4560.000000000218,2.5254409313201904,0.15260276198387146,2.3233084678649902,2305843020383125757,M,3568.9,5.9996,0.41367
4560.8000000002185,1.523607850074768,0.1560502052307129,2.2936465740203857,2305843020383125757,M,3568.9,5.9996,0.41367
4561.600000000219,3.0968496799468994,0.15548628568649292,2.2958269119262695,2305843020383125757,M,3568.9,5.9996,0.41367
4562.400000000219,3.8534538745880127,0.16286519169807434,2.197345733642578,2305843020383125757,M,3568.9,5.9996,0.41367
4563.200000000219,4.391810894012451,0.15681548416614532,2.021998405456543,2305843020383125757,M,3568.9,5.9996,0.41367
4564.000000000219,2.7413828372955322,0.15174007415771484,2.0230441093444824,2305843020383125757,M,3568.9,5.9996,0.41367
4564.800000000219,3.446810245513916,0.15200400352478027,2.209348678588867,2305843020383125757,M,3568.9,5.9996,0.41367
4565.60000000022,0.5706570744514465,0.15624909102916718,2.0885980129241943,2305843020383125757,M,3568.9,5.9996,0.41367
4566.40000000022,2.7959392070770264,0.15825718641281128,1.9604430198669434,2305843020383125757,M,3568.9,5.9996,0.41367
4567.20000000022,0.3693670928478241,0.14827683568000793,2.325317859649658,2305843020383125757,M,3568.9,5.9996,0.41367
4568.00000000022,4.364571571350098,0.14503546059131622,2.553574800491333,2305843020383125757,M,3568.9,5.9996,0.41367
4568.80000000022,1.5350308418273926,0.1517210304737091,2.6156442165374756,2305843020383125757,M,3568.9,5.9996,0.41367
4569.6000000002205,3.409975051879883,0.1622546762228012,2.55657696723938,2305843020383125757,M,3568.9,5.9996,0.41367
4570.400000000221,2.6838300228118896,0.16887539625167847,2.400871992111206,2305843020383125757,M,3568.9,5.9996,0.41367
4571.200000000221,2.08109450340271,0.17008866369724274,2.281505823135376,2305843020383125757,M,3568.9,5.9996,0.41367
4572.000000000221,3.660808801651001,0.1381462663412094,2.3073346614837646,2305843020383125757,M,3568.9,5.9996,0.41367
4572.800000000221,-1.4372271299362183,0.1594182848930359,2.4042506217956543,2305843020383125757,M,3568.9,5.9996,0.41367
4573.600000000221,3.3465614318847656,0.14555956423282623,2.6983754634857178,2305843020383125757,M,3568.9,5.9996,0.41367
4574.400000000222,-1.2150486707687378,0.15146631002426147,2.8940513134002686,2305843020383125757,M,3568.9,5.9996,0.41367
4575.200000000222,2.0671863555908203,0.16296382248401642,2.7786519527435303,2305843020383125757,M,3568.9,5.9996,0.41367
4576.000000000222,-1.3954722881317139,0.16290336847305298,2.590955972671509,2305843020383125757,M,3568.9,5.9996,0.41367
4576.800000000222,2.9180593490600586,0.16227543354034424,2.4970717430114746,2305843020383125757,M,3568.9,5.9996,0.41367
4577.600000000222,3.087772846221924,0.16630539298057556,2.259939432144165,2305843020383125757,M,3568.9,5.9996,0.41367
4578.4000000002225,1.699025273323059,0.16597597301006317,1.805050253868103,2305843020383125757,M,3568.9,5.9996,0.41367
4579.200000000223,2.573521852493286,0.1603982150554657,1.568530797958374,2305843020383125757,M,3568.9,5.9996,0.41367
4580.000000000223,3.1661031246185303,0.15285664796829224,1.504702091217041,2305843020383125757,M,3568.9,5.9996,0.41367
4580.800000000223,2.5350682735443115,0.15652766823768616,1.4115654230117798,2305843020383125757,M,3568.9,5.9996,0.41367
4581.600000000223,2.357231378555298,0.15069423615932465,1.3263177871704102,2305843020383125757,M,3568.9,5.9996,0.41367
4582.400000000223,0.6081575751304626,0.1671035885810852,1.3481770753860474,2305843020383125757,M,3568.9,5.9996,0.41367
4583.200000000224,-0.2099228948354721,0.1490260660648346,1.7032973766326904,2305843020383125757,M,3568.9,5.9996,0.41367
4584.000000000224,2.0036075115203857,0.1726469248533249,1.9689345359802246,2305843020383125757,M,3568.9,5.9996,0.41367
4584.800000000224,2.886584997177124,0.16863171756267548,1.7554961442947388,2305843020383125757,M,3568.9,5.9996,0.41367
4585.600000000224,-1.3933943510055542,0.17301569879055023,1.3220067024230957,2305843020383125757,M,3568.9,5.9996,0.41367
4586.400000000224,4.81401252746582,0.1683834195137024,0.9266972541809082,2305843020383125757,M,3568.9,5.9996,0.41367
4587.2000000002245,0.5419975519180298,0.16444438695907593,0.79782634973526,2305843020383125757,M,3568.9,5.9996,0.41367
4588.000000000225,1.5438419580459595,0.1414082646369934,1.0045183897018433,2305843020383125757,M,3568.9,5.9996,0.41367
4588.800000000225,1.3518179655075073,0.1517079472541809,1.2562683820724487,2305843020383125757,M,3568.9,5.9996,0.41367
4589.600000000225,-0.785946786403656,0.15506525337696075,1.3896872997283936,2305843020383125757,M,3568.9,5.9996,0.41367
4590.400000000225,0.526272714138031,0.16189956665039062,1.454039454460144,2305843020383125757,M,3568.9,5.9996,0.41367
4591.200000000225,4.118478775024414,0.15518541634082794,1.4891265630722046,2305843020383125757,M,3568.9,5.9996,0.41367
4592.000000000226,-0.0519179031252861,0.15106791257858276,1.320787787437439,2305843020383125757,M,3568.9,5.9996,0.41367
4592.800000000226,-1.255239486694336,0.15337762236595154,1.1654728651046753,2305843020383125757,M,3568.9,5.9996,0.41367
4593.600000000226,0.7196796536445618,0.1686033457517624,1.1093242168426514,2305843020383125757,M,3568.9,5.9996,0.41367
4594.400000000226,1.1528288125991821,0.15547937154769897,1.0742065906524658,2305843020383125757,M,3568.9,5.9996,0.41367
4595.200000000226,-2.636070966720581,0.16991181671619415,1.08828866481781,2305843020383125757,M,3568.9,5.9996,0.41367
4596.0000000002265,1.122101068496704,0.15440095961093903,1.3121094703674316,2305843020383125757,M,3568.9,5.9996,0.41367
4596.800000000227,3.6886143684387207,0.1664046049118042,1.4864790439605713,2305843020383125757,M,3568.9,5.9996,0.41367
4597.600000000227,3.4468350410461426,0.1733751893043518,1.5828192234039307,2305843020383125757,M,3568.9,5.9996,0.41367
4598.400000000227,-1.492043137550354,0.17422381043434143,1.6747421026229858,2305843020383125757,M,3568.9,5.9996,0.41367
4599.200000000227,7.224721908569336,0.16489878296852112,1.6936509609222412,2305843020383125757,M,3568.9,5.9996,0.41367
4600.000000000227,-2.8488166332244873,0.16037285327911377,1.636123538017273,2305843020383125757,M,3568.9,5.9996,0.41367
4600.800000000228,1.7281076908111572,0.14700545370578766,1.4502053260803223,2305843020383125757,M,3568.9,5.9996,0.41367
4601.600000000228,4.333376407623291,0.16921360790729523,1.3190808296203613,2305843020383125757,M,3568.9,5.9996,0.41367
4602.400000000228,1.8309376239776611,0.1411125510931015,1.4189413785934448,2305843020383125757,M,3568.9,5.9996,0.41367
4603.200000000228,3.136610507965088,0.15166065096855164,1.5972378253936768,2305843020383125757,M,3568.9,5.9996,0.41367
4604.000000000228,6.236723899841309,0.17543832957744598,1.7318410873413086,2305843020383125757,M,3568.9,5.9996,0.41367
4604.8000000002285,3.291339874267578,0.1732531487941742,1.914879322052002,2305843020383125757,M,3568.9,5.9996,0.41367
4605.600000000229,7.4359917640686035,0.16514404118061066,1.9614087343215942,2305843020383125757,M,3568.9,5.9996,0.41367
4606.400000000229,1.822016954421997,0.16905920207500458,1.8627557754516602,2305843020383125757,M,3568.9,5.9996,0.41367
4607.200000000229,2.3364932537078857,0.14977535605430603,1.5945713520050049,2305843020383125757,M,3568.9,5.9996,0.41367
4608.000000000229,0.3731765151023865,0.16125404834747314,1.3453028202056885,2305843020383125757,M,3568.9,5.9996,0.41367
4608.800000000229,6.549174785614014,0.17045611143112183,1.448929786682129,2305843020383125757,M,3568.9,5.9996,0.41367
4609.60000000023,1.9822371006011963,0.16195273399353027,1.8424526453018188,2305843020383125757,M,3568.9,5.9996,0.41367
4610.40000000023,3.665614604949951,0.17055000364780426,2.064192533493042,2305843020383125757,M,3568.9,5.9996,0.41367
4611.20000000023,2.127701997756958,0.1466602385044098,2.027759552001953,2305843020383125757,M,3568.9,5.9996,0.41367
4612.00000000023,1.3487662076950073,0.1545160710811615,2.026069164276123,2305843020383125757,M,3568.9,5.9996,0.41367
4612.80000000023,-1.5119104385375977,0.170658677816391,2.073758125305176,2305843020383125757,M,3568.9,5.9996,0.41367
4613.6000000002305,5.63153076171875,0.1768237054347992,1.9543250799179077,2305843020383125757,M,3568.9,5.9996,0.41367
4614.400000000231,3.8157613277435303,0.16140535473823547,1.9640021324157715,2305843020383125757,M,3568.9,5.9996,0.41367
4615.200000000231,5.346163272857666,0.1516110599040985,2.292377471923828,2305843020383125757,M,3568.9,5.9996,0.41367
4616.000000000231,4.812318325042725,0.17051297426223755,2.291928291320801,2305843020383125757,M,3568.9,5.9996,0.41367
4616.800000000231,4.166314601898193,0.16042569279670715,1.8868913650512695,2305843020383125757,M,3568.9,5.9996,0.41367
4617.600000000231,1.8390753269195557,0.17707127332687378,1.7433810234069824,2305843020383125757,M,3568.9,5.9996,0.41367
4618.400000000232,4.787130355834961,0.1651240587234497,1.8031620979309082,2305843020383125757,M,3568.9,5.9996,0.41367
4619.200000000232,5.420589923858643,0.17364351451396942,2.035146474838257,2305843020383125757,M,3568.9,5.9996,0.41367
4620.000000000232,2.7780399322509766,0.16443628072738647,2.1940672397613525,2305843020383125757,M,3568.9,5.9996,0.41367
4620.800000000232,2.1086368560791016,0.1625150740146637,2.330434799194336,2305843020383125757,M,3568.9,5.9996,0.41367
4621.600000000232,3.4402050971984863,0.15932057797908783,2.6051976680755615,2305843020383125757,M,3568.9,5.9996,0.41367
4622.4000000002325,-2.380518913269043,0.16502876579761505,2.672267198562622,2305843020383125757,M,3568.9,5.9996,0.41367
4623.200000000233,4.798399448394775,0.1527618169784546,2.4391372203826904,2305843020383125757,M,3568.9,5.9996,0.41367
4624.000000000233,5.220673561096191,0.16627129912376404,2.212240219116211,2305843020383125757,M,3568.9,5.9996,0.41367
4624.800000000233,4.65571928024292,0.16871045529842377,2.2821500301361084,2305843020383125757,M,3568.9,5.9996,0.41367
4625.600000000233,2.291886806488037,0.1677742600440979,2.3235161304473877,2305843020383125757,M,3568.9,5.9996,0.41367
4626.400000000233,3.495192050933838,0.1726197898387909,2.0005736351013184,2305843020383125757,M,3568.9,5.9996,0.41367
4627.200000000234,6.112884998321533,0.18063558638095856,1.4009404182434082,2305843020383125757,M,3568.9,5.9996,0.41367
4628.000000000234,3.0518524646759033,0.15664219856262207,1.240090250968933,2305843020383125757,M,3568.9,5.9996,0.41367
4628.800000000234,1.6616932153701782,0.1729814112186432,1.3260480165481567,2305843020383125757,M,3568.9,5.9996,0.41367
4629.600000000234,7.662915229797363,0.1707923710346222,1.2862827777862549,2305843020383125757,M,3568.9,5.9996,0.41367
4630.400000000234,3.69317364692688,0.16994242370128632,1.228224515914917,2305843020383125757,M,3568.9,5.9996,0.41367
4631.2000000002345,0.1720227301120758,0.1725350320339203,1.2861075401306152,2305843020383125757,M,3568.9,5.9996,0.41367
4632.000000000235,4.36884880065918,0.15082459151744843,1.436240315437317,2305843020383125757,M,3568.9,5.9996,0.41367
4632.800000000235,1.4407598972320557,0.16976934671401978,1.5035322904586792,2305843020383125757,M,3568.9,5.9996,0.41367
4633.600000000235,-0.12788759171962738,0.15827687084674835,1.5645884275436401,2305843020383125757,M,3568.9,5.9996,0.41367
4634.400000000235,-0.2428642064332962,0.17516666650772095,1.6198325157165527,2305843020383125757,M,3568.9,5.9996,0.41367
4635.200000000235,-3.0542519092559814,0.17672482132911682,1.7387230396270752,2305843020383125757,M,3568.9,5.9996,0.41367
4636.000000000236,1.5227932929992676,0.17239172756671906,1.8113961219787598,2305843020383125757,M,3568.9,5.9996,0.41367
4636.800000000236,2.836371421813965,0.18568694591522217,1.8175839185714722,2305843020383125757,M,3568.9,5.9996,0.41367
4637.600000000236,0.410065233707428,0.16753599047660828,1.6592663526535034,2305843020383125757,M,3568.9,5.9996,0.41367
4638.400000000236,1.8963195085525513,0.16103927791118622,1.408276081085205,2305843020383125757,M,3568.9,5.9996,0.41367
4639.200000000236,4.140002250671387,0.17996129393577576,1.2946231365203857,2305843020383125757,M,3568.9,5.9996,0.41367
4640.0000000002365,0.7350642085075378,0.17629310488700867,1.3187110424041748,2305843020383125757,M,3568.9,5.9996,0.41367
4640.800000000237,3.5413899421691895,0.18433338403701782,1.3328313827514648,2305843020383125757,M,3568.9,5.9996,0.41367
4641.600000000237,2.161182403564453,0.17768238484859467,1.6143611669540405,2305843020383125757,M,3568.9,5.9996,0.41367
4642.400000000237,5.466748237609863,0.16054710745811462,1.8934051990509033,2305843020383125757,M,3568.9,5.9996,0.41367
4643.200000000237,3.725963830947876,0.16117534041404724,1.9960383176803589,2305843020383125757,M,3568.9,5.9996,0.41367
4644.000000000237,2.8901207447052,0.16058579087257385,1.8057551383972168,2305843020383125757,M,3568.9,5.9996,0.41367
4644.800000000238,3.882026195526123,0.16404315829277039,1.5723148584365845,2305843020383125757,M,3568.9,5.9996,0.41367
4645.600000000238,2.012971878051758,0.16908518970012665,1.4029273986816406,2305843020383125757,M,3568.9,5.9996,0.41367
4646.400000000238,2.6959877014160156,0.1692751944065094,1.2858819961547852,2305843020383125757,M,3568.9,5.9996,0.41367
4647.200000000238,1.000749945640564,0.172414630651474,1.2560142278671265,2305843020383125757,M,3568.9,5.9996,0.41367
4648.000000000238,0.031549327075481415,0.1788550615310669,1.5505642890930176,2305843020383125757,M,3568.9,5.9996,0.41367
4648.8000000002385,2.2601325511932373,0.17670246958732605,1.7740412950515747,2305843020383125757,M,3568.9,5.9996,0.41367
4649.600000000239,3.243441343307495,0.1750173270702362,1.8951823711395264,2305843020383125757,M,3568.9,5.9996,0.41367
4650.400000000239,2.6205663681030273,0.16361309587955475,1.902611255645752,2305843020383125757,M,3568.9,5.9996,0.41367
4651.200000000239,1.7149684429168701,0.17600220441818237,1.7204737663269043,2305843020383125757,M,3568.9,5.9996,0.41367
4652.000000000239,5.423630237579346,0.1814694106578827,1.4259551763534546,2305843020383125757,M,3568.9,5.9996,0.41367
4652.800000000239,-0.40430891513824463,0.18819209933280945,1.2465707063674927,2305843020383125757,M,3568.9,5.9996,0.41367
4653.60000000024,2.541160821914673,0.1741507649421692,1.5175796747207642,2305843020383125757,M,3568.9,5.9996,0.41367
4654.40000000024,5.795141696929932,0.18461814522743225,1.9159376621246338,2305843020383125757,M,3568.9,5.9996,0.41367
4655.20000000024,6.3654961585998535,0.16663897037506104,1.974414587020874,2305843020383125757,M,3568.9,5.9996,0.41367
4656.00000000024,4.560087203979492,0.17800168693065643,1.764042854309082,2305843020383125757,M,3568.9,5.9996,0.41367
4656.80000000024,5.975659370422363,0.17947538197040558,1.6195919513702393,2305843020383125757,M,3568.9,5.9996,0.41367
4657.6000000002405,0.05457834154367447,0.1874130517244339,1.553511142730713,2305843020383125757,M,3568.9,5.9996,0.41367
4658.400000000241,0.4749417304992676,0.1693551242351532,1.940650463104248,2305843020383125757,M,3568.9,5.9996,0.41367
4659.200000000241,0.782643735408783,0.16777010262012482,2.2745344638824463,2305843020383125757,M,3568.9,5.9996,0.41367
4660.000000000241,2.1926469802856445,0.17200399935245514,2.2656610012054443,2305843020383125757,M,3568.9,5.9996,0.41367
4660.800000000241,1.2981517314910889,0.17108944058418274,2.3728866577148438,2305843020383125757,M,3568.9,5.9996,0.41367
4661.600000000241,2.814558982849121,0.1683993637561798,2.4561667442321777,2305843020383125757,M,3568.9,5.9996,0.41367
4662.400000000242,2.488330841064453,0.17367634177207947,2.2902376651763916,2305843020383125757,M,3568.9,5.9996,0.41367
4663.200000000242,6.443426132202148,0.1726909726858139,2.2200803756713867,2305843020383125757,M,3568.9,5.9996,0.41367
4664.000000000242,-2.7484891414642334,0.16932298243045807,2.358741044998169,2305843020383125757,M,3568.9,5.9996,0.41367
4664.800000000242,4.372627258300781,0.17546406388282776,2.3234634399414062,2305843020383125757,M,3568.9,5.9996,0.41367
4665.600000000242,3.208481788635254,0.17530876398086548,2.26833176612854,2305843020383125757,M,3568.9,5.9996,0.41367
4666.4000000002425,0.41202354431152344,0.17202331125736237,2.2874157428741455,2305843020383125757,M,3568.9,5.9996,0.41367
4667.200000000243,-1.4866321086883545,0.15925419330596924,2.071526288986206,2305843020383125757,M,3568.9,5.9996,0.41367
4668.000000000243,0.8930150270462036,0.15737205743789673,1.629023790359497,2305843020383125757,M,3568.9,5.9996,0.41367
4668.800000000243,4.036131858825684,0.18396030366420746,1.3161627054214478,2305843020383125757,M,3568.9,5.9996,0.41367
4669.600000000243,-1.3862615823745728,0.17311102151870728,1.379450798034668,2305843020383125757,M,3568.9,5.9996,0.41367
4670.400000000243,2.6980929374694824,0.14938734471797943,1.383789300918579,2305843020383125757,M,3568.9,5.9996,0.41367
4671.200000000244,5.475522518157959,0.1643558293581009,1.3654333353042603,2305843020383125757,M,3568.9,5.9996,0.41367
4672.000000000244,0.32182326912879944,0.16046980023384094,1.325822353363037,2305843020383125757,M,3568.9,5.9996,0.41367
4672.800000000244,6.933776378631592,0.1693544089794159,1.334695816040039,2305843020383125757,M,3568.9,5.9996,0.41367
4673.600000000244,6.375503063201904,0.1632472276687622,1.5197232961654663,2305843020383125757,M,3568.9,5.9996,0.41367
4674.400000000244,5.337357044219971,0.1770259439945221,1.7012101411819458,2305843020383125757,M,3568.9,5.9996,0.41367
4675.2000000002445,-0.5628321170806885,0.17292210459709167,1.654252529144287,2305843020383125757,M,3568.9,5.9996,0.41367
4676.000000000245,4.476284027099609,0.1756557822227478,1.5503326654434204,2305843020383125757,M,3568.9,5.9996,0.41367
4676.800000000245,0.9926443099975586,0.16662751138210297,1.7467793226242065,2305843020383125757,M,3568.9,5.9996,0.41367
4677.600000000245,-1.5040239095687866,0.1738554984331131,1.9216334819793701,2305843020383125757,M,3568.9,5.9996,0.41367
4678.400000000245,1.076850175857544,0.1617615967988968,1.9685845375061035,2305843020383125757,M,3568.9,5.9996,0.41367
4679.200000000245,2.120959997177124,0.16007891297340393,1.8731166124343872,2305843020383125757,M,3568.9,5.9996,0.41367
4680.000000000246,4.858799457550049,0.1656181663274765,1.6970208883285522,2305843020383125757,M,3568.9,5.9996,0.41367
4680.800000000246,2.3729071617126465,0.18997976183891296,1.508467674255371,2305843020383125757,M,3568.9,5.9996,0.41367
4681.600000000246,4.05987548828125,0.17559900879859924,1.3292313814163208,2305843020383125757,M,3568.9,5.9996,0.41367
4682.400000000246,-1.5794888734817505,0.17122052609920502,1.1197246313095093,2305843020383125757,M,3568.9,5.9996,0.41367
4683.200000000246,-0.6381344795227051,0.17429688572883606,1.102650761604309,2305843020383125757,M,3568.9,5.9996,0.41367
4684.0000000002465,0.7061752676963806,0.16028237342834473,1.4076422452926636,2305843020383125757,M,3568.9,5.9996,0.41367
4684.800000000247,7.920523643493652,0.17822980880737305,1.646491527557373,2305843020383125757,M,3568.9,5.9996,0.41367
4685.600000000247,2.2749264240264893,0.17395150661468506,1.6440998315811157,2305843020383125757,M,3568.9,5.9996,0.41367
4686.400000000247,1.407745361328125,0.17137271165847778,1.7117944955825806,2305843020383125757,M,3568.9,5.9996,0.41367
4687.200000000247,2.0875847339630127,0.1626458615064621,1.9687880277633667,2305843020383125757,M,3568.9,5.9996,0.41367
4688.000000000247,4.00743293762207,0.18164560198783875,2.1453936100006104,2305843020383125757,M,3568.9,5.9996,0.41367
4688.800000000248,3.343831777572632,0.1627431958913803,2.204740047454834,2305843020383125757,M,3568.9,5.9996,0.41367
4689.600000000248,4.096502304077148,0.17156802117824554,2.259978771209717,2305843020383125757,M,3568.9,5.9996,0.41367
4690.400000000248,-2.4870827198028564,0.18200212717056274,2.162281036376953,2305843020383125757,M,3568.9,5.9996,0.41367
4691.200000000248,2.9889943599700928,0.1606791466474533,1.9005216360092163,2305843020383125757,M,3568.9,5.9996,0.41367
4692.000000000248,1.0289493799209595,0.1464698314666748,1.6262431144714355,2305843020383125757,M,3568.9,5.9996,0.41367
4692.8000000002485,2.8957676887512207,0.17645621299743652,1.7170069217681885,2305843020383125757,M,3568.9,5.9996,0.41367
4693.600000000249,5.365687370300293,0.15233604609966278,2.0221521854400635,2305843020383125757,M,3568.9,5.9996,0.41367
4694.400000000249,5.927633762359619,0.17824333906173706,2.3143439292907715,2305843020383125757,M,3568.9,5.9996,0.41367
4695.200000000249,3.027968406677246,0.18419533967971802,2.6212117671966553,2305843020383125757,M,3568.9,5.9996,0.41367
4696.000000000249,1.1963233947753906,0.1794297695159912,2.8261663913726807,2305843020383125757,M,3568.9,5.9996,0.41367
4696.800000000249,0.8220800161361694,0.18433251976966858,2.7785587310791016,2305843020383125757,M,3568.9,5.9996,0.41367
4697.60000000025,6.597548007965088,0.18156608939170837,2.6940090656280518,2305843020383125757,M,3568.9,5.9996,0.41367
4698.40000000025,0.792409360408783,0.17450527846813202,2.5042219161987305,2305843020383125757,M,3568.9,5.9996,0.41367
4699.20000000025,4.275106430053711,0.16548505425453186,2.1597297191619873,2305843020383125757,M,3568.9,5.9996,0.41367
4700.00000000025,2.9734976291656494,0.1794671267271042,2.1027932167053223,2305843020383125757,M,3568.9,5.9996,0.41367
4700.80000000025,3.7205562591552734,0.17502674460411072,2.418992280960083,2305843020383125757,M,3568.9,5.9996,0.41367
4701.6000000002505,5.187106609344482,0.17522042989730835,2.600867986679077,2305843020383125757,M,3568.9,5.9996,0.41367
4702.400000000251,-4.048748016357422,0.17273017764091492,2.7028534412384033,2305843020383125757,M,3568.9,5.9996,0.41367
4703.200000000251,-1.2421640157699585,0.16279003024101257,2.5883126258850098,2305843020383125757,M,3568.9,5.9996,0.41367
4704.000000000251,1.7390828132629395,0.17337913811206818,2.4651265144348145,2305843020383125757,M,3568.9,5.9996,0.41367
4704.800000000251,7.138944149017334,0.16625475883483887,2.5241012573242188,2305843020383125757,M,3568.9,5.9996,0.41367
4705.600000000251,2.8483638763427734,0.1499115377664566,2.68715238571167,2305843020383125757,M,3568.9,5.9996,0.41367
4706.400000000252,-2.8701975345611572,0.17966604232788086,2.8568875789642334,2305843020383125757,M,3568.9,5.9996,0.41367
4707.200000000252,3.1828346252441406,0.17649492621421814,3.022132396697998,2305843020383125757,M,3568.9,5.9996,0.41367
4708.000000000252,1.6871116161346436,0.1611422747373581,2.891392707824707,2305843020383125757,M,3568.9,5.9996,0.41367
4708.800000000252,3.827732801437378,0.18233391642570496,2.873756170272827,2305843020383125757,M,3568.9,5.9996,0.41367
4709.600000000252,-0.4856892228126526,0.18521609902381897,2.9745914936065674,2305843020383125757,M,3568.9,5.9996,0.41367
4710.4000000002525,4.282578468322754,0.18267780542373657,2.878094434738159,2305843020383125757,M,3568.9,5.9996,0.41367
4711.200000000253,3.992457628250122,0.17616337537765503,2.7150726318359375,2305843020383125757,M,3568.9,5.9996,0.41367
4712.000000000253,-0.46310901641845703,0.16387219727039337,2.8877041339874268,2305843020383125757,M,3568.9,5.9996,0.41367
4712.800000000253,6.261682033538818,0.1769486367702484,2.86289119720459,2305843020383125757,M,3568.9,5.9996,0.41367
4713.600000000253,5.103438377380371,0.1884424388408661,2.6084325313568115,2305843020383125757,M,3568.9,5.9996,0.41367
4714.400000000253,0.21845664083957672,0.17580556869506836,2.2343552112579346,2305843020383125757,M,3568.9,5.9996,0.41367
4715.200000000254,6.625529766082764,0.1680874526500702,2.0258190631866455,2305843020383125757,M,3568.9,5.9996,0.41367
4716.000000000254,-1.3873435258865356,0.18899041414260864,1.9717227220535278,2305843020383125757,M,3568.9,5.9996,0.41367
4716.800000000254,-0.5665938854217529,0.16483211517333984,2.0731914043426514,2305843020383125757,M,3568.9,5.9996,0.41367
4717.600000000254,-1.365606427192688,0.16917690634727478,2.1437013149261475,2305843020383125757,M,3568.9,5.9996,0.41367
4718.400000000254,4.785222053527832,0.1854935735464096,2.0679194927215576,2305843020383125757,M,3568.9,5.9996,0.41367
4719.2000000002545,3.03401255607605,0.17802006006240845,2.0853562355041504,2305843020383125757,M,3568.9,5.9996,0.41367
4720.000000000255,-0.5282669067382812,0.1787448227405548,2.221935272216797,2305843020383125757,M,3568.9,5.9996,0.41367
4720.800000000255,5.104983806610107,0.1901141107082367,2.2042481899261475,2305843020383125757,M,3568.9,5.9996,0.41367
4721.600000000255,3.6062376499176025,0.19135116040706635,2.1826515197753906,2305843020383125757,M,3568.9,5.9996,0.41367
4722.400000000255,3.7287096977233887,0.1805439293384552,2.080190658569336,2305843020383125757,M,3568.9,5.9996,0.41367
4723.200000000255,3.0544488430023193,0.20092809200286865,1.8984793424606323,2305843020383125757,M,3568.9,5.9996,0.41367
4724.000000000256,1.9298750162124634,0.18838337063789368,1.8445978164672852,2305843020383125757,M,3568.9,5.9996,0.41367
4724.800000000256,0.7235067486763,0.18042685091495514,2.1378612518310547,2305843020383125757,M,3568.9,5.9996,0.41367
4725.600000000256,3.4281466007232666,0.1835687756538391,2.4587371349334717,2305843020383125757,M,3568.9,5.9996,0.41367
4726.400000000256,0.29945939779281616,0.18393740057945251,2.487374782562256,2305843020383125757,M,3568.9,5.9996,0.41367
4727.200000000256,-1.110744595527649,0.17645874619483948,2.5142290592193604,2305843020383125757,M,3568.9,5.9996,0.41367
4728.0000000002565,5.670066833496094,0.1485179364681244,2.4234249591827393,2305843020383125757,M,3568.9,5.9996,0.41367
4728.800000000257,1.3308320045471191,0.16878516972064972,2.4264378547668457,2305843020383125757,M,3568.9,5.9996,0.41367
4729.600000000257,3.368034601211548,0.18712523579597473,2.58440899848938,2305843020383125757,M,3568.9,5.9996,0.41367
4730.400000000257,-1.2572126388549805,0.18713366985321045,2.619645595550537,2305843020383125757,M,3568.9,5.9996,0.41367
4731.200000000257,3.4208714962005615,0.17870497703552246,2.505474090576172,2305843020383125757,M,3568.9,5.9996,0.41367
4732.000000000257,5.088228702545166,0.17993150651454926,2.450164556503296,2305843020383125757,M,3568.9,5.9996,0.41367
4732.800000000258,2.4252026081085205,0.15868115425109863,2.6562178134918213,2305843020383125757,M,3568.9,5.9996,0.41367
4733.600000000258,1.8153163194656372,0.17937389016151428,2.75907301902771,2305843020383125757,M,3568.9,5.9996,0.41367
4734.400000000258,4.6879963874816895,0.1829482913017273,2.4823696613311768,2305843020383125757,M,3568.9,5.9996,0.41367
4735.200000000258,2.601896286010742,0.18298082053661346,2.6034305095672607,2305843020383125757,M,3568.9,5.9996,0.41367
4736.000000000258,3.8600406646728516,0.1810494363307953,2.7161946296691895,2305843020383125757,M,3568.9,5.9996,0.41367
4736.8000000002585,7.288860321044922,0.16143077611923218,2.5254952907562256,2305843020383125757,M,3568.9,5.9996,0.41367
4737.600000000259,3.121410846710205,0.17237713932991028,2.3143486976623535,2305843020383125757,M,3568.9,5.9996,0.41367
4738.400000000259,1.6031484603881836,0.17840853333473206,2.2332839965820312,2305843020383125757,M,3568.9,5.9996,0.41367
4739.200000000259,3.835787057876587,0.16826131939888,2.2716314792633057,2305843020383125757,M,3568.9,5.9996,0.41367
4740.000000000259,0.5437837839126587,0.18159319460391998,2.4056408405303955,2305843020383125757,M,3568.9,5.9996,0.41367
4740.800000000259,6.197335720062256,0.17653369903564453,2.7460668087005615,2305843020383125757,M,3568.9,5.9996,0.41367
4741.60000000026,2.2359862327575684,0.18063472211360931,2.9219987392425537,2305843020383125757,M,3568.9,5.9996,0.41367
4742.40000000026,4.916477203369141,0.18255916237831116,2.5998787879943848,2305843020383125757,M,3568.9,5.9996,0.41367
4743.20000000026,1.4657785892486572,0.1857808530330658,2.4745795726776123,2305843020383125757,M,3568.9,5.9996,0.41367
4744.00000000026,0.7674722671508789,0.17297568917274475,2.63619065284729,2305843020383125757,M,3568.9,5.9996,0.41367
4744.80000000026,3.121185302734375,0.18279728293418884,2.714637517929077,2305843020383125757,M,3568.9,5.9996,0.41367
4745.6000000002605,1.2039114236831665,0.1665222942829132,2.7068569660186768,2305843020383125757,M,3568.9,5.9996,0.41367
4746.400000000261,1.5068228244781494,0.18828095495700836,2.9666574001312256,2305843020383125757,M,3568.9,5.9996,0.41367
4747.200000000261,1.2339059114456177,0.1742263287305832,3.1844170093536377,2305843020383125757,M,3568.9,5.9996,0.41367
4748.000000000261,5.333068370819092,0.17275741696357727,3.019002676010132,2305843020383125757,M,3568.9,5.9996,0.41367
4748.800000000261,4.198812961578369,0.16020478308200836,2.970919609069824,2305843020383125757,M,3568.9,5.9996,0.41367
4749.600000000261,2.593874454498291,0.18239110708236694,3.1009771823883057,2305843020383125757,M,3568.9,5.9996,0.41367
4750.400000000262,4.2812604904174805,0.18662185966968536,2.9209539890289307,2305843020383125757,M,3568.9,5.9996,0.41367
4751.200000000262,1.4703000783920288,0.1839425265789032,2.6178548336029053,2305843020383125757,M,3568.9,5.9996,0.41367
4752.000000000262,1.0391948223114014,0.18646153807640076,2.6266531944274902,2305843020383125757,M,3568.9,5.9996,0.41367
4752.800000000262,2.4697983264923096,0.1617455780506134,2.790241241455078,2305843020383125757,M,3568.9,5.9996,0.41367
4753.600000000262,3.4613871574401855,0.19027617573738098,2.694279670715332,2305843020383125757,M,3568.9,5.9996,0.41367
4754.4000000002625,2.1030983924865723,0.18992233276367188,2.6208925247192383,2305843020383125757,M,3568.9,5.9996,0.41367
4755.200000000263,-0.9947560429573059,0.17527982592582703,2.620717763900757,2305843020383125757,M,3568.9,5.9996,0.41367
4756.000000000263,5.140409469604492,0.19707390666007996,2.9466066360473633,2305843020383125757,M,3568.9,5.9996,0.41367
4756.800000000263,3.6020145416259766,0.1871655434370041,3.100700616836548,2305843020383125757,M,3568.9,5.9996,0.41367
4757.600000000263,-1.0618526935577393,0.19230321049690247,2.74259877204895,2305843020383125757,M,3568.9,5.9996,0.41367
4758.400000000263,6.494012832641602,0.17703506350517273,2.383845090866089,2305843020383125757,M,3568.9,5.9996,0.41367
4759.200000000264,4.20436429977417,0.18572336435317993,2.1929914951324463,2305843020383125757,M,3568.9,5.9996,0.41367
4760.000000000264,1.8228360414505005,0.19413533806800842,1.8414992094039917,2305843020383125757,M,3568.9,5.9996,0.41367
4760.800000000264,4.795018672943115,0.1942920982837677,1.579301357269287,2305843020383125757,M,3568.9,5.9996,0.41367
4761.600000000264,1.9074903726577759,0.18846890330314636,1.4990345239639282,2305843020383125757,M,3568.9,5.9996,0.41367
4762.400000000264,0.6486961841583252,0.1788458377122879,1.3135907649993896,2305843020383125757,M,3568.9,5.9996,0.41367
4763.2000000002645,2.4343082904815674,0.1824272871017456,1.05828058719635,2305843020383125757,M,3568.9,5.9996,0.41367
4764.000000000265,5.521020889282227,0.19198296964168549,0.9440444111824036,2305843020383125757,M,3568.9,5.9996,0.41367
4764.800000000265,-0.21094514429569244,0.19736605882644653,1.0324643850326538,2305843020383125757,M,3568.9,5.9996,0.41367
4765.600000000265,3.0590999126434326,0.19291777908802032,1.124737024307251,2305843020383125757,M,3568.9,5.9996,0.41367
4766.400000000265,4.285618782043457,0.19873002171516418,1.118035078048706,2305843020383125757,M,3568.9,5.9996,0.41367
4767.200000000265,0.8034690618515015,0.20966219902038574,1.0137465000152588,2305843020383125757,M,3568.9,5.9996,0.41367
4768.000000000266,-1.716639518737793,0.19971561431884766,1.0449761152267456,2305843020383125757,M,3568.9,5.9996,0.41367
4768.800000000266,0.18701216578483582,0.19544915854930878,1.1438685655593872,2305843020383125757,M,3568.9,5.9996,0.41367
4769.600000000266,1.9479376077651978,0.19072078168392181,1.128542184829712,2305843020383125757,M,3568.9,5.9996,0.41367
4770.400000000266,-1.2177590131759644,0.1908656507730484,1.0862855911254883,2305843020383125757,M,3568.9,5.9996,0.41367
4771.200000000266,0.24988366663455963,0.20590707659721375,1.1169813871383667,2305843020383125757,M,3568.9,5.9996,0.41367
4772.0000000002665,0.9542011618614197,0.19302186369895935,1.0895776748657227,2305843020383125757,M,3568.9,5.9996,0.41367
4772.800000000267,4.26331901550293,0.19375745952129364,1.0997997522354126,2305843020383125757,M,3568.9,5.9996,0.41367
4773.600000000267,-1.1203644275665283,0.1980120688676834,1.247031569480896,2305843020383125757,M,3568.9,5.9996,0.41367
4774.400000000267,2.7940473556518555,0.19380436837673187,1.4061946868896484,2305843020383125757,M,3568.9,5.9996,0.41367
4775.200000000267,4.756711006164551,0.17120274901390076,1.430808424949646,2305843020383125757,M,3568.9,5.9996,0.41367
4776.000000000267,-1.4434970617294312,0.20352597534656525,1.5045219659805298,2305843020383125757,M,3568.9,5.9996,0.41367
4776.800000000268,6.19175910949707,0.18002161383628845,1.4844757318496704,2305843020383125757,M,3568.9,5.9996,0.41367
4777.600000000268,-1.1753777265548706,0.1885618418455124,1.6046115159988403,2305843020383125757,M,3568.9,5.9996,0.41367
4778.400000000268,2.868812084197998,0.1753912717103958,1.7159703969955444,2305843020383125757,M,3568.9,5.9996,0.41367
4779.200000000268,-3.702209234237671,0.1908736228942871,1.5568338632583618,2305843020383125757,M,3568.9,5.9996,0.41367
4780.000000000268,-0.8493046164512634,0.17739103734493256,1.4429200887680054,2305843020383125757,M,3568.9,5.9996,0.41367
4780.8000000002685,1.639366865158081,0.19444897770881653,1.426615595817566,2305843020383125757,M,3568.9,5.9996,0.41367
4781.600000000269,2.687419891357422,0.18978112936019897,1.4816186428070068,2305843020383125757,M,3568.9,5.9996,0.41367
4782.400000000269,0.4723086357116699,0.19774624705314636,1.370481252670288,2305843020383125757,M,3568.9,5.9996,0.41367
4783.200000000269,3.490283250808716,0.19083070755004883,1.3035941123962402,2305843020383125757,M,3568.9,5.9996,0.41367
4784.000000000269,1.4521456956863403,0.19915983080863953,1.3595951795578003,2305843020383125757,M,3568.9,5.9996,0.41367
4784.800000000269,1.759920597076416,0.2155769169330597,1.4184530973434448,2305843020383125757,M,3568.9,5.9996,0.41367
4785.60000000027,3.080104351043701,0.1996627151966095,1.4278167486190796,2305843020383125757,M,3568.9,5.9996,0.41367
4786.40000000027,2.292544364929199,0.21372658014297485,1.5851417779922485,2305843020383125757,M,3568.9,5.9996,0.41367
4787.20000000027,-3.0040948390960693,0.19769854843616486,1.7477842569351196,2305843020383125757,M,3568.9,5.9996,0.41367
4788.00000000027,3.9743685722351074,0.19793717563152313,1.6021355390548706,2305843020383125757,M,3568.9,5.9996,0.41367
4788.80000000027,4.025278568267822,0.19936907291412354,1.5229265689849854,2305843020383125757,M,3568.9,5.9996,0.41367
4789.6000000002705,2.3466131687164307,0.19590133428573608,1.5060386657714844,2305843020383125757,M,3568.9,5.9996,0.41367
4790.400000000271,2.638324737548828,0.18911246955394745,1.379654049873352,2305843020383125757,M,3568.9,5.9996,0.41367
4791.200000000271,1.0924184322357178,0.19870302081108093,1.3591010570526123,2305843020383125757,M,3568.9,5.9996,0.41367
4792.000000000271,-0.0614934079349041,0.2046629786491394,1.5611809492111206,2305843020383125757,M,3568.9,5.9996,0.41367
4792.800000000271,-0.5344852209091187,0.20041441917419434,1.5847539901733398,2305843020383125757,M,3568.9,5.9996,0.41367
4793.600000000271,3.5869061946868896,0.20505796372890472,1.5107345581054688,2305843020383125757,M,3568.9,5.9996,0.41367
4794.400000000272,1.2968413829803467,0.18707473576068878,1.5070997476577759,2305843020383125757,M,3568.9,5.9996,0.41367
4795.200000000272,2.192716360092163,0.187955841422081,1.5444728136062622,2305843020383125757,M,3568.9,5.9996,0.41367
4796.000000000272,3.622314214706421,0.20313093066215515,1.6610738039016724,2305843020383125757,M,3568.9,5.9996,0.41367
4796.800000000272,-0.4589264392852783,0.20700283348560333,1.7962536811828613,2305843020383125757,M,3568.9,5.9996,0.41367
4797.600000000272,7.358978748321533,0.20066744089126587,1.7501834630966187,2305843020383125757,M,3568.9,5.9996,0.41367
4798.4000000002725,1.698020577430725,0.20718103647232056,1.7521047592163086,2305843020383125757,M,3568.9,5.9996,0.41367
4799.200000000273,0.5107370018959045,0.22472190856933594,1.5790294408798218,2305843020383125757,M,3568.9,5.9996,0.41367
4800.000000000273,3.293666124343872,0.22463205456733704,1.3110451698303223,2305843020383125757,M,3568.9,5.9996,0.41367
4800.800000000273,4.650279521942139,0.222319096326828,1.2874962091445923,2305843020383125757,M,3568.9,5.9996,0.41367
4801.600000000273,-0.12380604445934296,0.222441628575325,1.394573450088501,2305843020383125757,M,3568.9,5.9996,0.41367
4802.400000000273,4.1248626708984375,0.18392883241176605,1.4319789409637451,2305843020383125757,M,3568.9,5.9996,0.41367
4803.200000000274,0.637414276599884,0.2144380509853363,1.311496615409851,2305843020383125757,M,3568.9,5.9996,0.41367
4804.000000000274,3.9477956295013428,0.22657009959220886,1.1904436349868774,2305843020383125757,M,3568.9,5.9996,0.41367
4804.800000000274,1.168832778930664,0.21644869446754456,0.9892358779907227,2305843020383125757,M,3568.9,5.9996,0.41367
4805.600000000274,0.5622953176498413,0.18799284100532532,0.7323143482208252,2305843020383125757,M,3568.9,5.9996,0.41367
4806.400000000274,2.5382494926452637,0.2138202041387558,0.5622111558914185,2305843020383125757,M,3568.9,5.9996,0.41367
4807.2000000002745,0.41053077578544617,0.2108064591884613,0.5475013852119446,2305843020383125757,M,3568.9,5.9996,0.41367
4808.000000000275,-1.2403899431228638,0.21665164828300476,0.5545125007629395,2305843020383125757,M,3568.9,5.9996,0.41367
4808.800000000275,1.992677927017212,0.21620780229568481,0.4778725802898407,2305843020383125757,M,3568.9,5.9996,0.41367
4809.600000000275,3.28425669670105,0.22160017490386963,0.4417687952518463,2305843020383125757,M,3568.9,5.9996,0.41367
4810.400000000275,-0.0863446593284607,0.20359903573989868,0.4627491533756256,2305843020383125757,M,3568.9,5.9996,0.41367
4811.200000000275,1.7829182147979736,0.22569391131401062,0.47086846828460693,2305843020383125757,M,3568.9,5.9996,0.41367
4812.000000000276,5.28362512588501,0.21652120351791382,0.43051350116729736,2305843020383125757,M,3568.9,5.9996,0.41367
4812.800000000276,4.042815685272217,0.2026320993900299,0.4159552752971649,2305843020383125757,M,3568.9,5.9996,0.41367
4813.600000000276,1.5547358989715576,0.2175741195678711,0.475374698638916,2305843020383125757,M,3568.9,5.9996,0.41367
4814.400000000276,2.121551990509033,0.2074069082736969,0.6175495982170105,2305843020383125757,M,3568.9,5.9996,0.41367
4815.200000000276,0.13222314417362213,0.21610961854457855,0.7161402702331543,2305843020383125757,M,3568.9,5.9996,0.41367
4816.0000000002765,2.708979368209839,0.21515034139156342,0.836594820022583,2305843020383125757,M,3568.9,5.9996,0.41367
4816.800000000277,-1.4109313488006592,0.20256316661834717,1.0121583938598633,2305843020383125757,M,3568.9,5.9996,0.41367
4817.600000000277,3.158780813217163,0.21410582959651947,1.064926028251648,2305843020383125757,M,3568.9,5.9996,0.41367
4818.400000000277,1.5219296216964722,0.20675677061080933,0.8897439241409302,2305843020383125757,M,3568.9,5.9996,0.41367
4819.200000000277,-0.7879952192306519,0.20922121405601501,0.7923800349235535,2305843020383125757,M,3568.9,5.9996,0.41367
4820.000000000277,4.626916408538818,0.195938840508461,0.8650425672531128,2305843020383125757,M,3568.9,5.9996,0.41367
4820.800000000278,-0.6694756746292114,0.2024909257888794,0.861294686794281,2305843020383125757,M,3568.9,5.9996,0.41367
4821.600000000278,0.1313306987285614,0.2054181545972824,0.8765789270401001,2305843020383125757,M,3568.9,5.9996,0.41367
4822.400000000278,4.718780517578125,0.2083645910024643,1.1232123374938965,2305843020383125757,M,3568.9,5.9996,0.41367
4823.200000000278,2.646392822265625,0.21305637061595917,1.3425555229187012,2305843020383125757,M,3568.9,5.9996,0.41367
4824.000000000278,-0.8189601898193359,0.19832706451416016,1.2927664518356323,2305843020383125757,M,3568.9,5.9996,0.41367
4824.8000000002785,2.318140983581543,0.22436287999153137,1.2760177850723267,2305843020383125757,M,3568.9,5.9996,0.41367
4825.600000000279,5.088723182678223,0.1900593489408493,1.328513503074646,2305843020383125757,M,3568.9,5.9996,0.41367
4826.400000000279,-0.6169282793998718,0.2048179805278778,1.2486541271209717,2305843020383125757,M,3568.9,5.9996,0.41367
4827.200000000279,4.322968482971191,0.20444756746292114,1.1792947053909302,2305843020383125757,M,3568.9,5.9996,0.41367
4828.000000000279,1.6219722032546997,0.22117742896080017,1.0509766340255737,2305843020383125757,M,3568.9,5.9996,0.41367
4828.800000000279,-0.43642503023147583,0.21468746662139893,1.0394150018692017,2305843020383125757,M,3568.9,5.9996,0.41367
4829.60000000028,1.2187403440475464,0.17870059609413147,1.2446471452713013,2305843020383125757,M,3568.9,5.9996,0.41367
4830.40000000028,2.6677896976470947,0.21303346753120422,1.3019378185272217,2305843020383125757,M,3568.9,5.9996,0.41367
4831.20000000028,3.2269930839538574,0.19977879524230957,1.3323389291763306,2305843020383125757,M,3568.9,5.9996,0.41367
4832.00000000028,2.731938600540161,0.20919393002986908,1.3954451084136963,2305843020383125757,M,3568.9,5.9996,0.41367
4832.80000000028,2.484947919845581,0.2112847864627838,1.3102920055389404,2305843020383125757,M,3568.9,5.9996,0.41367
4833.6000000002805,1.8569765090942383,0.21087852120399475,1.5629730224609375,2305843020383125757,M,3568.9,5.9996,0.41367
4834.400000000281,1.5680681467056274,0.20100276172161102,2.11445689201355,2305843020383125757,M,3568.9,5.9996,0.41367
4835.200000000281,3.5834977626800537,0.20525570213794708,1.9597387313842773,2305843020383125757,M,3568.9,5.9996,0.41367
4836.000000000281,0.4572688937187195,0.21582990884780884,1.890462875366211,2305843020383125757,M,3568.9,5.9996,0.41367
4836.800000000281,1.188943862915039,0.22723054885864258,1.9589773416519165,2305843020383125757,M,3568.9,5.9996,0.41367
4837.600000000281,1.504422664642334,0.20925505459308624,1.986354112625122,2305843020383125757,M,3568.9,5.9996,0.41367
4838.400000000282,1.3109713792800903,0.21179994940757751,2.1788461208343506,2305843020383125757,M,3568.9,5.9996,0.41367
4839.200000000282,1.4526574611663818,0.20482167601585388,2.0946996212005615,2305843020383125757,M,3568.9,5.9996,0.41367
4840.000000000282,1.6991218328475952,0.20559819042682648,1.901500940322876,2305843020383125757,M,3568.9,5.9996,0.41367
4840.800000000282,-2.3373262882232666,0.21132557094097137,1.7827829122543335,2305843020383125757,M,3568.9,5.9996,0.41367
4841.600000000282,0.8931798338890076,0.21802513301372528,1.5461970567703247,2305843020383125757,M,3568.9,5.9996,0.41367
4842.4000000002825,4.14487361907959,0.2037871778011322,1.5549448728561401,2305843020383125757,M,3568.9,5.9996,0.41367
4843.200000000283,4.718672752380371,0.21071776747703552,1.6756633520126343,2305843020383125757,M,3568.9,5.9996,0.41367
4844.000000000283,-0.2849852740764618,0.21163299679756165,1.8252241611480713,2305843020383125757,M,3568.9,5.9996,0.41367
4844.800000000283,0.2829344570636749,0.20745161175727844,1.789217472076416,2305843020383125757,M,3568.9,5.9996,0.41367
4845.600000000283,0.0981634184718132,0.19690737128257751,1.8780909776687622,2305843020383125757,M,3568.9,5.9996,0.41367
4846.400000000283,-0.2615482211112976,0.20819191634655,2.143589735031128,2305843020383125757,M,3568.9,5.9996,0.41367
4847.200000000284,-0.22008031606674194,0.22267961502075195,1.9599049091339111,2305843020383125757,M,3568.9,5.9996,0.41367
4848.000000000284,2.3952605724334717,0.20649130642414093,1.9263917207717896,2305843020383125757,M,3568.9,5.9996,0.41367
4848.800000000284,1.722956657409668,0.19471631944179535,1.6721440553665161,2305843020383125757,M,3568.9,5.9996,0.41367
4849.600000000284,2.7206203937530518,0.20634795725345612,1.3873085975646973,2305843020383125757,M,3568.9,5.9996,0.41367
4850.400000000284,1.9011961221694946,0.20796898007392883,1.1970386505126953,2305843020383125757,M,3568.9,5.9996,0.41367
4851.2000000002845,1.818799376487732,0.19582659006118774,1.0795775651931763,2305843020383125757,M,3568.9,5.9996,0.41367
4852.000000000285,0.8711881637573242,0.22287830710411072,0.960415244102478,2305843020383125757,M,3568.9,5.9996,0.41367
4852.800000000285,-2.1580374240875244,0.20686164498329163,0.9385167956352234,2305843020383125757,M,3568.9,5.9996,0.41367
4853.600000000285,-0.2415672242641449,0.2136138677597046,1.0421717166900635,2305843020383125757,M,3568.9,5.9996,0.41367
4854.400000000285,0.2772063612937927,0.21967026591300964,1.1485141515731812,2305843020383125757,M,3568.9,5.9996,0.41367
4855.200000000285,0.6201698184013367,0.18849286437034607,1.2112711668014526,2305843020383125757,M,3568.9,5.9996,0.41367
4856.000000000286,1.9862545728683472,0.19780847430229187,1.2523515224456787,2305843020383125757,M,3568.9,5.9996,0.41367
4856.800000000286,2.686680555343628,0.22886402904987335,1.260125994682312,2305843020383125757,M,3568.9,5.9996,0.41367
4857.600000000286,1.5199648141860962,0.20680123567581177,1.3335559368133545,2305843020383125757,M,3568.9,5.9996,0.41367
4858.400000000286,0.914249837398529,0.22843939065933228,1.4316844940185547,2305843020383125757,M,3568.9,5.9996,0.41367
4859.200000000286,3.386430501937866,0.2253066897392273,1.469887137413025,2305843020383125757,M,3568.9,5.9996,0.41367
4860.0000000002865,3.753300905227661,0.19974304735660553,1.4671181440353394,2305843020383125757,M,3568.9,5.9996,0.41367
4860.800000000287,4.912290573120117,0.190343976020813,1.4536837339401245,2305843020383125757,M,3568.9,5.9996,0.41367
4861.600000000287,6.8012542724609375,0.24147306382656097,1.5371748208999634,2305843020383125757,M,3568.9,5.9996,0.41367
4862.400000000287,9.30460262298584,0.23964467644691467,1.6508300304412842,2305843020383125757,M,3568.9,5.9996,0.41367
4863.200000000287,8.073847770690918,0.25476425886154175,1.6496994495391846,2305843020383125757,M,3568.9,5.9996,0.41367
4864.000000000287,7.654537677764893,0.2494288980960846,1.6201339960098267,2305843020383125757,M,3568.9,5.9996,0.41367
4864.800000000288,1.0418155193328857,0.24484945833683014,1.4785197973251343,2305843020383125757,M,3568.9,5.9996,0.41367
4865.600000000288,0.8858250975608826,0.22706925868988037,1.4016634225845337,2305843020383125757,M,3568.9,5.9996,0.41367
4866.400000000288,1.6879773139953613,0.18944722414016724,1.5267772674560547,2305843020383125757,M,3568.9,5.9996,0.41367
4867.200000000288,3.769850492477417,0.21397651731967926,1.6750425100326538,2305843020383125757,M,3568.9,5.9996,0.41367
4868.000000000288,1.7121882438659668,0.21484766900539398,1.7606010437011719,2305843020383125757,M,3568.9,5.9996,0.41367
4868.8000000002885,1.4545241594314575,0.2244196981191635,1.677483320236206,2305843020383125757,M,3568.9,5.9996,0.41367
4869.600000000289,3.3961427211761475,0.20635363459587097,1.7524747848510742,2305843020383125757,M,3568.9,5.9996,0.41367
4870.400000000289,2.5702030658721924,0.21687233448028564,1.9568568468093872,2305843020383125757,M,3568.9,5.9996,0.41367
4871.200000000289,2.364423990249634,0.20227587223052979,2.0330915451049805,2305843020383125757,M,3568.9,5.9996,0.41367
4872.000000000289,0.8139206171035767,0.1849110722541809,2.0105960369110107,2305843020383125757,M,3568.9,5.9996,0.41367
4872.800000000289,2.3548502922058105,0.2281983494758606,2.089702844619751,2305843020383125757,M,3568.9,5.9996,0.41367
4873.60000000029,1.2140451669692993,0.2027471661567688,2.1052792072296143,2305843020383125757,M,3568.9,5.9996,0.41367
4874.40000000029,2.891402006149292,0.19338321685791016,2.12186336517334,2305843020383125757,M,3568.9,5.9996,0.41367
4875.20000000029,2.7414803504943848,0.21893873810768127,2.023794412612915,2305843020383125757,M,3568.9,5.9996,0.41367
4876.00000000029,4.586228847503662,0.2132347822189331,1.8467419147491455,2305843020383125757,M,3568.9,5.9996,0.41367
4876.80000000029,3.1996426582336426,0.22114036977291107,1.7072557210922241,2305843020383125757,M,3568.9,5.9996,0.41367
4877.6000000002905,-2.0624945163726807,0.2185109704732895,1.8159430027008057,2305843020383125757,M,3568.9,5.9996,0.41367
4878.400000000291,0.4166962802410126,0.22603964805603027,1.6873764991760254,2305843020383125757,M,3568.9,5.9996,0.41367
4879.200000000291,3.4646010398864746,0.21473678946495056,1.441827416419983,2305843020383125757,M,3568.9,5.9996,0.41367
4880.000000000291,-0.22247840464115143,0.2058258354663849,1.722624659538269,2305843020383125757,M,3568.9,5.9996,0.41367
4880.800000000291,-0.7516180276870728,0.2015083134174347,2.230314254760742,2305843020383125757,M,3568.9,5.9996,0.41367
4881.600000000291,2.0308072566986084,0.2072659283876419,2.2578415870666504,2305843020383125757,M,3568.9,5.9996,0.41367
4882.400000000292,4.217765808105469,0.19108946621418,2.0321786403656006,2305843020383125757,M,3568.9,5.9996,0.41367
4883.200000000292,1.11896550655365,0.22401326894760132,2.199597120285034,2305843020383125757,M,3568.9,5.9996,0.41367
4884.000000000292,2.1825664043426514,0.20163339376449585,2.483736038208008,2305843020383125757,M,3568.9,5.9996,0.41367
4884.800000000292,0.850082278251648,0.21039177477359772,2.8536009788513184,2305843020383125757,M,3568.9,5.9996,0.41367
4885.600000000292,1.971367359161377,0.1965470016002655,3.024336576461792,2305843020383125757,M,3568.9,5.9996,0.41367
4886.4000000002925,0.7529470920562744,0.19984771311283112,3.1264169216156006,2305843020383125757,M,3568.9,5.9996,0.41367
4887.200000000293,-1.7055433988571167,0.21706587076187134,3.3462743759155273,2305843020383125757,M,3568.9,5.9996,0.41367
4888.000000000293,4.228603363037109,0.2194928377866745,3.245120048522949,2305843020383125757,M,3568.9,5.9996,0.41367
4888.800000000293,4.835991859436035,0.2062249332666397,3.2010843753814697,2305843020383125757,M,3568.9,5.9996,0.41367
4889.600000000293,3.5771238803863525,0.22097718715667725,3.407554864883423,2305843020383125757,M,3568.9,5.9996,0.41367
4890.400000000293,0.19015349447727203,0.21260395646095276,3.4602370262145996,2305843020383125757,M,3568.9,5.9996,0.41367
4891.200000000294,2.1495609283447266,0.21253123879432678,3.36653470993042,2305843020383125757,M,3568.9,5.9996,0.41367
4892.000000000294,2.8246679306030273,0.2145451158285141,2.881099224090576,2305843020383125757,M,3568.9,5.9996,0.41367
4892.800000000294,2.6053857803344727,0.22446250915527344,2.806960344314575,2305843020383125757,M,3568.9,5.9996,0.41367
4893.600000000294,4.641330242156982,0.18809197843074799,2.9812400341033936,2305843020383125757,M,3568.9,5.9996,0.41367
4894.400000000294,2.233665704727173,0.17133666574954987,2.9559524059295654,2305843020383125757,M,3568.9,5.9996,0.41367
4895.2000000002945,4.402868270874023,0.1984245777130127,3.081820487976074,2305843020383125757,M,3568.9,5.9996,0.41367
4896.000000000295,-0.3966054320335388,0.22401763498783112,3.429795026779175,2305843020383125757,M,3568.9,5.9996,0.41367
4896.800000000295,1.4791849851608276,0.21208585798740387,3.5400524139404297,2305843020383125757,M,3568.9,5.9996,0.41367
4897.600000000295,1.642887830734253,0.2164742648601532,3.6075377464294434,2305843020383125757,M,3568.9,5.9996,0.41367
4898.400000000295,4.567018508911133,0.22177331149578094,3.510420322418213,2305843020383125757,M,3568.9,5.9996,0.41367
4899.200000000295,1.7522109746932983,0.22371968626976013,3.433755397796631,2305843020383125757,M,3568.9,5.9996,0.41367
4900.000000000296,2.4224226474761963,0.22307617962360382,3.4010510444641113,2305843020383125757,M,3568.9,5.9996,0.41367
4900.800000000296,-1.6861748695373535,0.21155241131782532,3.147549867630005,2305843020383125757,M,3568.9,5.9996,0.41367
4901.600000000296,5.506037712097168,0.22060102224349976,3.238508939743042,2305843020383125757,M,3568.9,5.9996,0.41367
4902.400000000296,2.9786832332611084,0.21753551065921783,3.6122851371765137,2305843020383125757,M,3568.9,5.9996,0.41367
4903.200000000296,1.2816187143325806,0.22148968279361725,3.7214198112487793,2305843020383125757,M,3568.9,5.9996,0.41367
4904.0000000002965,3.655334949493408,0.20767098665237427,3.446493625640869,2305843020383125757,M,3568.9,5.9996,0.41367
4904.800000000297,5.320971965789795,0.23348897695541382,3.35270357131958,2305843020383125757,M,3568.9,5.9996,0.41367
4905.600000000297,1.6726512908935547,0.21184465289115906,3.5700666904449463,2305843020383125757,M,3568.9,5.9996,0.41367
4906.400000000297,1.9420762062072754,0.2068496197462082,3.594266414642334,2305843020383125757,M,3568.9,5.9996,0.41367
4907.200000000297,-1.6788169145584106,0.212105855345726,3.2731831073760986,2305843020383125757,M,3568.9,5.9996,0.41367
4908.000000000297,5.072511672973633,0.20929542183876038,3.1429295539855957,2305843020383125757,M,3568.9,5.9996,0.41367
4908.800000000298,4.520092964172363,0.2170652449131012,3.207202196121216,2305843020383125757,M,3568.9,5.9996,0.41367
4909.600000000298,4.616745948791504,0.223990797996521,3.1946539878845215,2305843020383125757,M,3568.9,5.9996,0.41367
4910.400000000298,-1.7054229974746704,0.22337216138839722,3.4484872817993164,2305843020383125757,M,3568.9,5.9996,0.41367
4911.200000000298,3.138878583908081,0.22815676033496857,3.7671566009521484,2305843020383125757,M,3568.9,5.9996,0.41367
4912.000000000298,1.54952871799469,0.23195099830627441,4.064521312713623,2305843020383125757,M,3568.9,5.9996,0.41367
4912.8000000002985,5.229730129241943,0.21007785201072693,4.3195414543151855,2305843020383125757,M,3568.9,5.9996,0.41367
4913.600000000299,6.55576229095459,0.22174063324928284,4.2079668045043945,2305843020383125757,M,3568.9,5.9996,0.41367
4914.400000000299,0.03840649500489235,0.21298936009407043,3.589653968811035,2305843020383125757,M,3568.9,5.9996,0.41367
4915.200000000299,2.605916976928711,0.22202561795711517,3.4708945751190186,2305843020383125757,M,3568.9,5.9996,0.41367
4916.000000000299,1.662445068359375,0.2093193233013153,3.9418418407440186,2305843020383125757,M,3568.9,5.9996,0.41367
4916.800000000299,-0.0025997392367571592,0.2182150036096573,4.454020977020264,2305843020383125757,M,3568.9,5.9996,0.41367
4917.6000000003,2.8914172649383545,0.2045355588197708,4.5414581298828125,2305843020383125757,M,3568.9,5.9996,0.41367
4918.4000000003,2.5746407508850098,0.1938653588294983,4.523272514343262,2305843020383125757,M,3568.9,5.9996,0.41367
4919.2000000003,3.434208631515503,0.19271843135356903,4.545101642608643,2305843020383125757,M,3568.9,5.9996,0.41367
4920.0000000003,3.4473495483398438,0.23231279850006104,4.17518424987793,2305843020383125757,M,3568.9,5.9996,0.41367
4920.8000000003,3.6125264167785645,0.2435123473405838,3.8251588344573975,2305843020383125757,M,3568.9,5.9996,0.41367
4921.6000000003005,2.9175288677215576,0.2504948079586029,3.679062843322754,2305843020383125757,M,3568.9,5.9996,0.41367
4922.400000000301,5.714503288269043,0.21406543254852295,4.077267646789551,2305843020383125757,M,3568.9,5.9996,0.41367
4923.200000000301,3.523475170135498,0.2025236189365387,4.3447747230529785,2305843020383125757,M,3568.9,5.9996,0.41367
4924.000000000301,2.702354907989502,0.2239995300769806,4.423360347747803,2305843020383125757,M,3568.9,5.9996,0.41367
4924.800000000301,3.6231536865234375,0.21295297145843506,4.285089015960693,2305843020383125757,M,3568.9,5.9996,0.41367
4925.600000000301,2.8113770484924316,0.22380435466766357,3.6994051933288574,2305843020383125757,M,3568.9,5.9996,0.41367
4926.400000000302,2.844597578048706,0.2137989103794098,3.5382003784179688,2305843020383125757,M,3568.9,5.9996,0.41367
4927.200000000302,-2.6874358654022217,0.20450378954410553,3.7824394702911377,2305843020383125757,M,3568.9,5.9996,0.41367
4928.000000000302,3.0836973190307617,0.2104383409023285,4.246991157531738,2305843020383125757,M,3568.9,5.9996,0.41367
4928.800000000302,1.5162296295166016,0.2142377495765686,4.521576881408691,2305843020383125757,M,3568.9,5.9996,0.41367
4929.600000000302,5.384701251983643,0.1999020278453827,4.310051441192627,2305843020383125757,M,3568.9,5.9996,0.41367
4930.4000000003025,2.239351749420166,0.22041037678718567,4.082520484924316,2305843020383125757,M,3568.9,5.9996,0.41367
4931.200000000303,3.956627130508423,0.2056591659784317,4.248397350311279,2305843020383125757,M,3568.9,5.9996,0.41367
4932.000000000303,5.245190620422363,0.21570082008838654,4.537548065185547,2305843020383125757,M,3568.9,5.9996,0.41367
4932.800000000303,1.3338059186935425,0.2118070125579834,4.922216892242432,2305843020383125757,M,3568.9,5.9996,0.41367
4933.600000000303,1.1799341440200806,0.21141701936721802,4.802735328674316,2305843020383125757,M,3568.9,5.9996,0.41367
4934.400000000303,4.470537185668945,0.1948280930519104,4.215850830078125,2305843020383125757,M,3568.9,5.9996,0.41367
4935.200000000304,3.7956643104553223,0.22551009058952332,4.04866361618042,2305843020383125757,M,3568.9,5.9996,0.41367
4936.000000000304,3.7292709350585938,0.18968218564987183,4.761720180511475,2305843020383125757,M,3568.9,5.9996,0.41367
4936.800000000304,4.092564105987549,0.22153928875923157,5.308339595794678,2305843020383125757,M,3568.9,5.9996,0.41367
4937.600000000304,7.275364398956299,0.21100157499313354,5.204986095428467,2305843020383125757,M,3568.9,5.9996,0.41367
4938.400000000304,4.996011734008789,0.20189379155635834,4.565321922302246,2305843020383125757,M,3568.9,5.9996,0.41367
4939.2000000003045,2.518740653991699,0.20092689990997314,3.60805082321167,2305843020383125757,M,3568.9,5.9996,0.41367
4940.000000000305,3.75960636138916,0.2302192747592926,2.751718282699585,2305843020383125757,M,3568.9,5.9996,0.41367
4940.800000000305,4.495458126068115,0.21570482850074768,2.3728396892547607,2305843020383125757,M,3568.9,5.9996,0.41367
4941.600000000305,4.241715908050537,0.20573358237743378,2.869511127471924,2305843020383125757,M,3568.9,5.9996,0.41367
4942.400000000305,2.467041254043579,0.2041013240814209,3.5677571296691895,2305843020383125757,M,3568.9,5.9996,0.41367
4943.200000000305,2.522459030151367,0.2100372612476349,3.9671735763549805,2305843020383125757,M,3568.9,5.9996,0.41367
4944.000000000306,2.375335931777954,0.22600269317626953,4.149556636810303,2305843020383125757,M,3568.9,5.9996,0.41367
4944.800000000306,4.755921840667725,0.21397864818572998,4.433568954467773,2305843020383125757,M,3568.9,5.9996,0.41367
4945.600000000306,-0.48293447494506836,0.22587907314300537,4.733697891235352,2305843020383125757,M,3568.9,5.9996,0.41367
4946.400000000306,4.406584739685059,0.2097293734550476,5.122660160064697,2305843020383125757,M,3568.9,5.9996,0.41367
4947.200000000306,4.991327285766602,0.22577790915966034,5.267031669616699,2305843020383125757,M,3568.9,5.9996,0.41367
4948.0000000003065,2.8400847911834717,0.21590140461921692,5.056601524353027,2305843020383125757,M,3568.9,5.9996,0.41367
4948.800000000307,4.643553733825684,0.2042684257030487,4.304472923278809,2305843020383125757,M,3568.9,5.9996,0.41367
4949.600000000307,0.46152397990226746,0.21233412623405457,4.2828521728515625,2305843020383125757,M,3568.9,5.9996,0.41367
4950.400000000307,4.0167155265808105,0.19934189319610596,4.953115463256836,2305843020383125757,M,3568.9,5.9996,0.41367
4951.200000000307,7.340392589569092,0.21200339496135712,5.263668060302734,2305843020383125757,M,3568.9,5.9996,0.41367
4952.000000000307,3.9466161727905273,0.19728845357894897,5.068765163421631,2305843020383125757,M,3568.9,5.9996,0.41367
4952.800000000308,5.435868263244629,0.22124692797660828,5.192022323608398,2305843020383125757,M,3568.9,5.9996,0.41367
4953.600000000308,4.687489032745361,0.19868312776088715,5.408756732940674,2305843020383125757,M,3568.9,5.9996,0.41367
4954.400000000308,5.774272441864014,0.2176065444946289,4.472993850708008,2305843020383125757,M,3568.9,5.9996,0.41367
4955.200000000308,7.378968238830566,0.22185716032981873,2.768023729324341,2305843020383125757,M,3568.9,5.9996,0.41367
4956.000000000308,2.7013707160949707,0.21819044649600983,1.6132491827011108,2305843020383125757,M,3568.9,5.9996,0.41367
4956.8000000003085,1.9454269409179688,0.22985568642616272,1.1388025283813477,2305843020383125757,M,3568.9,5.9996,0.41367
4957.600000000309,2.7683675289154053,0.22588717937469482,0.9655055403709412,2305843020383125757,M,3568.9,5.9996,0.41367
4958.400000000309,2.56642484664917,0.24177154898643494,0.9072185754776001,2305843020383125757,M,3568.9,5.9996,0.41367
4959.200000000309,-0.9955737590789795,0.2372891902923584,1.0419821739196777,2305843020383125757,M,3568.9,5.9996,0.41367
4960.000000000309,0.8676475882530212,0.2157299518585205,1.197806477546692,2305843020383125757,M,3568.9,5.9996,0.41367
4960.800000000309,3.884422779083252,0.22441311180591583,1.1902493238449097,2305843020383125757,M,3568.9,5.9996,0.41367
4961.60000000031,-0.18913225829601288,0.21959808468818665,1.3008408546447754,2305843020383125757,M,3568.9,5.9996,0.41367
4962.40000000031,-0.5832312107086182,0.2219991683959961,1.4177101850509644,2305843020383125757,M,3568.9,5.9996,0.41367
4963.20000000031,-0.8293375968933105,0.22073262929916382,1.3595410585403442,2305843020383125757,M,3568.9,5.9996,0.41367
4964.00000000031,-0.993904709815979,0.22133536636829376,1.3716697692871094,2305843020383125757,M,3568.9,5.9996,0.41367
4964.80000000031,3.5130655765533447,0.21680259704589844,1.4798851013183594,2305843020383125757,M,3568.9,5.9996,0.41367
4965.6000000003105,-0.4521462619304657,0.22284111380577087,1.416678547859192,2305843020383125757,M,3568.9,5.9996,0.41367
4966.400000000311,1.5157426595687866,0.1883937120437622,1.349265694618225,2305843020383125757,M,3568.9,5.9996,0.41367
4967.200000000311,3.5215888023376465,0.21853682398796082,1.3798161745071411,2305843020383125757,M,3568.9,5.9996,0.41367
4968.000000000311,4.984179496765137,0.20169007778167725,1.557130217552185,2305843020383125757,M,3568.9,5.9996,0.41367
4968.800000000311,1.8399916887283325,0.21927893161773682,1.6842138767242432,2305843020383125757,M,3568.9,5.9996,0.41367
4969.600000000311,2.5305540561676025,0.21927635371685028,1.7889068126678467,2305843020383125757,M,3568.9,5.9996,0.41367
4970.400000000312,0.011933273635804653,0.22705736756324768,1.9993417263031006,2305843020383125757,M,3568.9,5.9996,0.41367
4971.200000000312,1.4074084758758545,0.22700190544128418,2.1492273807525635,2305843020383125757,M,3568.9,5.9996,0.41367
4972.000000000312,5.971010684967041,0.21908274292945862,1.9087109565734863,2305843020383125757,M,3568.9,5.9996,0.41367
4972.800000000312,2.2403478622436523,0.21873149275779724,1.4638458490371704,2305843020383125757,M,3568.9,5.9996,0.41367
4973.600000000312,2.0998787879943848,0.22025233507156372,1.5356765985488892,2305843020383125757,M,3568.9,5.9996,0.41367
4974.4000000003125,3.08152174949646,0.2129785567522049,1.9193329811096191,2305843020383125757,M,3568.9,5.9996,0.41367
4975.200000000313,6.144576072692871,0.19728517532348633,2.098249673843384,2305843020383125757,M,3568.9,5.9996,0.41367
4976.000000000313,5.2404255867004395,0.21507200598716736,2.1097795963287354,2305843020383125757,M,3568.9,5.9996,0.41367
4976.800000000313,1.151023030281067,0.21131296455860138,2.166747808456421,2305843020383125757,M,3568.9,5.9996,0.41367
4977.600000000313,1.0848709344863892,0.2188747525215149,2.0099196434020996,2305843020383125757,M,3568.9,5.9996,0.41367
4978.400000000313,0.3943372666835785,0.21479439735412598,1.6409344673156738,2305843020383125757,M,3568.9,5.9996,0.41367
4979.200000000314,-0.49966585636138916,0.21480777859687805,1.4732450246810913,2305843020383125757,M,3568.9,5.9996,0.41367
4980.000000000314,3.8588998317718506,0.23220780491828918,1.5635466575622559,2305843020383125757,M,3568.9,5.9996,0.41367
4980.800000000314,3.0419936180114746,0.23311251401901245,1.6644071340560913,2305843020383125757,M,3568.9,5.9996,0.41367
4981.600000000314,0.8232974410057068,0.2229166030883789,1.6262158155441284,2305843020383125757,M,3568.9,5.9996,0.41367
4982.400000000314,3.4839861392974854,0.2271239161491394,1.2891653776168823,2305843020383125757,M,3568.9,5.9996,0.41367
4983.2000000003145,4.631618022918701,0.2131328582763672,1.1320749521255493,2305843020383125757,M,3568.9,5.9996,0.41367
4984.000000000315,2.082632541656494,0.2368103712797165,1.3619781732559204,2305843020383125757,M,3568.9,5.9996,0.41367
4984.800000000315,-0.9976744055747986,0.2400640845298767,1.7120585441589355,2305843020383125757,M,3568.9,5.9996,0.41367
4985.600000000315,4.7147536277771,0.23924869298934937,2.0129287242889404,2305843020383125757,M,3568.9,5.9996,0.41367
4986.400000000315,1.7586005926132202,0.21918992698192596,2.1696112155914307,2305843020383125757,M,3568.9,5.9996,0.41367
4987.200000000315,1.4358938932418823,0.19814351201057434,2.378150701522827,2305843020383125757,M,3568.9,5.9996,0.41367
4988.000000000316,3.441399097442627,0.18679502606391907,2.2887320518493652,2305843020383125757,M,3568.9,5.9996,0.41367
4988.800000000316,3.563117265701294,0.21706795692443848,1.963953971862793,2305843020383125757,M,3568.9,5.9996,0.41367
4989.600000000316,-0.5316590666770935,0.2103530317544937,1.8493800163269043,2305843020383125757,M,3568.9,5.9996,0.41367
4990.400000000316,1.1271175146102905,0.22988495230674744,1.739367127418518,2305843020383125757,M,3568.9,5.9996,0.41367
4991.200000000316,5.196065902709961,0.2153508961200714,1.5133816003799438,2305843020383125757,M,3568.9,5.9996,0.41367
4992.0000000003165,3.3252949714660645,0.20731081068515778,1.3169084787368774,2305843020383125757,M,3568.9,5.9996,0.41367
4992.800000000317,-0.3549148142337799,0.2084074467420578,1.518663763999939,2305843020383125757,M,3568.9,5.9996,0.41367
4993.600000000317,3.32954478263855,0.20242850482463837,1.7636305093765259,2305843020383125757,M,3568.9,5.9996,0.41367
4994.400000000317,2.9496827125549316,0.20232735574245453,1.7316137552261353,2305843020383125757,M,3568.9,5.9996,0.41367
4995.200000000317,3.7479395866394043,0.21935051679611206,1.6646754741668701,2305843020383125757,M,3568.9,5.9996,0.41367
4996.000000000317,-0.08488615602254868,0.1988486647605896,1.9879794120788574,2305843020383125757,M,3568.9,5.9996,0.41367
4996.800000000318,0.8164243698120117,0.21223637461662292,2.025857448577881,2305843020383125757,M,3568.9,5.9996,0.41367
4997.600000000318,3.239800214767456,0.21462804079055786,1.8086527585983276,2305843020383125757,M,3568.9,5.9996,0.41367
4998.400000000318,8.462960243225098,0.2286369502544403,1.6970970630645752,2305843020383125757,M,3568.9,5.9996,0.41367
4999.200000000318,7.198029518127441,0.22294023633003235,1.625265121459961,2305843020383125757,M,3568.9,5.9996,0.41367
