wavelength,flux,ivar,model,targetid,clase_aprox,teff,logg,feh
4000.000000000091,1.4223389625549316,0.11530091613531113,0.43672406673431396,39633019090240603,M,3550.6,5.1332,0.4158
4000.800000000091,0.9778535962104797,0.11434434354305267,0.63849937915802,39633019090240603,M,3550.6,5.1332,0.4158
4001.6000000000913,6.503934383392334,0.11482199281454086,0.8178601264953613,39633019090240603,M,3550.6,5.1332,0.4158
4002.4000000000915,6.446730613708496,0.10716793686151505,0.9056738018989563,39633019090240603,M,3550.6,5.1332,0.4158
4003.2000000000917,3.522442579269409,0.10368861258029938,0.9489495158195496,39633019090240603,M,3550.6,5.1332,0.4158
4004.000000000092,4.403429985046387,0.11647330224514008,0.9368627071380615,39633019090240603,M,3550.6,5.1332,0.4158
4004.800000000092,-0.5769484043121338,0.10701258480548859,0.862815260887146,39633019090240603,M,3550.6,5.1332,0.4158
4005.600000000092,0.718880832195282,0.10894212126731873,0.7190597057342529,39633019090240603,M,3550.6,5.1332,0.4158
4006.4000000000924,2.5934152603149414,0.10582400858402252,0.6424121856689453,39633019090240603,M,3550.6,5.1332,0.4158
4007.2000000000926,-1.2024871110916138,0.11474651098251343,0.7634062170982361,39633019090240603,M,3550.6,5.1332,0.4158
4008.0000000000928,-0.9770969152450562,0.10029841214418411,0.8782269358634949,39633019090240603,M,3550.6,5.1332,0.4158
4008.800000000093,1.7797942161560059,0.10016201436519623,0.8199427127838135,39633019090240603,M,3550.6,5.1332,0.4158
4009.600000000093,0.5388320088386536,0.09852835536003113,0.6691555976867676,39633019090240603,M,3550.6,5.1332,0.4158
4010.4000000000933,3.9453115463256836,0.11160843074321747,0.6885721683502197,39633019090240603,M,3550.6,5.1332,0.4158
4011.2000000000935,2.887899160385132,0.11495031416416168,0.8746466636657715,39633019090240603,M,3550.6,5.1332,0.4158
4012.0000000000937,-2.2368130683898926,0.11461982131004333,0.9690271019935608,39633019090240603,M,3550.6,5.1332,0.4158
4012.800000000094,2.0053927898406982,0.10535581409931183,0.9542568325996399,39633019090240603,M,3550.6,5.1332,0.4158
4013.600000000094,-2.0196645259857178,0.1019618958234787,0.9677686095237732,39633019090240603,M,3550.6,5.1332,0.4158
4014.400000000094,4.86389684677124,0.11476904153823853,1.014095664024353,39633019090240603,M,3550.6,5.1332,0.4158
4015.2000000000944,-0.8721479177474976,0.10663702338933945,1.0716294050216675,39633019090240603,M,3550.6,5.1332,0.4158
4016.0000000000946,2.908966302871704,0.11130823940038681,1.1219402551651,39633019090240603,M,3550.6,5.1332,0.4158
4016.8000000000948,-0.9434765577316284,0.12165550142526627,1.1231703758239746,39633019090240603,M,3550.6,5.1332,0.4158
4017.600000000095,0.533720076084137,0.12410978972911835,1.0701475143432617,39633019090240603,M,3550.6,5.1332,0.4158
4018.400000000095,-0.4559347927570343,0.11733255535364151,1.0134949684143066,39633019090240603,M,3550.6,5.1332,0.4158
4019.2000000000953,0.3249802589416504,0.12665435671806335,1.0062434673309326,39633019090240603,M,3550.6,5.1332,0.4158
4020.0000000000955,-1.9423646926879883,0.12752436101436615,1.052978754043579,39633019090240603,M,3550.6,5.1332,0.4158
4020.8000000000957,1.1633235216140747,0.1144179254770279,0.9815305471420288,39633019090240603,M,3550.6,5.1332,0.4158
4021.600000000096,-2.5236308574676514,0.11984266340732574,0.8629991412162781,39633019090240603,M,3550.6,5.1332,0.4158
4022.400000000096,1.5856549739837646,0.11357688903808594,0.8963950872421265,39633019090240603,M,3550.6,5.1332,0.4158
4023.200000000096,0.141170471906662,0.12316106259822845,0.9395349025726318,39633019090240603,M,3550.6,5.1332,0.4158
4024.0000000000964,4.197707653045654,0.11803670227527618,0.8271114826202393,39633019090240603,M,3550.6,5.1332,0.4158
4024.8000000000966,-1.3503375053405762,0.12335453927516937,0.607673168182373,39633019090240603,M,3550.6,5.1332,0.4158
4025.6000000000968,-2.593992233276367,0.1262374371290207,0.5511970520019531,39633019090240603,M,3550.6,5.1332,0.4158
4026.400000000097,1.6986989974975586,0.1220778375864029,0.700165331363678,39633019090240603,M,3550.6,5.1332,0.4158
4027.200000000097,0.670483410358429,0.11008282005786896,0.8067425489425659,39633019090240603,M,3550.6,5.1332,0.4158
4028.0000000000973,-0.3505491018295288,0.11082402616739273,0.813980221748352,39633019090240603,M,3550.6,5.1332,0.4158
4028.8000000000975,0.49037790298461914,0.1192857027053833,0.7895020842552185,39633019090240603,M,3550.6,5.1332,0.4158
4029.6000000000977,1.5837870836257935,0.12766073644161224,0.7048956751823425,39633019090240603,M,3550.6,5.1332,0.4158
4030.400000000098,0.6749343872070312,0.11721359938383102,0.5274511575698853,39633019090240603,M,3550.6,5.1332,0.4158
4031.200000000098,0.4725676476955414,0.12314273416996002,0.3309471607208252,39633019090240603,M,3550.6,5.1332,0.4158
4032.000000000098,-1.8940331935882568,0.11619271337985992,0.26397258043289185,39633019090240603,M,3550.6,5.1332,0.4158
4032.8000000000984,-0.5689911842346191,0.1370236575603485,0.291718453168869,39633019090240603,M,3550.6,5.1332,0.4158
4033.6000000000986,1.5714346170425415,0.1368769109249115,0.26564401388168335,39633019090240603,M,3550.6,5.1332,0.4158
4034.4000000000988,4.196242332458496,0.14118486642837524,0.23231738805770874,39633019090240603,M,3550.6,5.1332,0.4158
4035.200000000099,-1.7282648086547852,0.12779392302036285,0.2657361924648285,39633019090240603,M,3550.6,5.1332,0.4158
4036.000000000099,4.45155668258667,0.1332194209098816,0.39807024598121643,39633019090240603,M,3550.6,5.1332,0.4158
4036.8000000000993,-2.9305717945098877,0.11837059259414673,0.5979143977165222,39633019090240603,M,3550.6,5.1332,0.4158
4037.6000000000995,-0.48956799507141113,0.12256193906068802,0.7953731417655945,39633019090240603,M,3550.6,5.1332,0.4158
4038.4000000000997,-2.288160800933838,0.12608423829078674,0.9164344668388367,39633019090240603,M,3550.6,5.1332,0.4158
4039.2000000001,2.459014654159546,0.11232490092515945,0.9890751242637634,39633019090240603,M,3550.6,5.1332,0.4158
4040.0000000001,-3.9540507793426514,0.11545807123184204,1.0271707773208618,39633019090240603,M,3550.6,5.1332,0.4158
4040.8000000001,1.5936524868011475,0.11069571226835251,1.0168311595916748,39633019090240603,M,3550.6,5.1332,0.4158
4041.6000000001004,-0.2825107276439667,0.11946091800928116,0.9519596695899963,39633019090240603,M,3550.6,5.1332,0.4158
4042.4000000001006,3.3863844871520996,0.12589889764785767,0.9058967232704163,39633019090240603,M,3550.6,5.1332,0.4158
4043.2000000001008,0.4318509101867676,0.10975047200918198,0.9319174289703369,39633019090240603,M,3550.6,5.1332,0.4158
4044.000000000101,-2.7234580516815186,0.11591274291276932,0.8851500749588013,39633019090240603,M,3550.6,5.1332,0.4158
4044.800000000101,1.0654544830322266,0.14237375557422638,0.720332145690918,39633019090240603,M,3550.6,5.1332,0.4158
4045.6000000001013,1.5299112796783447,0.15158766508102417,0.5374771952629089,39633019090240603,M,3550.6,5.1332,0.4158
4046.4000000001015,-1.6301116943359375,0.15372757613658905,0.3916414678096771,39633019090240603,M,3550.6,5.1332,0.4158
4047.2000000001017,2.122859239578247,0.1583995819091797,0.39716294407844543,39633019090240603,M,3550.6,5.1332,0.4158
4048.000000000102,0.4297068119049072,0.12943556904792786,0.5499985814094543,39633019090240603,M,3550.6,5.1332,0.4158
4048.800000000102,-1.1671369075775146,0.12332838773727417,0.7186461091041565,39633019090240603,M,3550.6,5.1332,0.4158
4049.600000000102,1.762472152709961,0.11242300271987915,0.8548099994659424,39633019090240603,M,3550.6,5.1332,0.4158
4050.4000000001024,0.20701365172863007,0.11653847247362137,0.9754719734191895,39633019090240603,M,3550.6,5.1332,0.4158
4051.2000000001026,3.8758766651153564,0.12351993471384048,1.0549464225769043,39633019090240603,M,3550.6,5.1332,0.4158
4052.000000000103,-1.5325820446014404,0.12628400325775146,1.0835907459259033,39633019090240603,M,3550.6,5.1332,0.4158
4052.800000000103,-2.1637916564941406,0.11988578736782074,1.0995633602142334,39633019090240603,M,3550.6,5.1332,0.4158
4053.600000000103,-2.214972972869873,0.11905030161142349,1.0950390100479126,39633019090240603,M,3550.6,5.1332,0.4158
4054.4000000001033,-3.1313698291778564,0.13788317143917084,1.0566786527633667,39633019090240603,M,3550.6,5.1332,0.4158
4055.2000000001035,-1.5536220073699951,0.1254582554101944,0.9327104091644287,39633019090240603,M,3550.6,5.1332,0.4158
4056.0000000001037,0.816126823425293,0.12399714440107346,0.8876338005065918,39633019090240603,M,3550.6,5.1332,0.4158
4056.800000000104,-2.7627298831939697,0.1250375509262085,1.0208066701889038,39633019090240603,M,3550.6,5.1332,0.4158
4057.600000000104,3.9738876819610596,0.1283060908317566,1.0849740505218506,39633019090240603,M,3550.6,5.1332,0.4158
4058.4000000001042,3.837238311767578,0.1359671652317047,0.9978922605514526,39633019090240603,M,3550.6,5.1332,0.4158
4059.2000000001044,-0.4561437964439392,0.12821559607982635,0.9392709136009216,39633019090240603,M,3550.6,5.1332,0.4158
4060.0000000001046,-4.2226667404174805,0.13809867203235626,0.9480671286582947,39633019090240603,M,3550.6,5.1332,0.4158
4060.800000000105,3.1452009677886963,0.1324228197336197,0.9433929324150085,39633019090240603,M,3550.6,5.1332,0.4158
4061.600000000105,1.7142761945724487,0.12047582864761353,0.906969428062439,39633019090240603,M,3550.6,5.1332,0.4158
4062.400000000105,2.099490165710449,0.12749719619750977,0.876687228679657,39633019090240603,M,3550.6,5.1332,0.4158
4063.2000000001053,1.431124210357666,0.14759521186351776,0.7326626181602478,39633019090240603,M,3550.6,5.1332,0.4158
4064.0000000001055,-2.082083225250244,0.16154702007770538,0.5232992172241211,39633019090240603,M,3550.6,5.1332,0.4158
4064.8000000001057,2.4264113903045654,0.15118643641471863,0.45591357350349426,39633019090240603,M,3550.6,5.1332,0.4158
4065.600000000106,-3.2157843112945557,0.17017719149589539,0.6052403450012207,39633019090240603,M,3550.6,5.1332,0.4158
4066.400000000106,1.2513102293014526,0.15141871571540833,0.8016781210899353,39633019090240603,M,3550.6,5.1332,0.4158
4067.2000000001062,1.1815707683563232,0.12579254806041718,0.9200199246406555,39633019090240603,M,3550.6,5.1332,0.4158
4068.0000000001064,3.3900156021118164,0.13725143671035767,0.9425581097602844,39633019090240603,M,3550.6,5.1332,0.4158
4068.8000000001066,0.6608770489692688,0.13601817190647125,0.9787843823432922,39633019090240603,M,3550.6,5.1332,0.4158
4069.600000000107,1.9368360042572021,0.13385094702243805,1.0601468086242676,39633019090240603,M,3550.6,5.1332,0.4158
4070.400000000107,-1.7784466743469238,0.130741685628891,1.068892002105713,39633019090240603,M,3550.6,5.1332,0.4158
4071.200000000107,-2.163233757019043,0.1365572214126587,0.9168522953987122,39633019090240603,M,3550.6,5.1332,0.4158
4072.0000000001073,1.5771536827087402,0.15110795199871063,0.6608068943023682,39633019090240603,M,3550.6,5.1332,0.4158
4072.8000000001075,-0.15144860744476318,0.14358308911323547,0.5490875244140625,39633019090240603,M,3550.6,5.1332,0.4158
4073.6000000001077,1.1675776243209839,0.13173046708106995,0.7251785397529602,39633019090240603,M,3550.6,5.1332,0.4158
4074.400000000108,-1.5251275300979614,0.1352231502532959,0.9505063891410828,39633019090240603,M,3550.6,5.1332,0.4158
4075.200000000108,2.0033750534057617,0.1394895762205124,1.02428138256073,39633019090240603,M,3550.6,5.1332,0.4158
4076.0000000001082,-1.4155069589614868,0.12050341069698334,1.011866569519043,39633019090240603,M,3550.6,5.1332,0.4158
4076.8000000001084,-0.02201429195702076,0.12672266364097595,0.9615724086761475,39633019090240603,M,3550.6,5.1332,0.4158
4077.6000000001086,-1.0379900932312012,0.12676000595092773,0.8369561433792114,39633019090240603,M,3550.6,5.1332,0.4158
4078.400000000109,1.773391604423523,0.1407896727323532,0.7420274019241333,39633019090240603,M,3550.6,5.1332,0.4158
4079.200000000109,-0.17560137808322906,0.12418527156114578,0.7319307923316956,39633019090240603,M,3550.6,5.1332,0.4158
4080.000000000109,2.011934518814087,0.11486932635307312,0.8299508690834045,39633019090240603,M,3550.6,5.1332,0.4158
4080.8000000001093,4.225264549255371,0.11079484224319458,1.0247530937194824,39633019090240603,M,3550.6,5.1332,0.4158
4081.6000000001095,0.9942505955696106,0.10574334114789963,1.2097399234771729,39633019090240603,M,3550.6,5.1332,0.4158
4082.4000000001097,-0.16619326174259186,0.12115681171417236,1.2071189880371094,39633019090240603,M,3550.6,5.1332,0.4158
4083.20000000011,-0.40526461601257324,0.13351918756961823,1.023740530014038,39633019090240603,M,3550.6,5.1332,0.4158
4084.00000000011,1.7209440469741821,0.12788933515548706,0.9590404033660889,39633019090240603,M,3550.6,5.1332,0.4158
4084.8000000001102,3.0934765338897705,0.1399209201335907,1.0354574918746948,39633019090240603,M,3550.6,5.1332,0.4158
4085.6000000001104,-1.6334574222564697,0.14407773315906525,1.156571626663208,39633019090240603,M,3550.6,5.1332,0.4158
4086.4000000001106,-0.8457836508750916,0.14122602343559265,1.2679481506347656,39633019090240603,M,3550.6,5.1332,0.4158
4087.200000000111,-0.96455979347229,0.12828241288661957,1.3356404304504395,39633019090240603,M,3550.6,5.1332,0.4158
4088.000000000111,0.6048259139060974,0.12571926414966583,1.3177622556686401,39633019090240603,M,3550.6,5.1332,0.4158
4088.800000000111,1.8036338090896606,0.13741035759449005,1.327733039855957,39633019090240603,M,3550.6,5.1332,0.4158
4089.6000000001113,0.09405111521482468,0.13164976239204407,1.3481290340423584,39633019090240603,M,3550.6,5.1332,0.4158
4090.4000000001115,-1.5756779909133911,0.13637644052505493,1.3163784742355347,39633019090240603,M,3550.6,5.1332,0.4158
4091.2000000001117,0.3157137334346771,0.13948291540145874,1.2376261949539185,39633019090240603,M,3550.6,5.1332,0.4158
4092.000000000112,-3.044848680496216,0.13039517402648926,1.2269208431243896,39633019090240603,M,3550.6,5.1332,0.4158
4092.800000000112,-0.687153697013855,0.12590551376342773,1.1734075546264648,39633019090240603,M,3550.6,5.1332,0.4158
4093.6000000001122,3.258671522140503,0.136585995554924,1.0713844299316406,39633019090240603,M,3550.6,5.1332,0.4158
4094.4000000001124,0.036613497883081436,0.15241727232933044,1.1782156229019165,39633019090240603,M,3550.6,5.1332,0.4158
4095.2000000001126,1.1677714586257935,0.15052862465381622,1.2004079818725586,39633019090240603,M,3550.6,5.1332,0.4158
4096.000000000113,1.7069969177246094,0.13670793175697327,0.9596221446990967,39633019090240603,M,3550.6,5.1332,0.4158
4096.800000000113,3.637141227722168,0.1417798548936844,0.7991660237312317,39633019090240603,M,3550.6,5.1332,0.4158
4097.600000000113,5.622329235076904,0.12854552268981934,0.8483471870422363,39633019090240603,M,3550.6,5.1332,0.4158
4098.400000000113,-0.2930580973625183,0.085309699177742,0.9412312507629395,39633019090240603,M,3550.6,5.1332,0.4158
4099.2000000001135,5.651381015777588,0.028764981776475906,0.9225133657455444,39633019090240603,M,3550.6,5.1332,0.4158
4100.000000000114,-0.03446485102176666,0.035368211567401886,0.83583664894104,39633019090240603,M,3550.6,5.1332,0.4158
4100.800000000114,6.369643211364746,0.03218023106455803,0.7579271197319031,39633019090240603,M,3550.6,5.1332,0.4158
4101.600000000114,-3.3724396228790283,0.038028087466955185,0.7785998582839966,39633019090240603,M,3550.6,5.1332,0.4158
4102.400000000114,-4.561271667480469,0.14831776916980743,0.7409936785697937,39633019090240603,M,3550.6,5.1332,0.4158
4103.200000000114,3.1790072917938232,0.21967267990112305,0.7454280257225037,39633019090240603,M,3550.6,5.1332,0.4158
4104.000000000115,-2.20896053314209,0.16091468930244446,0.8504153490066528,39633019090240603,M,3550.6,5.1332,0.4158
4104.800000000115,2.762580394744873,0.1708391308784485,0.8682785630226135,39633019090240603,M,3550.6,5.1332,0.4158
4105.600000000115,-1.7713643312454224,0.1730339229106903,0.8166545629501343,39633019090240603,M,3550.6,5.1332,0.4158
4106.400000000115,1.022194266319275,0.14066702127456665,0.8470954298973083,39633019090240603,M,3550.6,5.1332,0.4158
4107.200000000115,0.5249847173690796,0.14910484850406647,0.9398612976074219,39633019090240603,M,3550.6,5.1332,0.4158
4108.0000000001155,1.8504767417907715,0.15029987692832947,0.9543147683143616,39633019090240603,M,3550.6,5.1332,0.4158
4108.800000000116,-0.621723473072052,0.16136780381202698,0.8847500681877136,39633019090240603,M,3550.6,5.1332,0.4158
4109.600000000116,-2.8416285514831543,0.15473301708698273,0.8555426597595215,39633019090240603,M,3550.6,5.1332,0.4158
4110.400000000116,4.472624778747559,0.14534923434257507,0.8477311134338379,39633019090240603,M,3550.6,5.1332,0.4158
4111.200000000116,-1.4675014019012451,0.16174104809761047,0.874295175075531,39633019090240603,M,3550.6,5.1332,0.4158
4112.000000000116,-1.1357630491256714,0.15449965000152588,0.7935163974761963,39633019090240603,M,3550.6,5.1332,0.4158
4112.800000000117,-5.053323268890381,0.16462120413780212,0.6588005423545837,39633019090240603,M,3550.6,5.1332,0.4158
4113.600000000117,-3.5043647289276123,0.17073088884353638,0.6702454090118408,39633019090240603,M,3550.6,5.1332,0.4158
4114.400000000117,-3.325571060180664,0.14884358644485474,0.7941023111343384,39633019090240603,M,3550.6,5.1332,0.4158
4115.200000000117,-5.470742702484131,0.14334319531917572,0.8270378708839417,39633019090240603,M,3550.6,5.1332,0.4158
4116.000000000117,0.6913632154464722,0.13536691665649414,0.7673846483230591,39633019090240603,M,3550.6,5.1332,0.4158
4116.8000000001175,2.7992725372314453,0.1176203042268753,0.7808025479316711,39633019090240603,M,3550.6,5.1332,0.4158
4117.600000000118,1.8353750705718994,0.12692639231681824,0.8610966801643372,39633019090240603,M,3550.6,5.1332,0.4158
4118.400000000118,-1.6283907890319824,0.12650036811828613,0.9476717710494995,39633019090240603,M,3550.6,5.1332,0.4158
4119.200000000118,-0.08387045562267303,0.12348032742738724,0.9109775424003601,39633019090240603,M,3550.6,5.1332,0.4158
4120.000000000118,2.794633626937866,0.12133730947971344,0.8917960524559021,39633019090240603,M,3550.6,5.1332,0.4158
4120.800000000118,-1.5885546207427979,0.1408599317073822,0.9377231597900391,39633019090240603,M,3550.6,5.1332,0.4158
4121.600000000119,0.10521689057350159,0.12931327521800995,0.9395648241043091,39633019090240603,M,3550.6,5.1332,0.4158
4122.400000000119,-2.712110996246338,0.12996578216552734,0.9609191417694092,39633019090240603,M,3550.6,5.1332,0.4158
4123.200000000119,0.8020210862159729,0.12710322439670563,1.016536831855774,39633019090240603,M,3550.6,5.1332,0.4158
4124.000000000119,-3.016785144805908,0.13301944732666016,0.9631537795066833,39633019090240603,M,3550.6,5.1332,0.4158
4124.800000000119,3.873021125793457,0.14855340123176575,0.978253185749054,39633019090240603,M,3550.6,5.1332,0.4158
4125.6000000001195,-1.0895018577575684,0.12621933221817017,1.108788251876831,39633019090240603,M,3550.6,5.1332,0.4158
4126.40000000012,6.781399726867676,0.1363603174686432,1.1451176404953003,39633019090240603,M,3550.6,5.1332,0.4158
4127.20000000012,-1.0933321714401245,0.15053972601890564,1.104474663734436,39633019090240603,M,3550.6,5.1332,0.4158
4128.00000000012,-2.623325824737549,0.14806190133094788,0.9873949885368347,39633019090240603,M,3550.6,5.1332,0.4158
4128.80000000012,-1.2617138624191284,0.16015318036079407,0.8415877223014832,39633019090240603,M,3550.6,5.1332,0.4158
4129.60000000012,5.6568121910095215,0.1513495296239853,0.8590655326843262,39633019090240603,M,3550.6,5.1332,0.4158
4130.400000000121,1.9723373651504517,0.1488313227891922,0.9304112195968628,39633019090240603,M,3550.6,5.1332,0.4158
4131.200000000121,5.858453273773193,0.14649710059165955,0.881655752658844,39633019090240603,M,3550.6,5.1332,0.4158
4132.000000000121,3.8006458282470703,0.15699173510074615,0.726324737071991,39633019090240603,M,3550.6,5.1332,0.4158
4132.800000000121,-3.064757823944092,0.1552853286266327,0.5900570154190063,39633019090240603,M,3550.6,5.1332,0.4158
4133.600000000121,-2.772979259490967,0.1682763397693634,0.6026788353919983,39633019090240603,M,3550.6,5.1332,0.4158
4134.4000000001215,-2.443765878677368,0.1680666208267212,0.6731146574020386,39633019090240603,M,3550.6,5.1332,0.4158
4135.200000000122,-3.144463539123535,0.1522563248872757,0.6920122504234314,39633019090240603,M,3550.6,5.1332,0.4158
4136.000000000122,2.561596155166626,0.16976337134838104,0.7778658270835876,39633019090240603,M,3550.6,5.1332,0.4158
4136.800000000122,2.3998000621795654,0.14732910692691803,0.8696631789207458,39633019090240603,M,3550.6,5.1332,0.4158
4137.600000000122,3.679553747177124,0.15004125237464905,0.8515951037406921,39633019090240603,M,3550.6,5.1332,0.4158
4138.400000000122,3.595522880554199,0.1470925509929657,0.8111656904220581,39633019090240603,M,3550.6,5.1332,0.4158
4139.200000000123,-4.641668796539307,0.1375463604927063,0.8538298606872559,39633019090240603,M,3550.6,5.1332,0.4158
4140.000000000123,5.837684154510498,0.14799745380878448,0.9257212281227112,39633019090240603,M,3550.6,5.1332,0.4158
4140.800000000123,-0.13493619859218597,0.1466185748577118,0.9123800992965698,39633019090240603,M,3550.6,5.1332,0.4158
4141.600000000123,-4.73069429397583,0.17017991840839386,0.887572705745697,39633019090240603,M,3550.6,5.1332,0.4158
4142.400000000123,-0.943930447101593,0.16321292519569397,0.8013931512832642,39633019090240603,M,3550.6,5.1332,0.4158
4143.2000000001235,0.1635432094335556,0.16079439222812653,0.5887711644172668,39633019090240603,M,3550.6,5.1332,0.4158
4144.000000000124,0.8057944774627686,0.17673128843307495,0.4335237741470337,39633019090240603,M,3550.6,5.1332,0.4158
4144.800000000124,-0.16693465411663055,0.16981011629104614,0.4402901828289032,39633019090240603,M,3550.6,5.1332,0.4158
4145.600000000124,-0.4141554534435272,0.1761559247970581,0.59059739112854,39633019090240603,M,3550.6,5.1332,0.4158
4146.400000000124,0.9447879195213318,0.15406392514705658,0.7465274930000305,39633019090240603,M,3550.6,5.1332,0.4158
4147.200000000124,4.090482234954834,0.15072257816791534,0.8212518095970154,39633019090240603,M,3550.6,5.1332,0.4158
4148.000000000125,-1.210340976715088,0.14731575548648834,0.8512547016143799,39633019090240603,M,3550.6,5.1332,0.4158
4148.800000000125,3.338024854660034,0.1420409381389618,0.8475795388221741,39633019090240603,M,3550.6,5.1332,0.4158
4149.600000000125,2.287466526031494,0.15198002755641937,0.894036054611206,39633019090240603,M,3550.6,5.1332,0.4158
4150.400000000125,1.2159680128097534,0.1505894809961319,0.8864346742630005,39633019090240603,M,3550.6,5.1332,0.4158
4151.200000000125,-1.0320297479629517,0.17362865805625916,0.8501161336898804,39633019090240603,M,3550.6,5.1332,0.4158
4152.0000000001255,-2.9386072158813477,0.15490607917308807,0.8750598430633545,39633019090240603,M,3550.6,5.1332,0.4158
4152.800000000126,-3.1248152256011963,0.14735454320907593,0.9180769920349121,39633019090240603,M,3550.6,5.1332,0.4158
4153.600000000126,-2.3210020065307617,0.15283313393592834,0.9343566298484802,39633019090240603,M,3550.6,5.1332,0.4158
4154.400000000126,3.1094553470611572,0.16043561697006226,0.9498633742332458,39633019090240603,M,3550.6,5.1332,0.4158
4155.200000000126,5.87698221206665,0.16659663617610931,0.9194743037223816,39633019090240603,M,3550.6,5.1332,0.4158
4156.000000000126,1.870686650276184,0.1622372418642044,0.8840348124504089,39633019090240603,M,3550.6,5.1332,0.4158
4156.800000000127,1.9377304315567017,0.16083401441574097,0.8822030425071716,39633019090240603,M,3550.6,5.1332,0.4158
4157.600000000127,-0.49793940782546997,0.15985211730003357,0.8903518915176392,39633019090240603,M,3550.6,5.1332,0.4158
4158.400000000127,1.330591082572937,0.17563217878341675,0.9336661100387573,39633019090240603,M,3550.6,5.1332,0.4158
4159.200000000127,1.4394989013671875,0.15249915421009064,1.0290985107421875,39633019090240603,M,3550.6,5.1332,0.4158
4160.000000000127,1.3101757764816284,0.15590772032737732,1.039591670036316,39633019090240603,M,3550.6,5.1332,0.4158
4160.8000000001275,-0.681719183921814,0.16175274550914764,1.0111510753631592,39633019090240603,M,3550.6,5.1332,0.4158
4161.600000000128,1.7999393939971924,0.14578542113304138,1.0491896867752075,39633019090240603,M,3550.6,5.1332,0.4158
4162.400000000128,1.0241813659667969,0.13858813047409058,1.0414974689483643,39633019090240603,M,3550.6,5.1332,0.4158
4163.200000000128,0.462789386510849,0.14758332073688507,0.999019980430603,39633019090240603,M,3550.6,5.1332,0.4158
4164.000000000128,-3.369821786880493,0.16282646358013153,0.9993832111358643,39633019090240603,M,3550.6,5.1332,0.4158
4164.800000000128,-2.6334948539733887,0.15803466737270355,0.9245925545692444,39633019090240603,M,3550.6,5.1332,0.4158
4165.600000000129,-2.669511556625366,0.162743479013443,0.8096450567245483,39633019090240603,M,3550.6,5.1332,0.4158
4166.400000000129,-0.17905193567276,0.16033625602722168,0.7824398279190063,39633019090240603,M,3550.6,5.1332,0.4158
4167.200000000129,0.9712898135185242,0.15601597726345062,0.8050320148468018,39633019090240603,M,3550.6,5.1332,0.4158
4168.000000000129,2.7268292903900146,0.15335936844348907,0.7973065972328186,39633019090240603,M,3550.6,5.1332,0.4158
4168.800000000129,-2.1909546852111816,0.15360014140605927,0.8057131171226501,39633019090240603,M,3550.6,5.1332,0.4158
4169.6000000001295,-0.9468920826911926,0.15719552338123322,0.8092078566551208,39633019090240603,M,3550.6,5.1332,0.4158
4170.40000000013,-2.212057590484619,0.15475890040397644,0.7987555265426636,39633019090240603,M,3550.6,5.1332,0.4158
4171.20000000013,1.2390636205673218,0.15375253558158875,0.7909939289093018,39633019090240603,M,3550.6,5.1332,0.4158
4172.00000000013,0.22837379574775696,0.15510371327400208,0.7057195901870728,39633019090240603,M,3550.6,5.1332,0.4158
4172.80000000013,2.4624710083007812,0.16410575807094574,0.6010943651199341,39633019090240603,M,3550.6,5.1332,0.4158
4173.60000000013,1.8404566049575806,0.1914062201976776,0.6093227863311768,39633019090240603,M,3550.6,5.1332,0.4158
4174.400000000131,1.6429327726364136,0.1635470688343048,0.6763413548469543,39633019090240603,M,3550.6,5.1332,0.4158
4175.200000000131,-2.4882702827453613,0.16559579968452454,0.6664735078811646,39633019090240603,M,3550.6,5.1332,0.4158
4176.000000000131,4.615376949310303,0.17549240589141846,0.6403641700744629,39633019090240603,M,3550.6,5.1332,0.4158
4176.800000000131,-2.465301752090454,0.1628681868314743,0.7078391313552856,39633019090240603,M,3550.6,5.1332,0.4158
4177.600000000131,2.5898542404174805,0.17491178214550018,0.7903614044189453,39633019090240603,M,3550.6,5.1332,0.4158
4178.4000000001315,0.18252012133598328,0.16841599345207214,0.7765209674835205,39633019090240603,M,3550.6,5.1332,0.4158
4179.200000000132,1.780043125152588,0.17107051610946655,0.778295636177063,39633019090240603,M,3550.6,5.1332,0.4158
4180.000000000132,0.4217643737792969,0.15178817510604858,0.8356504440307617,39633019090240603,M,3550.6,5.1332,0.4158
4180.800000000132,-2.3409111499786377,0.16720321774482727,0.8558370471000671,39633019090240603,M,3550.6,5.1332,0.4158
4181.600000000132,-0.05985213816165924,0.16135750710964203,0.8390277028083801,39633019090240603,M,3550.6,5.1332,0.4158
4182.400000000132,2.551564931869507,0.18110385537147522,0.766208827495575,39633019090240603,M,3550.6,5.1332,0.4158
4183.200000000133,0.85700523853302,0.17781375348567963,0.7587448954582214,39633019090240603,M,3550.6,5.1332,0.4158
4184.000000000133,1.069789171218872,0.17031972110271454,0.7925034761428833,39633019090240603,M,3550.6,5.1332,0.4158
4184.800000000133,1.8794968128204346,0.1726825088262558,0.7918885946273804,39633019090240603,M,3550.6,5.1332,0.4158
4185.600000000133,0.24340462684631348,0.1612623929977417,0.7523589730262756,39633019090240603,M,3550.6,5.1332,0.4158
4186.400000000133,0.6332575678825378,0.1579921543598175,0.7293123602867126,39633019090240603,M,3550.6,5.1332,0.4158
4187.2000000001335,-1.4222338199615479,0.1828622817993164,0.6957296133041382,39633019090240603,M,3550.6,5.1332,0.4158
4188.000000000134,5.350311279296875,0.2010568529367447,0.6536449193954468,39633019090240603,M,3550.6,5.1332,0.4158
4188.800000000134,-1.6372413635253906,0.18151907622814178,0.6499372720718384,39633019090240603,M,3550.6,5.1332,0.4158
4189.600000000134,0.7516692280769348,0.17474861443042755,0.6873764395713806,39633019090240603,M,3550.6,5.1332,0.4158
4190.400000000134,-1.349442720413208,0.1664477437734604,0.7141201496124268,39633019090240603,M,3550.6,5.1332,0.4158
4191.200000000134,2.557013750076294,0.17022675275802612,0.6968231797218323,39633019090240603,M,3550.6,5.1332,0.4158
4192.000000000135,2.550232172012329,0.1910412758588791,0.6596017479896545,39633019090240603,M,3550.6,5.1332,0.4158
4192.800000000135,3.6392881870269775,0.1624089926481247,0.6808686256408691,39633019090240603,M,3550.6,5.1332,0.4158
4193.600000000135,-7.436180591583252,0.1558581292629242,0.7538135051727295,39633019090240603,M,3550.6,5.1332,0.4158
4194.400000000135,1.6273319721221924,0.17092454433441162,0.7646854519844055,39633019090240603,M,3550.6,5.1332,0.4158
4195.200000000135,-2.232574462890625,0.1793622374534607,0.7430922985076904,39633019090240603,M,3550.6,5.1332,0.4158
4196.0000000001355,-2.898740530014038,0.16357064247131348,0.7252241373062134,39633019090240603,M,3550.6,5.1332,0.4158
4196.800000000136,1.1793487071990967,0.1755100041627884,0.7180786728858948,39633019090240603,M,3550.6,5.1332,0.4158
4197.600000000136,3.844541311264038,0.17796005308628082,0.6911022067070007,39633019090240603,M,3550.6,5.1332,0.4158
4198.400000000136,2.6097373962402344,0.17232121527194977,0.6145132780075073,39633019090240603,M,3550.6,5.1332,0.4158
4199.200000000136,0.08956951647996902,0.1833333522081375,0.5313737392425537,39633019090240603,M,3550.6,5.1332,0.4158
4200.000000000136,2.426738977432251,0.17846712470054626,0.5207951664924622,39633019090240603,M,3550.6,5.1332,0.4158
4200.800000000137,1.3143311738967896,0.19264453649520874,0.548406720161438,39633019090240603,M,3550.6,5.1332,0.4158
4201.600000000137,0.8395112752914429,0.19857968389987946,0.5482353568077087,39633019090240603,M,3550.6,5.1332,0.4158
4202.400000000137,-0.911768913269043,0.19112072885036469,0.5035110116004944,39633019090240603,M,3550.6,5.1332,0.4158
4203.200000000137,2.2918548583984375,0.1975618600845337,0.47484853863716125,39633019090240603,M,3550.6,5.1332,0.4158
4204.000000000137,1.2273690700531006,0.19975218176841736,0.5104895234107971,39633019090240603,M,3550.6,5.1332,0.4158
4204.8000000001375,0.7295653223991394,0.18128140270709991,0.5492786169052124,39633019090240603,M,3550.6,5.1332,0.4158
4205.600000000138,-0.46916425228118896,0.1921982765197754,0.5718227028846741,39633019090240603,M,3550.6,5.1332,0.4158
4206.400000000138,0.24087196588516235,0.1843722015619278,0.5878767371177673,39633019090240603,M,3550.6,5.1332,0.4158
4207.200000000138,2.934999704360962,0.17464008927345276,0.5741146206855774,39633019090240603,M,3550.6,5.1332,0.4158
4208.000000000138,-1.2995880842208862,0.17424723505973816,0.5561257004737854,39633019090240603,M,3550.6,5.1332,0.4158
4208.800000000138,3.6349451541900635,0.16255533695220947,0.5675278306007385,39633019090240603,M,3550.6,5.1332,0.4158
4209.600000000139,-1.6429307460784912,0.17045071721076965,0.5617095232009888,39633019090240603,M,3550.6,5.1332,0.4158
4210.400000000139,-3.0362093448638916,0.18243996798992157,0.5203090906143188,39633019090240603,M,3550.6,5.1332,0.4158
4211.200000000139,2.19808292388916,0.19816748797893524,0.48052141070365906,39633019090240603,M,3550.6,5.1332,0.4158
4212.000000000139,-2.577181100845337,0.19323082268238068,0.48275452852249146,39633019090240603,M,3550.6,5.1332,0.4158
4212.800000000139,-0.03744801878929138,0.168975830078125,0.47534796595573425,39633019090240603,M,3550.6,5.1332,0.4158
4213.6000000001395,-0.5246360898017883,0.1869930624961853,0.4521525502204895,39633019090240603,M,3550.6,5.1332,0.4158
4214.40000000014,-1.8471206426620483,0.16899482905864716,0.4342576265335083,39633019090240603,M,3550.6,5.1332,0.4158
4215.20000000014,0.429252028465271,0.18770000338554382,0.4253217577934265,39633019090240603,M,3550.6,5.1332,0.4158
4216.00000000014,-0.615757405757904,0.19512706995010376,0.386453777551651,39633019090240603,M,3550.6,5.1332,0.4158
4216.80000000014,1.3374751806259155,0.17370298504829407,0.343622088432312,39633019090240603,M,3550.6,5.1332,0.4158
4217.60000000014,2.713071823120117,0.18606232106685638,0.3398600220680237,39633019090240603,M,3550.6,5.1332,0.4158
4218.400000000141,5.594343185424805,0.20973090827465057,0.3403272032737732,39633019090240603,M,3550.6,5.1332,0.4158
4219.200000000141,0.05028649419546127,0.18495796620845795,0.326019823551178,39633019090240603,M,3550.6,5.1332,0.4158
4220.000000000141,1.0469754934310913,0.17866674065589905,0.31023839116096497,39633019090240603,M,3550.6,5.1332,0.4158
4220.800000000141,3.599318504333496,0.1674984097480774,0.2961423695087433,39633019090240603,M,3550.6,5.1332,0.4158
4221.600000000141,2.854424476623535,0.17716339230537415,0.2756771445274353,39633019090240603,M,3550.6,5.1332,0.4158
4222.4000000001415,1.0154894590377808,0.18882177770137787,0.24723227322101593,39633019090240603,M,3550.6,5.1332,0.4158
4223.200000000142,0.18394134938716888,0.20058155059814453,0.22030295431613922,39633019090240603,M,3550.6,5.1332,0.4158
4224.000000000142,7.3181633949279785,0.18791677057743073,0.1975843757390976,39633019090240603,M,3550.6,5.1332,0.4158
4224.800000000142,2.4324638843536377,0.1996147185564041,0.1733999103307724,39633019090240603,M,3550.6,5.1332,0.4158
4225.600000000142,-1.9233062267303467,0.19318369030952454,0.14579741656780243,39633019090240603,M,3550.6,5.1332,0.4158
4226.400000000142,-0.0019925960805267096,0.22028852999210358,0.11398199945688248,39633019090240603,M,3550.6,5.1332,0.4158
4227.200000000143,-1.4418635368347168,0.24163223803043365,0.08388426899909973,39633019090240603,M,3550.6,5.1332,0.4158
4228.000000000143,-2.966254234313965,0.25316107273101807,0.07716929167509079,39633019090240603,M,3550.6,5.1332,0.4158
4228.800000000143,-5.0864434242248535,0.2372017651796341,0.10170872509479523,39633019090240603,M,3550.6,5.1332,0.4158
4229.600000000143,-0.9082136154174805,0.2022337168455124,0.13814561069011688,39633019090240603,M,3550.6,5.1332,0.4158
4230.400000000143,2.4099795818328857,0.20706334710121155,0.16836592555046082,39633019090240603,M,3550.6,5.1332,0.4158
4231.2000000001435,0.2034694105386734,0.21209800243377686,0.19430683553218842,39633019090240603,M,3550.6,5.1332,0.4158
4232.000000000144,1.1855418682098389,0.18389827013015747,0.22031201422214508,39633019090240603,M,3550.6,5.1332,0.4158
4232.800000000144,-0.1941639631986618,0.20288415253162384,0.24341648817062378,39633019090240603,M,3550.6,5.1332,0.4158
4233.600000000144,-0.09290789812803268,0.19240495562553406,0.26465868949890137,39633019090240603,M,3550.6,5.1332,0.4158
4234.400000000144,1.9444973468780518,0.1892748475074768,0.2910587191581726,39633019090240603,M,3550.6,5.1332,0.4158
4235.200000000144,-3.1149582862854004,0.20265884697437286,0.3129129111766815,39633019090240603,M,3550.6,5.1332,0.4158
4236.000000000145,1.2023260593414307,0.22278441488742828,0.3250576853752136,39633019090240603,M,3550.6,5.1332,0.4158
4236.800000000145,1.2463973760604858,0.22040194272994995,0.3400316834449768,39633019090240603,M,3550.6,5.1332,0.4158
4237.600000000145,-0.8981651067733765,0.19677263498306274,0.3710988759994507,39633019090240603,M,3550.6,5.1332,0.4158
4238.400000000145,-0.6181236505508423,0.20122076570987701,0.4038190543651581,39633019090240603,M,3550.6,5.1332,0.4158
4239.200000000145,0.06297191232442856,0.19974498450756073,0.4328989088535309,39633019090240603,M,3550.6,5.1332,0.4158
4240.0000000001455,-0.8231900930404663,0.20019212365150452,0.4476028084754944,39633019090240603,M,3550.6,5.1332,0.4158
4240.800000000146,-2.2023837566375732,0.2061665654182434,0.4556170105934143,39633019090240603,M,3550.6,5.1332,0.4158
4241.600000000146,0.4275774359703064,0.19906266033649445,0.47557318210601807,39633019090240603,M,3550.6,5.1332,0.4158
4242.400000000146,0.6467599272727966,0.20478639006614685,0.507545530796051,39633019090240603,M,3550.6,5.1332,0.4158
4243.200000000146,-2.6227803230285645,0.20196832716464996,0.5322898030281067,39633019090240603,M,3550.6,5.1332,0.4158
4244.000000000146,4.209841251373291,0.19225263595581055,0.5572484135627747,39633019090240603,M,3550.6,5.1332,0.4158
4244.800000000147,3.116990089416504,0.1990261971950531,0.5900758504867554,39633019090240603,M,3550.6,5.1332,0.4158
4245.600000000147,7.806522369384766,0.19046935439109802,0.617219865322113,39633019090240603,M,3550.6,5.1332,0.4158
4246.400000000147,0.15456023812294006,0.19624601304531097,0.6195452213287354,39633019090240603,M,3550.6,5.1332,0.4158
4247.200000000147,-2.20475435256958,0.20236322283744812,0.6070387959480286,39633019090240603,M,3550.6,5.1332,0.4158
4248.000000000147,1.3560618162155151,0.1826862245798111,0.5916327834129333,39633019090240603,M,3550.6,5.1332,0.4158
4248.8000000001475,3.054403066635132,0.22267723083496094,0.6020202040672302,39633019090240603,M,3550.6,5.1332,0.4158
4249.600000000148,1.7630783319473267,0.21333256363868713,0.6176440119743347,39633019090240603,M,3550.6,5.1332,0.4158
4250.400000000148,-0.5009390115737915,0.21701791882514954,0.5926235914230347,39633019090240603,M,3550.6,5.1332,0.4158
4251.200000000148,1.5439915657043457,0.2300056517124176,0.5082902908325195,39633019090240603,M,3550.6,5.1332,0.4158
4252.000000000148,2.414634943008423,0.22348569333553314,0.4646994471549988,39633019090240603,M,3550.6,5.1332,0.4158
4252.800000000148,-3.1854989528656006,0.22315713763237,0.4778185784816742,39633019090240603,M,3550.6,5.1332,0.4158
4253.600000000149,0.5841971635818481,0.20823557674884796,0.44905710220336914,39633019090240603,M,3550.6,5.1332,0.4158
4254.400000000149,-0.10954249650239944,0.1843293458223343,0.34266045689582825,39633019090240603,M,3550.6,5.1332,0.4158
4255.200000000149,0.5783998370170593,0.20958349108695984,0.2566392421722412,39633019090240603,M,3550.6,5.1332,0.4158
4256.000000000149,-1.3378700017929077,0.22795303165912628,0.3065018057823181,39633019090240603,M,3550.6,5.1332,0.4158
4256.800000000149,1.869736671447754,0.22105620801448822,0.43631109595298767,39633019090240603,M,3550.6,5.1332,0.4158
4257.6000000001495,-6.324879169464111,0.18704140186309814,0.538361668586731,39633019090240603,M,3550.6,5.1332,0.4158
4258.40000000015,0.794343888759613,0.20649045705795288,0.5816779732704163,39633019090240603,M,3550.6,5.1332,0.4158
4259.20000000015,1.729386568069458,0.21735145151615143,0.6118938326835632,39633019090240603,M,3550.6,5.1332,0.4158
4260.00000000015,1.9643105268478394,0.23380674421787262,0.6402029991149902,39633019090240603,M,3550.6,5.1332,0.4158
4260.80000000015,-1.0402685403823853,0.2073008120059967,0.6233115792274475,39633019090240603,M,3550.6,5.1332,0.4158
4261.60000000015,-2.6199660301208496,0.21394973993301392,0.6038283109664917,39633019090240603,M,3550.6,5.1332,0.4158
4262.400000000151,1.3324841260910034,0.23188942670822144,0.6522120237350464,39633019090240603,M,3550.6,5.1332,0.4158
4263.200000000151,0.11192330718040466,0.2112143188714981,0.7016922235488892,39633019090240603,M,3550.6,5.1332,0.4158
4264.000000000151,3.244562864303589,0.21640726923942566,0.7474616169929504,39633019090240603,M,3550.6,5.1332,0.4158
4264.800000000151,-0.23816059529781342,0.21523001790046692,0.8076001405715942,39633019090240603,M,3550.6,5.1332,0.4158
4265.600000000151,-1.6870189905166626,0.20626159012317657,0.8327797651290894,39633019090240603,M,3550.6,5.1332,0.4158
4266.4000000001515,-1.6671011447906494,0.2068290412425995,0.823260486125946,39633019090240603,M,3550.6,5.1332,0.4158
4267.200000000152,4.828806400299072,0.2083788812160492,0.7977861166000366,39633019090240603,M,3550.6,5.1332,0.4158
4268.000000000152,-0.002386409090831876,0.1961914598941803,0.7938624024391174,39633019090240603,M,3550.6,5.1332,0.4158
4268.800000000152,1.370485544204712,0.20110565423965454,0.7812792062759399,39633019090240603,M,3550.6,5.1332,0.4158
4269.600000000152,0.0640721246600151,0.21705518662929535,0.7518259286880493,39633019090240603,M,3550.6,5.1332,0.4158
4270.400000000152,-1.3864895105361938,0.22657576203346252,0.732610821723938,39633019090240603,M,3550.6,5.1332,0.4158
4271.200000000153,0.07632670551538467,0.22076302766799927,0.6520987153053284,39633019090240603,M,3550.6,5.1332,0.4158
4272.000000000153,-1.6783764362335205,0.24336227774620056,0.5122687816619873,39633019090240603,M,3550.6,5.1332,0.4158
4272.800000000153,1.9884788990020752,0.25998878479003906,0.42033815383911133,39633019090240603,M,3550.6,5.1332,0.4158
4273.600000000153,3.3235325813293457,0.24735510349273682,0.4429982304573059,39633019090240603,M,3550.6,5.1332,0.4158
4274.400000000153,-4.2242207527160645,0.226456418633461,0.43147096037864685,39633019090240603,M,3550.6,5.1332,0.4158
4275.2000000001535,-0.7585864663124084,0.2306373119354248,0.33032307028770447,39633019090240603,M,3550.6,5.1332,0.4158
4276.000000000154,0.6040664315223694,0.2230590283870697,0.29015758633613586,39633019090240603,M,3550.6,5.1332,0.4158
4276.800000000154,0.00441347761079669,0.22287198901176453,0.3971864581108093,39633019090240603,M,3550.6,5.1332,0.4158
4277.600000000154,0.8944399356842041,0.2185659408569336,0.5434430837631226,39633019090240603,M,3550.6,5.1332,0.4158
4278.400000000154,-1.2472615242004395,0.2338794618844986,0.6587857604026794,39633019090240603,M,3550.6,5.1332,0.4158
4279.200000000154,-1.076472282409668,0.22605599462985992,0.7293233871459961,39633019090240603,M,3550.6,5.1332,0.4158
4280.000000000155,0.9716346263885498,0.21113045513629913,0.7729042768478394,39633019090240603,M,3550.6,5.1332,0.4158
4280.800000000155,5.28420352935791,0.21525388956069946,0.8069074153900146,39633019090240603,M,3550.6,5.1332,0.4158
4281.600000000155,1.8983169794082642,0.2247496396303177,0.8180045485496521,39633019090240603,M,3550.6,5.1332,0.4158
4282.400000000155,1.840736985206604,0.22276636958122253,0.7521559596061707,39633019090240603,M,3550.6,5.1332,0.4158
4283.200000000155,-3.0901153087615967,0.21789461374282837,0.6441656351089478,39633019090240603,M,3550.6,5.1332,0.4158
4284.0000000001555,3.329054594039917,0.20140770077705383,0.5866020321846008,39633019090240603,M,3550.6,5.1332,0.4158
4284.800000000156,3.6301252841949463,0.21512559056282043,0.683330774307251,39633019090240603,M,3550.6,5.1332,0.4158
4285.600000000156,4.831387042999268,0.2177971452474594,0.7573515772819519,39633019090240603,M,3550.6,5.1332,0.4158
4286.400000000156,0.20710118114948273,0.22490501403808594,0.7328913807868958,39633019090240603,M,3550.6,5.1332,0.4158
4287.200000000156,2.3886027336120605,0.20850738883018494,0.6943484544754028,39633019090240603,M,3550.6,5.1332,0.4158
4288.000000000156,-0.0681198388338089,0.2184777408838272,0.6659175753593445,39633019090240603,M,3550.6,5.1332,0.4158
4288.800000000157,-1.2595189809799194,0.21215437352657318,0.5670095682144165,39633019090240603,M,3550.6,5.1332,0.4158
4289.600000000157,-0.2035711258649826,0.23117020726203918,0.42714956402778625,39633019090240603,M,3550.6,5.1332,0.4158
4290.400000000157,-0.21606650948524475,0.2431362271308899,0.3034786283969879,39633019090240603,M,3550.6,5.1332,0.4158
4291.200000000157,2.158590793609619,0.24506819248199463,0.31705936789512634,39633019090240603,M,3550.6,5.1332,0.4158
4292.000000000157,-0.34913933277130127,0.24042566120624542,0.4409849941730499,39633019090240603,M,3550.6,5.1332,0.4158
4292.8000000001575,1.8168350458145142,0.22307249903678894,0.608547031879425,39633019090240603,M,3550.6,5.1332,0.4158
4293.600000000158,-1.4369310140609741,0.20835080742835999,0.7344837188720703,39633019090240603,M,3550.6,5.1332,0.4158
4294.400000000158,5.85790491104126,0.20483364164829254,0.7857978343963623,39633019090240603,M,3550.6,5.1332,0.4158
4295.200000000158,4.163399696350098,0.22966007888317108,0.792202889919281,39633019090240603,M,3550.6,5.1332,0.4158
4296.000000000158,1.7120040655136108,0.21750393509864807,0.8274083137512207,39633019090240603,M,3550.6,5.1332,0.4158
4296.800000000158,-0.10896944999694824,0.23153650760650635,0.8212800621986389,39633019090240603,M,3550.6,5.1332,0.4158
4297.600000000159,0.833970844745636,0.2416795790195465,0.8443952202796936,39633019090240603,M,3550.6,5.1332,0.4158
4298.400000000159,1.542088270187378,0.25270235538482666,0.8205623030662537,39633019090240603,M,3550.6,5.1332,0.4158
4299.200000000159,2.113196611404419,0.2439163327217102,0.6736630797386169,39633019090240603,M,3550.6,5.1332,0.4158
4300.000000000159,-2.386568784713745,0.2652212679386139,0.5184992551803589,39633019090240603,M,3550.6,5.1332,0.4158
4300.800000000159,0.41320472955703735,0.27370598912239075,0.5060063004493713,39633019090240603,M,3550.6,5.1332,0.4158
4301.6000000001595,3.800715923309326,0.24001207947731018,0.5135992169380188,39633019090240603,M,3550.6,5.1332,0.4158
4302.40000000016,-1.117106318473816,0.24747717380523682,0.5120571851730347,39633019090240603,M,3550.6,5.1332,0.4158
4303.20000000016,3.498601198196411,0.24886637926101685,0.49896591901779175,39633019090240603,M,3550.6,5.1332,0.4158
4304.00000000016,-1.083356261253357,0.2567499876022339,0.5657464861869812,39633019090240603,M,3550.6,5.1332,0.4158
4304.80000000016,0.7024418711662292,0.26699498295783997,0.7056177258491516,39633019090240603,M,3550.6,5.1332,0.4158
4305.60000000016,2.517519235610962,0.2528756856918335,0.7738774418830872,39633019090240603,M,3550.6,5.1332,0.4158
4306.400000000161,2.98452091217041,0.2398095428943634,0.6987876296043396,39633019090240603,M,3550.6,5.1332,0.4158
4307.200000000161,0.17896556854248047,0.23830734193325043,0.5916847586631775,39633019090240603,M,3550.6,5.1332,0.4158
4308.000000000161,-1.783018946647644,0.23728260397911072,0.5169516205787659,39633019090240603,M,3550.6,5.1332,0.4158
4308.800000000161,-0.7881314158439636,0.25382474064826965,0.46412378549575806,39633019090240603,M,3550.6,5.1332,0.4158
4309.600000000161,1.266155481338501,0.27550724148750305,0.5608484745025635,39633019090240603,M,3550.6,5.1332,0.4158
4310.4000000001615,-0.8301771283149719,0.262494832277298,0.7324382662773132,39633019090240603,M,3550.6,5.1332,0.4158
4311.200000000162,2.252713441848755,0.24784860014915466,0.8886539936065674,39633019090240603,M,3550.6,5.1332,0.4158
4312.000000000162,-0.08803824335336685,0.24164871871471405,1.0029550790786743,39633019090240603,M,3550.6,5.1332,0.4158
4312.800000000162,0.4999241232872009,0.24076271057128906,1.0136598348617554,39633019090240603,M,3550.6,5.1332,0.4158
4313.600000000162,3.006286859512329,0.23668184876441956,0.9596521854400635,39633019090240603,M,3550.6,5.1332,0.4158
4314.400000000162,5.624149322509766,0.2292788028717041,0.907060980796814,39633019090240603,M,3550.6,5.1332,0.4158
4315.200000000163,2.3584256172180176,0.23918920755386353,0.8312016129493713,39633019090240603,M,3550.6,5.1332,0.4158
4316.000000000163,-0.728776752948761,0.2224402129650116,0.8240398168563843,39633019090240603,M,3550.6,5.1332,0.4158
4316.800000000163,-0.9315409064292908,0.2090553641319275,0.9706082344055176,39633019090240603,M,3550.6,5.1332,0.4158
4317.600000000163,0.6124799251556396,0.19755423069000244,1.0393818616867065,39633019090240603,M,3550.6,5.1332,0.4158
4318.400000000163,0.6870459914207458,0.1956557333469391,0.9286749958992004,39633019090240603,M,3550.6,5.1332,0.4158
4319.2000000001635,0.6255837082862854,0.21058066189289093,0.7526294589042664,39633019090240603,M,3550.6,5.1332,0.4158
4320.000000000164,-0.2512713670730591,0.19813472032546997,0.7451391220092773,39633019090240603,M,3550.6,5.1332,0.4158
4320.800000000164,3.583036184310913,0.21919721364974976,0.9117984175682068,39633019090240603,M,3550.6,5.1332,0.4158
4321.600000000164,1.357794165611267,0.2090493142604828,0.9991973042488098,39633019090240603,M,3550.6,5.1332,0.4158
4322.400000000164,0.6378176808357239,0.204382985830307,1.0205961465835571,39633019090240603,M,3550.6,5.1332,0.4158
4323.200000000164,0.3468185365200043,0.2286989539861679,1.07290518283844,39633019090240603,M,3550.6,5.1332,0.4158
4324.000000000165,1.7074159383773804,0.23123799264431,1.0874072313308716,39633019090240603,M,3550.6,5.1332,0.4158
4324.800000000165,-2.398064613342285,0.24992895126342773,1.0038782358169556,39633019090240603,M,3550.6,5.1332,0.4158
4325.600000000165,1.905815839767456,0.267667293548584,0.8103852272033691,39633019090240603,M,3550.6,5.1332,0.4158
4326.400000000165,0.2934284508228302,0.2869885563850403,0.6000714898109436,39633019090240603,M,3550.6,5.1332,0.4158
4327.200000000165,-0.5150560736656189,0.2802661657333374,0.5902205109596252,39633019090240603,M,3550.6,5.1332,0.4158
4328.0000000001655,3.891000270843506,0.2439764440059662,0.804072916507721,39633019090240603,M,3550.6,5.1332,0.4158
4328.800000000166,-0.16721633076667786,0.24322950839996338,1.0505009889602661,39633019090240603,M,3550.6,5.1332,0.4158
4329.600000000166,2.952845335006714,0.21915000677108765,1.174647331237793,39633019090240603,M,3550.6,5.1332,0.4158
4330.400000000166,3.3727262020111084,0.21794435381889343,1.1896073818206787,39633019090240603,M,3550.6,5.1332,0.4158
4331.200000000166,-0.16528409719467163,0.21752524375915527,1.2025642395019531,39633019090240603,M,3550.6,5.1332,0.4158
4332.000000000166,-2.363504648208618,0.22968994081020355,1.2586489915847778,39633019090240603,M,3550.6,5.1332,0.4158
4332.800000000167,-0.3670842945575714,0.22256845235824585,1.2570394277572632,39633019090240603,M,3550.6,5.1332,0.4158
4333.600000000167,-1.0019439458847046,0.22376343607902527,1.19662344455719,39633019090240603,M,3550.6,5.1332,0.4158
4334.400000000167,4.524190425872803,0.22075913846492767,1.1927146911621094,39633019090240603,M,3550.6,5.1332,0.4158
4335.200000000167,1.5553536415100098,0.22943386435508728,1.269095540046692,39633019090240603,M,3550.6,5.1332,0.4158
4336.000000000167,0.0655084103345871,0.22900831699371338,1.4056016206741333,39633019090240603,M,3550.6,5.1332,0.4158
4336.8000000001675,0.5999831557273865,0.22756579518318176,1.4676294326782227,39633019090240603,M,3550.6,5.1332,0.4158
4337.600000000168,-3.0345048904418945,0.2358841896057129,1.2688276767730713,39633019090240603,M,3550.6,5.1332,0.4158
4338.400000000168,3.5622928142547607,0.27320343255996704,1.016467809677124,39633019090240603,M,3550.6,5.1332,0.4158
4339.200000000168,-1.1295682191848755,0.2787291407585144,0.9761080741882324,39633019090240603,M,3550.6,5.1332,0.4158
4340.000000000168,-0.8883864283561707,0.2888530492782593,0.9617083668708801,39633019090240603,M,3550.6,5.1332,0.4158
4340.800000000168,-1.4449321031570435,0.29552626609802246,0.9493138194084167,39633019090240603,M,3550.6,5.1332,0.4158
4341.600000000169,3.583719491958618,0.29783499240875244,1.0743517875671387,39633019090240603,M,3550.6,5.1332,0.4158
4342.400000000169,0.5545989871025085,0.29316407442092896,1.1905831098556519,39633019090240603,M,3550.6,5.1332,0.4158
4343.200000000169,1.0454671382904053,0.2526348829269409,1.2748668193817139,39633019090240603,M,3550.6,5.1332,0.4158
4344.000000000169,3.291018486022949,0.25519293546676636,1.2535357475280762,39633019090240603,M,3550.6,5.1332,0.4158
4344.800000000169,2.6678311824798584,0.25900396704673767,1.0752888917922974,39633019090240603,M,3550.6,5.1332,0.4158
4345.6000000001695,-2.6830363273620605,0.22561854124069214,0.9706928133964539,39633019090240603,M,3550.6,5.1332,0.4158
4346.40000000017,-0.37832725048065186,0.23577150702476501,1.1080398559570312,39633019090240603,M,3550.6,5.1332,0.4158
4347.20000000017,-0.4738321602344513,0.23127515614032745,1.2059231996536255,39633019090240603,M,3550.6,5.1332,0.4158
4348.00000000017,1.643480896949768,0.24910187721252441,1.181886911392212,39633019090240603,M,3550.6,5.1332,0.4158
4348.80000000017,0.684952974319458,0.2340451180934906,1.2218022346496582,39633019090240603,M,3550.6,5.1332,0.4158
4349.60000000017,-2.037626028060913,0.24815388023853302,1.3483349084854126,39633019090240603,M,3550.6,5.1332,0.4158
4350.400000000171,-0.10693423449993134,0.22882187366485596,1.404913067817688,39633019090240603,M,3550.6,5.1332,0.4158
4351.200000000171,-1.3589534759521484,0.2366591989994049,1.2651256322860718,39633019090240603,M,3550.6,5.1332,0.4158
4352.000000000171,2.533709764480591,0.23447531461715698,0.983025848865509,39633019090240603,M,3550.6,5.1332,0.4158
4352.800000000171,0.6012083888053894,0.25324931740760803,0.8260972499847412,39633019090240603,M,3550.6,5.1332,0.4158
4353.600000000171,1.032945156097412,0.28977322578430176,0.9081881046295166,39633019090240603,M,3550.6,5.1332,0.4158
4354.4000000001715,1.529598593711853,0.2637358009815216,1.0737724304199219,39633019090240603,M,3550.6,5.1332,0.4158
4355.200000000172,0.4727729558944702,0.22510962188243866,1.157196044921875,39633019090240603,M,3550.6,5.1332,0.4158
4356.000000000172,-1.3937034606933594,0.2536641061306,1.1625137329101562,39633019090240603,M,3550.6,5.1332,0.4158
4356.800000000172,2.7552435398101807,0.24764658510684967,1.1511670351028442,39633019090240603,M,3550.6,5.1332,0.4158
4357.600000000172,-3.476874351501465,0.23391129076480865,1.1940127611160278,39633019090240603,M,3550.6,5.1332,0.4158
4358.400000000172,1.388938307762146,0.19793279469013214,1.2200583219528198,39633019090240603,M,3550.6,5.1332,0.4158
4359.200000000173,2.3388733863830566,0.18312686681747437,1.1760386228561401,39633019090240603,M,3550.6,5.1332,0.4158
4360.000000000173,0.26021695137023926,0.19825983047485352,1.1234593391418457,39633019090240603,M,3550.6,5.1332,0.4158
4360.800000000173,1.553046703338623,0.23116350173950195,1.0912059545516968,39633019090240603,M,3550.6,5.1332,0.4158
4361.600000000173,1.890582799911499,0.237207293510437,1.1426081657409668,39633019090240603,M,3550.6,5.1332,0.4158
4362.400000000173,0.04864775016903877,0.23168165981769562,1.1591030359268188,39633019090240603,M,3550.6,5.1332,0.4158
4363.2000000001735,0.9198108315467834,0.2398805469274521,1.1884633302688599,39633019090240603,M,3550.6,5.1332,0.4158
4364.000000000174,-0.3454584777355194,0.23137162625789642,1.2040468454360962,39633019090240603,M,3550.6,5.1332,0.4158
4364.800000000174,2.83215594291687,0.23067426681518555,1.2720240354537964,39633019090240603,M,3550.6,5.1332,0.4158
4365.600000000174,5.014194011688232,0.21867309510707855,1.352087140083313,39633019090240603,M,3550.6,5.1332,0.4158
4366.400000000174,1.620667815208435,0.23645493388175964,1.400693416595459,39633019090240603,M,3550.6,5.1332,0.4158
4367.200000000174,2.691559314727783,0.21677878499031067,1.3697589635849,39633019090240603,M,3550.6,5.1332,0.4158
4368.000000000175,4.0533881187438965,0.23587104678153992,1.2891072034835815,39633019090240603,M,3550.6,5.1332,0.4158
4368.800000000175,-0.22348864376544952,0.22854024171829224,1.2073657512664795,39633019090240603,M,3550.6,5.1332,0.4158
4369.600000000175,-3.413736343383789,0.23098254203796387,1.2716951370239258,39633019090240603,M,3550.6,5.1332,0.4158
4370.400000000175,2.856046676635742,0.2468654364347458,1.321906328201294,39633019090240603,M,3550.6,5.1332,0.4158
4371.200000000175,-0.08605694025754929,0.23688675463199615,1.2653557062149048,39633019090240603,M,3550.6,5.1332,0.4158
4372.0000000001755,0.48664259910583496,0.25193971395492554,1.1515617370605469,39633019090240603,M,3550.6,5.1332,0.4158
4372.800000000176,2.4377150535583496,0.2557782232761383,1.154088020324707,39633019090240603,M,3550.6,5.1332,0.4158
4373.600000000176,2.216848373413086,0.24184831976890564,1.2557897567749023,39633019090240603,M,3550.6,5.1332,0.4158
4374.400000000176,0.9264420866966248,0.24770966172218323,1.2711000442504883,39633019090240603,M,3550.6,5.1332,0.4158
4375.200000000176,2.144601583480835,0.2625640332698822,1.1824371814727783,39633019090240603,M,3550.6,5.1332,0.4158
4376.000000000176,-0.8805310130119324,0.2662385106086731,1.0055582523345947,39633019090240603,M,3550.6,5.1332,0.4158
4376.800000000177,0.6018898487091064,0.228181391954422,0.8499892354011536,39633019090240603,M,3550.6,5.1332,0.4158
4377.600000000177,2.4405531883239746,0.25579240918159485,0.9565412402153015,39633019090240603,M,3550.6,5.1332,0.4158
4378.400000000177,-1.4483532905578613,0.23522129654884338,1.1484742164611816,39633019090240603,M,3550.6,5.1332,0.4158
4379.200000000177,-0.030609088018536568,0.24654829502105713,1.131669282913208,39633019090240603,M,3550.6,5.1332,0.4158
4380.000000000177,1.7081040143966675,0.24744731187820435,0.9838257431983948,39633019090240603,M,3550.6,5.1332,0.4158
4380.8000000001775,1.8836026191711426,0.23180902004241943,0.9683454632759094,39633019090240603,M,3550.6,5.1332,0.4158
4381.600000000178,2.8880507946014404,0.2502586245536804,1.0416935682296753,39633019090240603,M,3550.6,5.1332,0.4158
4382.400000000178,0.05046922340989113,0.2484998106956482,1.0657930374145508,39633019090240603,M,3550.6,5.1332,0.4158
4383.200000000178,3.38873028755188,0.2663099467754364,0.9292821288108826,39633019090240603,M,3550.6,5.1332,0.4158
4384.000000000178,0.2012265920639038,0.27699172496795654,0.6800239086151123,39633019090240603,M,3550.6,5.1332,0.4158
4384.800000000178,-0.08454838395118713,0.3233194351196289,0.5356037020683289,39633019090240603,M,3550.6,5.1332,0.4158
4385.600000000179,3.0573949813842773,0.29721465706825256,0.625704824924469,39633019090240603,M,3550.6,5.1332,0.4158
4386.400000000179,0.6577907204627991,0.28707155585289,0.8809969425201416,39633019090240603,M,3550.6,5.1332,0.4158
4387.200000000179,3.3486733436584473,0.27806586027145386,1.1235826015472412,39633019090240603,M,3550.6,5.1332,0.4158
4388.000000000179,3.4412739276885986,0.24645018577575684,1.236260175704956,39633019090240603,M,3550.6,5.1332,0.4158
4388.800000000179,1.687572717666626,0.25617289543151855,1.2258188724517822,39633019090240603,M,3550.6,5.1332,0.4158
4389.6000000001795,1.1183953285217285,0.2544245719909668,1.168554425239563,39633019090240603,M,3550.6,5.1332,0.4158
4390.40000000018,-1.1372339725494385,0.28625184297561646,1.0544459819793701,39633019090240603,M,3550.6,5.1332,0.4158
4391.20000000018,-1.5260089635849,0.27450254559516907,1.0336843729019165,39633019090240603,M,3550.6,5.1332,0.4158
4392.00000000018,-0.01711777038872242,0.27170783281326294,1.1818511486053467,39633019090240603,M,3550.6,5.1332,0.4158
4392.80000000018,3.020477771759033,0.26509618759155273,1.2938051223754883,39633019090240603,M,3550.6,5.1332,0.4158
4393.60000000018,3.523869514465332,0.2546713948249817,1.344057321548462,39633019090240603,M,3550.6,5.1332,0.4158
4394.400000000181,0.23992463946342468,0.26718324422836304,1.3268146514892578,39633019090240603,M,3550.6,5.1332,0.4158
4395.200000000181,0.031355373561382294,0.27493467926979065,1.2402565479278564,39633019090240603,M,3550.6,5.1332,0.4158
4396.000000000181,-0.07721257209777832,0.26350080966949463,1.0948889255523682,39633019090240603,M,3550.6,5.1332,0.4158
4396.800000000181,1.727496862411499,0.2921547293663025,1.1272573471069336,39633019090240603,M,3550.6,5.1332,0.4158
4397.600000000181,1.5431147813796997,0.25666531920433044,1.3010386228561401,39633019090240603,M,3550.6,5.1332,0.4158
4398.4000000001815,0.01097048632800579,0.26902127265930176,1.3826857805252075,39633019090240603,M,3550.6,5.1332,0.4158
4399.200000000182,0.3981770873069763,0.2715563476085663,1.349308967590332,39633019090240603,M,3550.6,5.1332,0.4158
4400.000000000182,-0.08491569757461548,0.2541996240615845,1.2839857339859009,39633019090240603,M,3550.6,5.1332,0.4158
4400.800000000182,-3.4958856105804443,0.2622627019882202,1.1682575941085815,39633019090240603,M,3550.6,5.1332,0.4158
4401.600000000182,-0.8796579837799072,0.2678883671760559,1.072390079498291,39633019090240603,M,3550.6,5.1332,0.4158
4402.400000000182,-1.1885873079299927,0.2796165645122528,1.1561123132705688,39633019090240603,M,3550.6,5.1332,0.4158
4403.200000000183,-0.4332611858844757,0.2741832435131073,1.2794743776321411,39633019090240603,M,3550.6,5.1332,0.4158
4404.000000000183,3.509880781173706,0.2570854723453522,1.2337925434112549,39633019090240603,M,3550.6,5.1332,0.4158
4404.800000000183,0.9242162704467773,0.2716149091720581,0.9703307151794434,39633019090240603,M,3550.6,5.1332,0.4158
4405.600000000183,1.2275664806365967,0.2841494381427765,0.7238963842391968,39633019090240603,M,3550.6,5.1332,0.4158
4406.400000000183,0.16867735981941223,0.3013473153114319,0.764861524105072,39633019090240603,M,3550.6,5.1332,0.4158
4407.2000000001835,5.065282344818115,0.27392521500587463,0.9290447235107422,39633019090240603,M,3550.6,5.1332,0.4158
4408.000000000184,1.736729621887207,0.26957523822784424,0.9329540133476257,39633019090240603,M,3550.6,5.1332,0.4158
4408.800000000184,-3.30053448677063,0.2801128923892975,0.8240759968757629,39633019090240603,M,3550.6,5.1332,0.4158
4409.600000000184,0.7112144231796265,0.2582753300666809,0.9022557139396667,39633019090240603,M,3550.6,5.1332,0.4158
4410.400000000184,2.2146806716918945,0.24729295074939728,1.1818950176239014,39633019090240603,M,3550.6,5.1332,0.4158
4411.200000000184,-1.9577473402023315,0.25804880261421204,1.365870475769043,39633019090240603,M,3550.6,5.1332,0.4158
4412.000000000185,3.924474000930786,0.2575610280036926,1.4432156085968018,39633019090240603,M,3550.6,5.1332,0.4158
4412.800000000185,-2.4774487018585205,0.2156205028295517,1.4348630905151367,39633019090240603,M,3550.6,5.1332,0.4158
4413.600000000185,4.262321472167969,0.2700079083442688,1.3683212995529175,39633019090240603,M,3550.6,5.1332,0.4158
4414.400000000185,-0.09985382109880447,0.2570876479148865,1.3454983234405518,39633019090240603,M,3550.6,5.1332,0.4158
4415.200000000185,1.1588629484176636,0.266643762588501,1.208045244216919,39633019090240603,M,3550.6,5.1332,0.4158
4416.0000000001855,2.7239162921905518,0.2944236397743225,1.0453020334243774,39633019090240603,M,3550.6,5.1332,0.4158
4416.800000000186,2.6203536987304688,0.2729109823703766,1.1042290925979614,39633019090240603,M,3550.6,5.1332,0.4158
4417.600000000186,-2.905024290084839,0.2587067782878876,1.2270694971084595,39633019090240603,M,3550.6,5.1332,0.4158
4418.400000000186,0.42585691809654236,0.2852631211280823,1.3614037036895752,39633019090240603,M,3550.6,5.1332,0.4158
4419.200000000186,-2.8888888359069824,0.25809192657470703,1.4951549768447876,39633019090240603,M,3550.6,5.1332,0.4158
4420.000000000186,2.985325813293457,0.2526121139526367,1.5236908197402954,39633019090240603,M,3550.6,5.1332,0.4158
4420.800000000187,-0.08917585760354996,0.2326929122209549,1.4630193710327148,39633019090240603,M,3550.6,5.1332,0.4158
4421.600000000187,0.572014570236206,0.24934977293014526,1.36562180519104,39633019090240603,M,3550.6,5.1332,0.4158
4422.400000000187,-0.43037575483322144,0.24861252307891846,1.2140045166015625,39633019090240603,M,3550.6,5.1332,0.4158
4423.200000000187,1.1722084283828735,0.2699587643146515,1.1053303480148315,39633019090240603,M,3550.6,5.1332,0.4158
4424.000000000187,-3.2748117446899414,0.2515239715576172,1.0773950815200806,39633019090240603,M,3550.6,5.1332,0.4158
4424.8000000001875,0.23078744113445282,0.25567135214805603,1.0598866939544678,39633019090240603,M,3550.6,5.1332,0.4158
4425.600000000188,-0.46755972504615784,0.2574414610862732,0.8838893175125122,39633019090240603,M,3550.6,5.1332,0.4158
4426.400000000188,0.4659430682659149,0.2618201971054077,0.6926953792572021,39633019090240603,M,3550.6,5.1332,0.4158
4427.200000000188,3.3504433631896973,0.2712229788303375,0.6608508825302124,39633019090240603,M,3550.6,5.1332,0.4158
4428.000000000188,2.330702543258667,0.26173320412635803,0.6860166788101196,39633019090240603,M,3550.6,5.1332,0.4158
4428.800000000188,5.006570816040039,0.28715887665748596,0.8146967887878418,39633019090240603,M,3550.6,5.1332,0.4158
4429.600000000189,-1.753536581993103,0.2600896954536438,1.0206241607666016,39633019090240603,M,3550.6,5.1332,0.4158
4430.400000000189,0.34719204902648926,0.26415959000587463,1.1042757034301758,39633019090240603,M,3550.6,5.1332,0.4158
4431.200000000189,3.324713945388794,0.2831304669380188,1.0857923030853271,39633019090240603,M,3550.6,5.1332,0.4158
4432.000000000189,-0.11895473301410675,0.2733960449695587,1.1177815198898315,39633019090240603,M,3550.6,5.1332,0.4158
4432.800000000189,-3.768416166305542,0.26291561126708984,1.1191954612731934,39633019090240603,M,3550.6,5.1332,0.4158
4433.6000000001895,-1.231587290763855,0.2805103063583374,1.04637610912323,39633019090240603,M,3550.6,5.1332,0.4158
4434.40000000019,-1.4527864456176758,0.29332661628723145,0.9128215909004211,39633019090240603,M,3550.6,5.1332,0.4158
4435.20000000019,-0.6151805520057678,0.28208255767822266,0.7051388621330261,39633019090240603,M,3550.6,5.1332,0.4158
4436.00000000019,4.000422954559326,0.2926788926124573,0.5318083167076111,39633019090240603,M,3550.6,5.1332,0.4158
4436.80000000019,-2.017131805419922,0.30012354254722595,0.5769028663635254,39633019090240603,M,3550.6,5.1332,0.4158
4437.60000000019,1.9390939474105835,0.25338679552078247,0.8075464963912964,39633019090240603,M,3550.6,5.1332,0.4158
4438.400000000191,-3.9892711639404297,0.24317191541194916,1.017186164855957,39633019090240603,M,3550.6,5.1332,0.4158
4439.200000000191,-2.1053924560546875,0.27246618270874023,1.1073371171951294,39633019090240603,M,3550.6,5.1332,0.4158
4440.000000000191,0.22464101016521454,0.2733842730522156,1.1695396900177002,39633019090240603,M,3550.6,5.1332,0.4158
4440.800000000191,1.5620611906051636,0.26408126950263977,1.1606110334396362,39633019090240603,M,3550.6,5.1332,0.4158
4441.600000000191,0.5076629519462585,0.2820817232131958,1.0999237298965454,39633019090240603,M,3550.6,5.1332,0.4158
4442.4000000001915,1.8514316082000732,0.2771504521369934,1.0553779602050781,39633019090240603,M,3550.6,5.1332,0.4158
4443.200000000192,1.9462814331054688,0.2845633625984192,1.0773448944091797,39633019090240603,M,3550.6,5.1332,0.4158
4444.000000000192,1.2230393886566162,0.267455130815506,1.1350765228271484,39633019090240603,M,3550.6,5.1332,0.4158
4444.800000000192,-0.9245396852493286,0.29380327463150024,1.190490961074829,39633019090240603,M,3550.6,5.1332,0.4158
4445.600000000192,0.12926915287971497,0.27610617876052856,1.2577711343765259,39633019090240603,M,3550.6,5.1332,0.4158
4446.400000000192,-1.210762619972229,0.24624519050121307,1.3537743091583252,39633019090240603,M,3550.6,5.1332,0.4158
4447.200000000193,0.07368207722902298,0.2682620882987976,1.4349068403244019,39633019090240603,M,3550.6,5.1332,0.4158
4448.000000000193,-0.8687791228294373,0.2538526952266693,1.389047622680664,39633019090240603,M,3550.6,5.1332,0.4158
4448.800000000193,2.76450252532959,0.2702281177043915,1.2747479677200317,39633019090240603,M,3550.6,5.1332,0.4158
4449.600000000193,2.8680362701416016,0.26994574069976807,1.2122060060501099,39633019090240603,M,3550.6,5.1332,0.4158
4450.400000000193,-0.5407326817512512,0.26483845710754395,1.1834849119186401,39633019090240603,M,3550.6,5.1332,0.4158
4451.2000000001935,-2.1462676525115967,0.26683536171913147,1.1782801151275635,39633019090240603,M,3550.6,5.1332,0.4158
4452.000000000194,0.8840460181236267,0.27776196599006653,1.1377463340759277,39633019090240603,M,3550.6,5.1332,0.4158
4452.800000000194,-1.4515511989593506,0.2668505907058716,1.0928404331207275,39633019090240603,M,3550.6,5.1332,0.4158
4453.600000000194,-2.1326422691345215,0.2805541157722473,0.9868366718292236,39633019090240603,M,3550.6,5.1332,0.4158
4454.400000000194,3.268937349319458,0.28980475664138794,0.8091536164283752,39633019090240603,M,3550.6,5.1332,0.4158
4455.200000000194,0.7093265056610107,0.3123622536659241,0.6366323232650757,39633019090240603,M,3550.6,5.1332,0.4158
4456.000000000195,1.8946592807769775,0.3086937665939331,0.5219429135322571,39633019090240603,M,3550.6,5.1332,0.4158
4456.800000000195,2.1920411586761475,0.30780985951423645,0.5571798086166382,39633019090240603,M,3550.6,5.1332,0.4158
4457.600000000195,-2.350400924682617,0.3046390414237976,0.7005683183670044,39633019090240603,M,3550.6,5.1332,0.4158
4458.400000000195,3.5389978885650635,0.31556135416030884,0.8778555393218994,39633019090240603,M,3550.6,5.1332,0.4158
4459.200000000195,0.01133078895509243,0.305656373500824,1.0118255615234375,39633019090240603,M,3550.6,5.1332,0.4158
4460.0000000001955,-0.02745571918785572,0.3077471852302551,1.002285122871399,39633019090240603,M,3550.6,5.1332,0.4158
4460.800000000196,0.7928831577301025,0.29583752155303955,0.9522231221199036,39633019090240603,M,3550.6,5.1332,0.4158
4461.600000000196,0.5161044001579285,0.28764885663986206,0.9441599249839783,39633019090240603,M,3550.6,5.1332,0.4158
4462.400000000196,-2.232076644897461,0.3000459372997284,0.8839396238327026,39633019090240603,M,3550.6,5.1332,0.4158
4463.200000000196,3.500838279724121,0.31364142894744873,0.9151396155357361,39633019090240603,M,3550.6,5.1332,0.4158
4464.000000000196,-1.8199511766433716,0.2894083261489868,1.0899691581726074,39633019090240603,M,3550.6,5.1332,0.4158
4464.800000000197,4.354082107543945,0.2756345272064209,1.1775343418121338,39633019090240603,M,3550.6,5.1332,0.4158
4465.600000000197,0.7719364166259766,0.2816813886165619,1.1577963829040527,39633019090240603,M,3550.6,5.1332,0.4158
4466.400000000197,2.268604278564453,0.27460306882858276,1.1047784090042114,39633019090240603,M,3550.6,5.1332,0.4158
4467.200000000197,3.2081305980682373,0.2778230607509613,1.0622105598449707,39633019090240603,M,3550.6,5.1332,0.4158
4468.000000000197,4.72034215927124,0.2752769887447357,1.113343358039856,39633019090240603,M,3550.6,5.1332,0.4158
4468.8000000001975,1.6957684755325317,0.27814528346061707,1.228651762008667,39633019090240603,M,3550.6,5.1332,0.4158
4469.600000000198,-0.26511430740356445,0.27308550477027893,1.2777957916259766,39633019090240603,M,3550.6,5.1332,0.4158
4470.400000000198,3.9621241092681885,0.290839284658432,1.2493940591812134,39633019090240603,M,3550.6,5.1332,0.4158
4471.200000000198,3.8317511081695557,0.2914661467075348,1.2349902391433716,39633019090240603,M,3550.6,5.1332,0.4158
4472.000000000198,1.081503987312317,0.30045628547668457,1.2302014827728271,39633019090240603,M,3550.6,5.1332,0.4158
4472.800000000198,2.417504072189331,0.295367568731308,1.2614518404006958,39633019090240603,M,3550.6,5.1332,0.4158
4473.600000000199,6.5566840171813965,0.2835542857646942,1.3228914737701416,39633019090240603,M,3550.6,5.1332,0.4158
4474.400000000199,-0.23602421581745148,0.271959513425827,1.3931996822357178,39633019090240603,M,3550.6,5.1332,0.4158
4475.200000000199,0.8040000796318054,0.2766050398349762,1.4092851877212524,39633019090240603,M,3550.6,5.1332,0.4158
4476.000000000199,2.718441963195801,0.2869153618812561,1.3550318479537964,39633019090240603,M,3550.6,5.1332,0.4158
4476.800000000199,1.1092605590820312,0.28887826204299927,1.3390430212020874,39633019090240603,M,3550.6,5.1332,0.4158
4477.6000000001995,2.658012866973877,0.2766103148460388,1.3986607789993286,39633019090240603,M,3550.6,5.1332,0.4158
4478.4000000002,1.0691238641738892,0.27501365542411804,1.45046865940094,39633019090240603,M,3550.6,5.1332,0.4158
4479.2000000002,-0.7094125151634216,0.2740495800971985,1.5031499862670898,39633019090240603,M,3550.6,5.1332,0.4158
4480.0000000002,0.011636734008789062,0.28968098759651184,1.5126560926437378,39633019090240603,M,3550.6,5.1332,0.4158
4480.8000000002,2.4664034843444824,0.2946557104587555,1.4299843311309814,39633019090240603,M,3550.6,5.1332,0.4158
4481.6000000002,2.1487674713134766,0.2958553731441498,1.2889697551727295,39633019090240603,M,3550.6,5.1332,0.4158
4482.400000000201,3.0800037384033203,0.29376697540283203,1.125925898551941,39633019090240603,M,3550.6,5.1332,0.4158
4483.200000000201,4.170905590057373,0.31185948848724365,1.0403133630752563,39633019090240603,M,3550.6,5.1332,0.4158
4484.000000000201,1.3082259893417358,0.2805168032646179,1.1886500120162964,39633019090240603,M,3550.6,5.1332,0.4158
4484.800000000201,0.8824238181114197,0.29014328122138977,1.3574011325836182,39633019090240603,M,3550.6,5.1332,0.4158
4485.600000000201,-1.5449258089065552,0.2788826823234558,1.396912932395935,39633019090240603,M,3550.6,5.1332,0.4158
4486.4000000002015,-1.7668031454086304,0.26130372285842896,1.3926799297332764,39633019090240603,M,3550.6,5.1332,0.4158
4487.200000000202,1.577355146408081,0.25412559509277344,1.4126378297805786,39633019090240603,M,3550.6,5.1332,0.4158
4488.000000000202,0.07851317524909973,0.2793116271495819,1.425964593887329,39633019090240603,M,3550.6,5.1332,0.4158
4488.800000000202,-2.7206521034240723,0.25482213497161865,1.3801919221878052,39633019090240603,M,3550.6,5.1332,0.4158
4489.600000000202,1.1555651426315308,0.29943832755088806,1.2430154085159302,39633019090240603,M,3550.6,5.1332,0.4158
4490.400000000202,1.2696174383163452,0.2949526309967041,1.1407577991485596,39633019090240603,M,3550.6,5.1332,0.4158
4491.200000000203,-1.0578958988189697,0.29529163241386414,1.2470166683197021,39633019090240603,M,3550.6,5.1332,0.4158
4492.000000000203,0.30665645003318787,0.2790406048297882,1.5217403173446655,39633019090240603,M,3550.6,5.1332,0.4158
4492.800000000203,2.629500389099121,0.2719093859195709,1.6946630477905273,39633019090240603,M,3550.6,5.1332,0.4158
4493.600000000203,2.570431709289551,0.26911503076553345,1.6653611660003662,39633019090240603,M,3550.6,5.1332,0.4158
4494.400000000203,0.03904872015118599,0.2807849645614624,1.5279006958007812,39633019090240603,M,3550.6,5.1332,0.4158
4495.2000000002035,-2.0562288761138916,0.3005205988883972,1.3863588571548462,39633019090240603,M,3550.6,5.1332,0.4158
4496.000000000204,0.25768914818763733,0.2905789315700531,1.3344311714172363,39633019090240603,M,3550.6,5.1332,0.4158
4496.800000000204,2.2221782207489014,0.29033970832824707,1.2206684350967407,39633019090240603,M,3550.6,5.1332,0.4158
4497.600000000204,1.3041903972625732,0.26809465885162354,1.0415722131729126,39633019090240603,M,3550.6,5.1332,0.4158
4498.400000000204,1.334601640701294,0.2932455241680145,1.109748125076294,39633019090240603,M,3550.6,5.1332,0.4158
4499.200000000204,-0.7821975946426392,0.27508896589279175,1.3529174327850342,39633019090240603,M,3550.6,5.1332,0.4158
4500.000000000205,0.9984987378120422,0.27692896127700806,1.5546813011169434,39633019090240603,M,3550.6,5.1332,0.4158
4500.800000000205,3.1250290870666504,0.2908436059951782,1.613516926765442,39633019090240603,M,3550.6,5.1332,0.4158
4501.600000000205,-0.6988082528114319,0.275626540184021,1.59466552734375,39633019090240603,M,3550.6,5.1332,0.4158
4502.400000000205,-0.03145521506667137,0.30071622133255005,1.5642693042755127,39633019090240603,M,3550.6,5.1332,0.4158
4503.200000000205,2.947382926940918,0.2781936526298523,1.5664291381835938,39633019090240603,M,3550.6,5.1332,0.4158
4504.000000000206,4.866841793060303,0.27751219272613525,1.586978554725647,39633019090240603,M,3550.6,5.1332,0.4158
4504.800000000206,0.9609307050704956,0.274728000164032,1.6149723529815674,39633019090240603,M,3550.6,5.1332,0.4158
4505.600000000206,2.9736576080322266,0.2791275084018707,1.5781047344207764,39633019090240603,M,3550.6,5.1332,0.4158
4506.400000000206,-0.2943931221961975,0.26215317845344543,1.4566574096679688,39633019090240603,M,3550.6,5.1332,0.4158
4507.200000000206,-1.2854398488998413,0.2788889706134796,1.313554286956787,39633019090240603,M,3550.6,5.1332,0.4158
4508.0000000002065,3.042607069015503,0.287935346364975,1.2404249906539917,39633019090240603,M,3550.6,5.1332,0.4158
4508.800000000207,2.8443009853363037,0.2663637101650238,1.2791590690612793,39633019090240603,M,3550.6,5.1332,0.4158
4509.600000000207,0.8212520480155945,0.2795277237892151,1.298508644104004,39633019090240603,M,3550.6,5.1332,0.4158
4510.400000000207,-0.169369637966156,0.2833508551120758,1.3177576065063477,39633019090240603,M,3550.6,5.1332,0.4158
4511.200000000207,2.518664598464966,0.2843008041381836,1.363065481185913,39633019090240603,M,3550.6,5.1332,0.4158
4512.000000000207,1.536107063293457,0.2883169949054718,1.3392868041992188,39633019090240603,M,3550.6,5.1332,0.4158
4512.800000000208,0.672366201877594,0.27030256390571594,1.2210161685943604,39633019090240603,M,3550.6,5.1332,0.4158
4513.600000000208,2.2446534633636475,0.28753820061683655,1.114237666130066,39633019090240603,M,3550.6,5.1332,0.4158
4514.400000000208,2.059201955795288,0.30776846408843994,1.2043943405151367,39633019090240603,M,3550.6,5.1332,0.4158
4515.200000000208,2.0115108489990234,0.2681501507759094,1.3596515655517578,39633019090240603,M,3550.6,5.1332,0.4158
4516.000000000208,0.6246009469032288,0.2549622058868408,1.422571063041687,39633019090240603,M,3550.6,5.1332,0.4158
4516.8000000002085,-2.111985683441162,0.2678619623184204,1.3972125053405762,39633019090240603,M,3550.6,5.1332,0.4158
4517.600000000209,0.9099149107933044,0.2707112431526184,1.3260525465011597,39633019090240603,M,3550.6,5.1332,0.4158
4518.400000000209,1.280216932296753,0.2500239610671997,1.1879271268844604,39633019090240603,M,3550.6,5.1332,0.4158
4519.200000000209,1.8287550210952759,0.28775259852409363,1.0833319425582886,39633019090240603,M,3550.6,5.1332,0.4158
4520.000000000209,-1.276642084121704,0.2646992802619934,1.209093689918518,39633019090240603,M,3550.6,5.1332,0.4158
4520.800000000209,2.453197479248047,0.25569987297058105,1.3765623569488525,39633019090240603,M,3550.6,5.1332,0.4158
4521.60000000021,3.169537305831909,0.24377745389938354,1.4720145463943481,39633019090240603,M,3550.6,5.1332,0.4158
4522.40000000021,3.047744035720825,0.23735913634300232,1.4378639459609985,39633019090240603,M,3550.6,5.1332,0.4158
4523.20000000021,1.295041799545288,0.2652268707752228,1.2366058826446533,39633019090240603,M,3550.6,5.1332,0.4158
4524.00000000021,-0.9801223874092102,0.25210848450660706,1.1358658075332642,39633019090240603,M,3550.6,5.1332,0.4158
4524.80000000021,0.18852223455905914,0.24688240885734558,1.3149667978286743,39633019090240603,M,3550.6,5.1332,0.4158
4525.6000000002105,1.3559499979019165,0.25841793417930603,1.4398044347763062,39633019090240603,M,3550.6,5.1332,0.4158
4526.400000000211,2.8021914958953857,0.2835383713245392,1.3269258737564087,39633019090240603,M,3550.6,5.1332,0.4158
4527.200000000211,-1.4747331142425537,0.2818085551261902,1.1061034202575684,39633019090240603,M,3550.6,5.1332,0.4158
4528.000000000211,-1.0749366283416748,0.2755051851272583,0.9530327916145325,39633019090240603,M,3550.6,5.1332,0.4158
4528.800000000211,4.607929229736328,0.293099045753479,0.9765583872795105,39633019090240603,M,3550.6,5.1332,0.4158
4529.600000000211,-1.0086243152618408,0.2954334616661072,1.1236695051193237,39633019090240603,M,3550.6,5.1332,0.4158
4530.400000000212,0.20294563472270966,0.29207491874694824,1.2779139280319214,39633019090240603,M,3550.6,5.1332,0.4158
4531.200000000212,-0.7161043286323547,0.2733655571937561,1.301118016242981,39633019090240603,M,3550.6,5.1332,0.4158
4532.000000000212,1.1142065525054932,0.28924307227134705,1.2092020511627197,39633019090240603,M,3550.6,5.1332,0.4158
4532.800000000212,0.7492793798446655,0.29237478971481323,1.1323719024658203,39633019090240603,M,3550.6,5.1332,0.4158
4533.600000000212,-0.5577999353408813,0.2833721339702606,0.9776316285133362,39633019090240603,M,3550.6,5.1332,0.4158
4534.4000000002125,2.916513204574585,0.2917330861091614,0.8098854422569275,39633019090240603,M,3550.6,5.1332,0.4158
4535.200000000213,0.8083322048187256,0.26701468229293823,0.7500340342521667,39633019090240603,M,3550.6,5.1332,0.4158
4536.000000000213,2.3468711376190186,0.3060195744037628,0.6601301431655884,39633019090240603,M,3550.6,5.1332,0.4158
4536.800000000213,-0.8580193519592285,0.3309066593647003,0.6710991263389587,39633019090240603,M,3550.6,5.1332,0.4158
4537.600000000213,-0.48330140113830566,0.28672510385513306,0.9547762274742126,39633019090240603,M,3550.6,5.1332,0.4158
4538.400000000213,3.0827834606170654,0.286620169878006,1.2995078563690186,39633019090240603,M,3550.6,5.1332,0.4158
4539.200000000214,-0.16298842430114746,0.2791041135787964,1.4794068336486816,39633019090240603,M,3550.6,5.1332,0.4158
4540.000000000214,4.067442893981934,0.2892634868621826,1.5276659727096558,39633019090240603,M,3550.6,5.1332,0.4158
4540.800000000214,3.594204902648926,0.2862641513347626,1.4893524646759033,39633019090240603,M,3550.6,5.1332,0.4158
4541.600000000214,2.5733838081359863,0.2894004285335541,1.4446901082992554,39633019090240603,M,3550.6,5.1332,0.4158
4542.400000000214,2.1072094440460205,0.30364343523979187,1.4829792976379395,39633019090240603,M,3550.6,5.1332,0.4158
4543.2000000002145,4.80659294128418,0.27841007709503174,1.4850990772247314,39633019090240603,M,3550.6,5.1332,0.4158
4544.000000000215,0.14579331874847412,0.29957079887390137,1.4835952520370483,39633019090240603,M,3550.6,5.1332,0.4158
4544.800000000215,0.8634933829307556,0.3033825159072876,1.4000152349472046,39633019090240603,M,3550.6,5.1332,0.4158
4545.600000000215,1.712427020072937,0.26963871717453003,1.2142605781555176,39633019090240603,M,3550.6,5.1332,0.4158
4546.400000000215,-2.7318649291992188,0.3080882132053375,1.1185449361801147,39633019090240603,M,3550.6,5.1332,0.4158
4547.200000000215,4.817049026489258,0.32073017954826355,1.1731736660003662,39633019090240603,M,3550.6,5.1332,0.4158
4548.000000000216,0.28574898838996887,0.3063492476940155,1.2883192300796509,39633019090240603,M,3550.6,5.1332,0.4158
4548.800000000216,-0.012660164386034012,0.2791518568992615,1.1911050081253052,39633019090240603,M,3550.6,5.1332,0.4158
4549.600000000216,1.0390480756759644,0.2898431420326233,1.0276074409484863,39633019090240603,M,3550.6,5.1332,0.4158
4550.400000000216,5.523241996765137,0.31617099046707153,1.0796480178833008,39633019090240603,M,3550.6,5.1332,0.4158
4551.200000000216,2.275056838989258,0.2974678575992584,1.256579875946045,39633019090240603,M,3550.6,5.1332,0.4158
4552.0000000002165,0.47393155097961426,0.26867058873176575,1.3172470331192017,39633019090240603,M,3550.6,5.1332,0.4158
4552.800000000217,-0.579015851020813,0.26195359230041504,1.1679363250732422,39633019090240603,M,3550.6,5.1332,0.4158
4553.600000000217,-2.0724053382873535,0.28492483496665955,1.0402247905731201,39633019090240603,M,3550.6,5.1332,0.4158
4554.400000000217,1.6283016204833984,0.2920806109905243,1.0997689962387085,39633019090240603,M,3550.6,5.1332,0.4158
4555.200000000217,2.049013614654541,0.26965251564979553,1.1431970596313477,39633019090240603,M,3550.6,5.1332,0.4158
4556.000000000217,-2.3209033012390137,0.28443172574043274,1.1417336463928223,39633019090240603,M,3550.6,5.1332,0.4158
4556.800000000218,2.7170286178588867,0.2999317944049835,1.1918232440948486,39633019090240603,M,3550.6,5.1332,0.4158
4557.600000000218,-2.0402421951293945,0.28801462054252625,1.3897638320922852,39633019090240603,M,3550.6,5.1332,0.4158
4558.400000000218,-0.2579408884048462,0.2926090955734253,1.5568931102752686,39633019090240603,M,3550.6,5.1332,0.4158
4559.200000000218,1.3631564378738403,0.3055556118488312,1.620649814605713,39633019090240603,M,3550.6,5.1332,0.4158
4560.000000000218,2.1295278072357178,0.3067602813243866,1.6478397846221924,39633019090240603,M,3550.6,5.1332,0.4158
4560.8000000002185,-1.6979601383209229,0.29043447971343994,1.6410326957702637,39633019090240603,M,3550.6,5.1332,0.4158
4561.600000000219,2.3830907344818115,0.29340672492980957,1.647112488746643,39633019090240603,M,3550.6,5.1332,0.4158
4562.400000000219,1.8985413312911987,0.3058629631996155,1.6145514249801636,39633019090240603,M,3550.6,5.1332,0.4158
4563.200000000219,3.0896902084350586,0.2798241972923279,1.516654133796692,39633019090240603,M,3550.6,5.1332,0.4158
4564.000000000219,4.55735969543457,0.30190202593803406,1.4877530336380005,39633019090240603,M,3550.6,5.1332,0.4158
4564.800000000219,2.273590564727783,0.3091651201248169,1.5761181116104126,39633019090240603,M,3550.6,5.1332,0.4158
4565.60000000022,-2.1999711990356445,0.30894628167152405,1.5324078798294067,39633019090240603,M,3550.6,5.1332,0.4158
4566.40000000022,2.036806344985962,0.32400691509246826,1.4565907716751099,39633019090240603,M,3550.6,5.1332,0.4158
4567.20000000022,3.1524457931518555,0.3113662004470825,1.6269447803497314,39633019090240603,M,3550.6,5.1332,0.4158
4568.00000000022,2.1133012771606445,0.3070586919784546,1.7853187322616577,39633019090240603,M,3550.6,5.1332,0.4158
4568.80000000022,3.1223349571228027,0.30860692262649536,1.8289666175842285,39633019090240603,M,3550.6,5.1332,0.4158
4569.6000000002205,1.6456502676010132,0.29391545057296753,1.7897182703018188,39633019090240603,M,3550.6,5.1332,0.4158
4570.400000000221,-2.5632431507110596,0.3112662434577942,1.7023108005523682,39633019090240603,M,3550.6,5.1332,0.4158
4571.200000000221,-0.3615158200263977,0.3214445114135742,1.6222927570343018,39633019090240603,M,3550.6,5.1332,0.4158
4572.000000000221,3.886134386062622,0.31918808817863464,1.5929220914840698,39633019090240603,M,3550.6,5.1332,0.4158
4572.800000000221,0.06613156944513321,0.29764309525489807,1.6466525793075562,39633019090240603,M,3550.6,5.1332,0.4158
4573.600000000221,3.2320661544799805,0.2820003628730774,1.8170197010040283,39633019090240603,M,3550.6,5.1332,0.4158
4574.400000000222,2.9971983432769775,0.2999652624130249,1.9407464265823364,39633019090240603,M,3550.6,5.1332,0.4158
4575.200000000222,0.247971311211586,0.2983552813529968,1.893736720085144,39633019090240603,M,3550.6,5.1332,0.4158
4576.000000000222,-0.873349666595459,0.2993016242980957,1.8017562627792358,39633019090240603,M,3550.6,5.1332,0.4158
4576.800000000222,-1.520875096321106,0.3066473603248596,1.737878441810608,39633019090240603,M,3550.6,5.1332,0.4158
4577.600000000222,1.4548158645629883,0.3154444694519043,1.607823133468628,39633019090240603,M,3550.6,5.1332,0.4158
4578.4000000002225,3.0191049575805664,0.2884243130683899,1.3657925128936768,39633019090240603,M,3550.6,5.1332,0.4158
4579.200000000223,2.210731267929077,0.3088121712207794,1.214060664176941,39633019090240603,M,3550.6,5.1332,0.4158
4580.000000000223,2.4050416946411133,0.3292778730392456,1.1533409357070923,39633019090240603,M,3550.6,5.1332,0.4158
4580.800000000223,0.7569933533668518,0.3427882194519043,1.1062301397323608,39633019090240603,M,3550.6,5.1332,0.4158
4581.600000000223,0.5403827428817749,0.35339242219924927,1.0377554893493652,39633019090240603,M,3550.6,5.1332,0.4158
4582.400000000223,0.5533965826034546,0.32731688022613525,1.060408115386963,39633019090240603,M,3550.6,5.1332,0.4158
4583.200000000224,-0.21369434893131256,0.3289155960083008,1.270356297492981,39633019090240603,M,3550.6,5.1332,0.4158
4584.000000000224,1.6291778087615967,0.3329773545265198,1.4496203660964966,39633019090240603,M,3550.6,5.1332,0.4158
4584.800000000224,0.006535266526043415,0.33547791838645935,1.388034701347351,39633019090240603,M,3550.6,5.1332,0.4158
4585.600000000224,3.2403757572174072,0.339536190032959,1.1613867282867432,39633019090240603,M,3550.6,5.1332,0.4158
4586.400000000224,4.2271575927734375,0.33905327320098877,0.908593475818634,39633019090240603,M,3550.6,5.1332,0.4158
4587.2000000002245,1.7637988328933716,0.32019856572151184,0.8070347905158997,39633019090240603,M,3550.6,5.1332,0.4158
4588.000000000225,2.945014238357544,0.3366796374320984,0.9436306953430176,39633019090240603,M,3550.6,5.1332,0.4158
4588.800000000225,-0.4808160364627838,0.335823655128479,1.117019534111023,39633019090240603,M,3550.6,5.1332,0.4158
4589.600000000225,2.5801196098327637,0.3192821741104126,1.2010447978973389,39633019090240603,M,3550.6,5.1332,0.4158
4590.400000000225,-1.96553635597229,0.32004621624946594,1.246297836303711,39633019090240603,M,3550.6,5.1332,0.4158
4591.200000000225,-0.9610113501548767,0.3025134205818176,1.267180323600769,39633019090240603,M,3550.6,5.1332,0.4158
4592.000000000226,2.8664705753326416,0.322631299495697,1.1817939281463623,39633019090240603,M,3550.6,5.1332,0.4158
4592.800000000226,2.055699110031128,0.33936893939971924,1.0751150846481323,39633019090240603,M,3550.6,5.1332,0.4158
4593.600000000226,0.16970165073871613,0.3013974130153656,1.0346451997756958,39633019090240603,M,3550.6,5.1332,0.4158
4594.400000000226,1.6666043996810913,0.30766451358795166,1.0193828344345093,39633019090240603,M,3550.6,5.1332,0.4158
4595.200000000226,-0.20439161360263824,0.3318215012550354,1.0326714515686035,39633019090240603,M,3550.6,5.1332,0.4158
4596.0000000002265,3.2971999645233154,0.35716015100479126,1.1656752824783325,39633019090240603,M,3550.6,5.1332,0.4158
4596.800000000227,1.287353515625,0.32059359550476074,1.2744269371032715,39633019090240603,M,3550.6,5.1332,0.4158
4597.600000000227,3.0082433223724365,0.31575268507003784,1.3219925165176392,39633019090240603,M,3550.6,5.1332,0.4158
4598.400000000227,2.9234209060668945,0.31097516417503357,1.3574340343475342,39633019090240603,M,3550.6,5.1332,0.4158
4599.200000000227,0.5133898258209229,0.33722227811813354,1.3668162822723389,39633019090240603,M,3550.6,5.1332,0.4158
4600.000000000227,3.8227946758270264,0.3473217487335205,1.3379795551300049,39633019090240603,M,3550.6,5.1332,0.4158
4600.800000000228,0.7532116770744324,0.3190856873989105,1.2333701848983765,39633019090240603,M,3550.6,5.1332,0.4158
4601.600000000228,3.2127363681793213,0.32226958870887756,1.139690637588501,39633019090240603,M,3550.6,5.1332,0.4158
4602.400000000228,1.3222678899765015,0.3252946734428406,1.1774739027023315,39633019090240603,M,3550.6,5.1332,0.4158
4603.200000000228,2.5569684505462646,0.34274962544441223,1.2639670372009277,39633019090240603,M,3550.6,5.1332,0.4158
4604.000000000228,2.3952198028564453,0.3421696722507477,1.3404878377914429,39633019090240603,M,3550.6,5.1332,0.4158
4604.8000000002285,2.759840250015259,0.323701947927475,1.4695734977722168,39633019090240603,M,3550.6,5.1332,0.4158
4605.600000000229,3.4403202533721924,0.3429087996482849,1.5353339910507202,39633019090240603,M,3550.6,5.1332,0.4158
4606.400000000229,1.3596234321594238,0.3317984640598297,1.4945807456970215,39633019090240603,M,3550.6,5.1332,0.4158
4607.200000000229,0.7822012305259705,0.33053722977638245,1.3550095558166504,39633019090240603,M,3550.6,5.1332,0.4158
4608.000000000229,3.5032951831817627,0.34093594551086426,1.2099918127059937,39633019090240603,M,3550.6,5.1332,0.4158
4608.800000000229,3.320936679840088,0.31021648645401,1.249254584312439,39633019090240603,M,3550.6,5.1332,0.4158
4609.60000000023,0.004814090207219124,0.3106728792190552,1.4637373685836792,39633019090240603,M,3550.6,5.1332,0.4158
4610.40000000023,1.5430629253387451,0.3022647202014923,1.5770922899246216,39633019090240603,M,3550.6,5.1332,0.4158
4611.20000000023,0.6637256145477295,0.3460477292537689,1.5461879968643188,39633019090240603,M,3550.6,5.1332,0.4158
4612.00000000023,2.1819467544555664,0.30819588899612427,1.5356431007385254,39633019090240603,M,3550.6,5.1332,0.4158
4612.80000000023,0.3239542543888092,0.34229525923728943,1.5408697128295898,39633019090240603,M,3550.6,5.1332,0.4158
4613.6000000002305,3.593116521835327,0.3479297161102295,1.4704490900039673,39633019090240603,M,3550.6,5.1332,0.4158
4614.400000000231,5.001218318939209,0.3759526014328003,1.467343807220459,39633019090240603,M,3550.6,5.1332,0.4158
4615.200000000231,0.008737985976040363,0.32753273844718933,1.6389778852462769,39633019090240603,M,3550.6,5.1332,0.4158
4616.000000000231,2.410968542098999,0.3408273756504059,1.6598284244537354,39633019090240603,M,3550.6,5.1332,0.4158
4616.800000000231,2.731473922729492,0.3287048935890198,1.4476642608642578,39633019090240603,M,3550.6,5.1332,0.4158
4617.600000000231,1.5802026987075806,0.3361341953277588,1.310996413230896,39633019090240603,M,3550.6,5.1332,0.4158
4618.400000000232,0.6241676807403564,0.34055614471435547,1.3451833724975586,39633019090240603,M,3550.6,5.1332,0.4158
4619.200000000232,4.253109455108643,0.3230302333831787,1.4999358654022217,39633019090240603,M,3550.6,5.1332,0.4158
4620.000000000232,3.407130002975464,0.3390529155731201,1.5901912450790405,39633019090240603,M,3550.6,5.1332,0.4158
4620.800000000232,0.05732117220759392,0.3446725010871887,1.6729015111923218,39633019090240603,M,3550.6,5.1332,0.4158
4621.600000000232,1.9172298908233643,0.33573979139328003,1.8339104652404785,39633019090240603,M,3550.6,5.1332,0.4158
4622.4000000002325,2.9974238872528076,0.316751629114151,1.871031403541565,39633019090240603,M,3550.6,5.1332,0.4158
4623.200000000233,2.525371551513672,0.3521375060081482,1.7344096899032593,39633019090240603,M,3550.6,5.1332,0.4158
4624.000000000233,1.1974644660949707,0.3187180459499359,1.6033684015274048,39633019090240603,M,3550.6,5.1332,0.4158
4624.800000000233,0.12003904581069946,0.3331984877586365,1.6345001459121704,39633019090240603,M,3550.6,5.1332,0.4158
4625.600000000233,-0.9366753697395325,0.33765050768852234,1.6887273788452148,39633019090240603,M,3550.6,5.1332,0.4158
4626.400000000233,3.4959218502044678,0.3299402892589569,1.523976445198059,39633019090240603,M,3550.6,5.1332,0.4158
4627.200000000234,-0.6930690407752991,0.34857529401779175,1.218879222869873,39633019090240603,M,3550.6,5.1332,0.4158
4628.000000000234,0.014777153730392456,0.3490215539932251,1.1440279483795166,39633019090240603,M,3550.6,5.1332,0.4158
4628.800000000234,1.178696632385254,0.3405725657939911,1.1995174884796143,39633019090240603,M,3550.6,5.1332,0.4158
4629.600000000234,4.970551013946533,0.33713242411613464,1.1816266775131226,39633019090240603,M,3550.6,5.1332,0.4158
4630.400000000234,0.8330097794532776,0.3575906455516815,1.136644959449768,39633019090240603,M,3550.6,5.1332,0.4158
4631.2000000002345,-0.34527143836021423,0.3458735942840576,1.166060447692871,39633019090240603,M,3550.6,5.1332,0.4158
4632.000000000235,4.082514762878418,0.3285638689994812,1.243643045425415,39633019090240603,M,3550.6,5.1332,0.4158
4632.800000000235,1.4924793243408203,0.34028318524360657,1.2904562950134277,39633019090240603,M,3550.6,5.1332,0.4158
4633.600000000235,-0.17239436507225037,0.36120444536209106,1.3229764699935913,39633019090240603,M,3550.6,5.1332,0.4158
4634.400000000235,2.996098279953003,0.350647509098053,1.3535029888153076,39633019090240603,M,3550.6,5.1332,0.4158
4635.200000000235,0.770768940448761,0.3286447823047638,1.4208036661148071,39633019090240603,M,3550.6,5.1332,0.4158
4636.000000000236,0.23899313807487488,0.3266451954841614,1.470085620880127,39633019090240603,M,3550.6,5.1332,0.4158
4636.800000000236,1.208217978477478,0.3275173604488373,1.4733316898345947,39633019090240603,M,3550.6,5.1332,0.4158
4637.600000000236,1.3629121780395508,0.326518714427948,1.3931275606155396,39633019090240603,M,3550.6,5.1332,0.4158
4638.400000000236,3.099926233291626,0.3214026689529419,1.2455166578292847,39633019090240603,M,3550.6,5.1332,0.4158
4639.200000000236,5.342464447021484,0.3427751362323761,1.1555155515670776,39633019090240603,M,3550.6,5.1332,0.4158
4640.0000000002365,1.9121016263961792,0.36333444714546204,1.1336898803710938,39633019090240603,M,3550.6,5.1332,0.4158
4640.800000000237,3.9450526237487793,0.3584326207637787,1.13581120967865,39633019090240603,M,3550.6,5.1332,0.4158
4641.600000000237,0.8198305368423462,0.34727442264556885,1.3032870292663574,39633019090240603,M,3550.6,5.1332,0.4158
4642.400000000237,-0.571962296962738,0.336076021194458,1.4912710189819336,39633019090240603,M,3550.6,5.1332,0.4158
4643.200000000237,0.8447912335395813,0.36274123191833496,1.5570303201675415,39633019090240603,M,3550.6,5.1332,0.4158
4644.000000000237,2.21103572845459,0.324369341135025,1.4584929943084717,39633019090240603,M,3550.6,5.1332,0.4158
4644.800000000238,2.604823112487793,0.3551637530326843,1.3156839609146118,39633019090240603,M,3550.6,5.1332,0.4158
4645.600000000238,4.712159156799316,0.32558175921440125,1.2058991193771362,39633019090240603,M,3550.6,5.1332,0.4158
4646.400000000238,-1.090596079826355,0.34464889764785767,1.1116880178451538,39633019090240603,M,3550.6,5.1332,0.4158
4647.200000000238,0.621823251247406,0.38524872064590454,1.0775883197784424,39633019090240603,M,3550.6,5.1332,0.4158
4648.000000000238,2.832127571105957,0.3604700565338135,1.238187313079834,39633019090240603,M,3550.6,5.1332,0.4158
4648.8000000002385,1.9312705993652344,0.3648117184638977,1.3830448389053345,39633019090240603,M,3550.6,5.1332,0.4158
4649.600000000239,-0.2801615297794342,0.3636319637298584,1.4628181457519531,39633019090240603,M,3550.6,5.1332,0.4158
4650.400000000239,0.11481507122516632,0.36111727356910706,1.487086296081543,39633019090240603,M,3550.6,5.1332,0.4158
4651.200000000239,-0.46131598949432373,0.3438012897968292,1.3924541473388672,39633019090240603,M,3550.6,5.1332,0.4158
4652.000000000239,0.3346043825149536,0.36518919467926025,1.2015458345413208,39633019090240603,M,3550.6,5.1332,0.4158
4652.800000000239,2.211688280105591,0.33949458599090576,1.0644569396972656,39633019090240603,M,3550.6,5.1332,0.4158
4653.60000000024,3.0586142539978027,0.3619156777858734,1.1991064548492432,39633019090240603,M,3550.6,5.1332,0.4158
4654.40000000024,2.1612775325775146,0.36681973934173584,1.4581007957458496,39633019090240603,M,3550.6,5.1332,0.4158
4655.20000000024,-0.8057234287261963,0.35506168007850647,1.5097970962524414,39633019090240603,M,3550.6,5.1332,0.4158
4656.00000000024,-0.48779237270355225,0.343994140625,1.4055050611495972,39633019090240603,M,3550.6,5.1332,0.4158
4656.80000000024,0.22051601111888885,0.36270225048065186,1.2983729839324951,39633019090240603,M,3550.6,5.1332,0.4158
4657.6000000002405,-0.6370601058006287,0.3393489718437195,1.2307136058807373,39633019090240603,M,3550.6,5.1332,0.4158
4658.400000000241,-0.5336345434188843,0.35946735739707947,1.4447475671768188,39633019090240603,M,3550.6,5.1332,0.4158
4659.200000000241,0.8058550357818604,0.34103524684906006,1.6754497289657593,39633019090240603,M,3550.6,5.1332,0.4158
4660.000000000241,1.6093707084655762,0.3453406095504761,1.6889678239822388,39633019090240603,M,3550.6,5.1332,0.4158
4660.800000000241,1.9682387113571167,0.3513767719268799,1.7287927865982056,39633019090240603,M,3550.6,5.1332,0.4158
4661.600000000241,1.1720956563949585,0.35199829936027527,1.7815783023834229,39633019090240603,M,3550.6,5.1332,0.4158
4662.400000000242,1.3353462219238281,0.3520645797252655,1.7117118835449219,39633019090240603,M,3550.6,5.1332,0.4158
4663.200000000242,0.5475183129310608,0.3557814359664917,1.6862484216690063,39633019090240603,M,3550.6,5.1332,0.4158
4664.000000000242,1.0401389598846436,0.3567092716693878,1.7470872402191162,39633019090240603,M,3550.6,5.1332,0.4158
4664.800000000242,3.7895402908325195,0.3429090976715088,1.7291133403778076,39633019090240603,M,3550.6,5.1332,0.4158
4665.600000000242,0.9788778424263,0.3545675277709961,1.69337797164917,39633019090240603,M,3550.6,5.1332,0.4158
4666.4000000002425,0.8964200615882874,0.3642471134662628,1.69019615650177,39633019090240603,M,3550.6,5.1332,0.4158
4667.200000000243,1.8919179439544678,0.38218414783477783,1.587692379951477,39633019090240603,M,3550.6,5.1332,0.4158
4668.000000000243,2.1583213806152344,0.3667444586753845,1.3216114044189453,39633019090240603,M,3550.6,5.1332,0.4158
4668.800000000243,-1.7084605693817139,0.4091830253601074,1.1079908609390259,39633019090240603,M,3550.6,5.1332,0.4158
4669.600000000243,1.8090169429779053,0.386266827583313,1.1482136249542236,39633019090240603,M,3550.6,5.1332,0.4158
4670.400000000243,0.27422237396240234,0.37473124265670776,1.2186084985733032,39633019090240603,M,3550.6,5.1332,0.4158
4671.200000000244,5.174198150634766,0.33807575702667236,1.2405657768249512,39633019090240603,M,3550.6,5.1332,0.4158
4672.000000000244,2.2908263206481934,0.34642893075942993,1.2329602241516113,39633019090240603,M,3550.6,5.1332,0.4158
4672.800000000244,-0.04087444394826889,0.37092679738998413,1.242163062095642,39633019090240603,M,3550.6,5.1332,0.4158
4673.600000000244,-0.41629961133003235,0.3577173948287964,1.329045057296753,39633019090240603,M,3550.6,5.1332,0.4158
4674.400000000244,0.18731741607189178,0.3781600594520569,1.4255110025405884,39633019090240603,M,3550.6,5.1332,0.4158
4675.2000000002445,-0.9783317446708679,0.3792476952075958,1.4003820419311523,39633019090240603,M,3550.6,5.1332,0.4158
4676.000000000245,2.0197932720184326,0.3386843204498291,1.324776530265808,39633019090240603,M,3550.6,5.1332,0.4158
4676.800000000245,2.0301568508148193,0.35600006580352783,1.4156761169433594,39633019090240603,M,3550.6,5.1332,0.4158
4677.600000000245,4.554306983947754,0.3664294183254242,1.5336956977844238,39633019090240603,M,3550.6,5.1332,0.4158
4678.400000000245,-1.605425238609314,0.3442867398262024,1.5740145444869995,39633019090240603,M,3550.6,5.1332,0.4158
4679.200000000245,-0.059787340462207794,0.36258113384246826,1.522695541381836,39633019090240603,M,3550.6,5.1332,0.4158
4680.000000000246,1.7317092418670654,0.3723013401031494,1.41902494430542,39633019090240603,M,3550.6,5.1332,0.4158
4680.800000000246,1.2861751317977905,0.3777008652687073,1.315963625907898,39633019090240603,M,3550.6,5.1332,0.4158
4681.600000000246,3.1856255531311035,0.3815383315086365,1.199316143989563,39633019090240603,M,3550.6,5.1332,0.4158
4682.400000000246,0.43756818771362305,0.4064481854438782,1.053876519203186,39633019090240603,M,3550.6,5.1332,0.4158
4683.200000000246,-0.4177190065383911,0.36885324120521545,1.0098532438278198,39633019090240603,M,3550.6,5.1332,0.4158
4684.0000000002465,2.7449474334716797,0.37308400869369507,1.2070432901382446,39633019090240603,M,3550.6,5.1332,0.4158
4684.800000000247,0.8746951222419739,0.3574323058128357,1.3779115676879883,39633019090240603,M,3550.6,5.1332,0.4158
4685.600000000247,0.7243625521659851,0.3844950497150421,1.3709837198257446,39633019090240603,M,3550.6,5.1332,0.4158
4686.400000000247,-0.4825296700000763,0.39032799005508423,1.3718215227127075,39633019090240603,M,3550.6,5.1332,0.4158
4687.200000000247,-1.1311569213867188,0.39047110080718994,1.5018433332443237,39633019090240603,M,3550.6,5.1332,0.4158
4688.000000000247,2.9285452365875244,0.39438003301620483,1.6100248098373413,39633019090240603,M,3550.6,5.1332,0.4158
4688.800000000248,1.1126127243041992,0.3760969340801239,1.6508824825286865,39633019090240603,M,3550.6,5.1332,0.4158
4689.600000000248,-0.5748805999755859,0.3735330104827881,1.6974952220916748,39633019090240603,M,3550.6,5.1332,0.4158
4690.400000000248,-0.06286581605672836,0.3783954679965973,1.6564263105392456,39633019090240603,M,3550.6,5.1332,0.4158
4691.200000000248,0.7694461345672607,0.35927319526672363,1.5022571086883545,39633019090240603,M,3550.6,5.1332,0.4158
4692.000000000248,4.969510555267334,0.4001753330230713,1.3327651023864746,39633019090240603,M,3550.6,5.1332,0.4158
4692.8000000002485,-1.8071080446243286,0.3625384569168091,1.3500841856002808,39633019090240603,M,3550.6,5.1332,0.4158
4693.600000000249,1.5690191984176636,0.38221311569213867,1.5183870792388916,39633019090240603,M,3550.6,5.1332,0.4158
4694.400000000249,0.237326517701149,0.3958970308303833,1.6765930652618408,39633019090240603,M,3550.6,5.1332,0.4158
4695.200000000249,1.6831823587417603,0.3953564763069153,1.8136460781097412,39633019090240603,M,3550.6,5.1332,0.4158
4696.000000000249,-0.20215986669063568,0.3820422291755676,1.9427660703659058,39633019090240603,M,3550.6,5.1332,0.4158
4696.800000000249,2.8609890937805176,0.361446738243103,1.9484727382659912,39633019090240603,M,3550.6,5.1332,0.4158
4697.60000000025,2.122666597366333,0.37700486183166504,1.9006998538970947,39633019090240603,M,3550.6,5.1332,0.4158
4698.40000000025,4.009346008300781,0.3727882504463196,1.7966994047164917,39633019090240603,M,3550.6,5.1332,0.4158
4699.20000000025,0.7664278149604797,0.4002901315689087,1.621412754058838,39633019090240603,M,3550.6,5.1332,0.4158
4700.00000000025,2.842634677886963,0.3766029477119446,1.5540827512741089,39633019090240603,M,3550.6,5.1332,0.4158
4700.80000000025,2.349480390548706,0.3708081841468811,1.7190481424331665,39633019090240603,M,3550.6,5.1332,0.4158
4701.6000000002505,1.585957646369934,0.4044371545314789,1.8553210496902466,39633019090240603,M,3550.6,5.1332,0.4158
4702.400000000251,-0.0780520811676979,0.3978502154350281,1.9080950021743774,39633019090240603,M,3550.6,5.1332,0.4158
4703.200000000251,0.47728610038757324,0.40177804231643677,1.847623348236084,39633019090240603,M,3550.6,5.1332,0.4158
4704.000000000251,2.0932366847991943,0.3956427276134491,1.7595970630645752,39633019090240603,M,3550.6,5.1332,0.4158
4704.800000000251,0.2826685309410095,0.39359161257743835,1.7761117219924927,39633019090240603,M,3550.6,5.1332,0.4158
4705.600000000251,4.0188307762146,0.3933972716331482,1.8689746856689453,39633019090240603,M,3550.6,5.1332,0.4158
4706.400000000252,2.9378552436828613,0.36225852370262146,1.9592945575714111,39633019090240603,M,3550.6,5.1332,0.4158
4707.200000000252,3.0531797409057617,0.37607017159461975,2.035069704055786,39633019090240603,M,3550.6,5.1332,0.4158
4708.000000000252,2.459378719329834,0.35802844166755676,1.9938784837722778,39633019090240603,M,3550.6,5.1332,0.4158
4708.800000000252,0.2812862694263458,0.40961694717407227,1.9724291563034058,39633019090240603,M,3550.6,5.1332,0.4158
4709.600000000252,-0.4555594325065613,0.3806854784488678,2.0016329288482666,39633019090240603,M,3550.6,5.1332,0.4158
4710.4000000002525,-0.8932211995124817,0.41055890917778015,1.9374287128448486,39633019090240603,M,3550.6,5.1332,0.4158
4711.200000000253,-0.7107489109039307,0.3910522758960724,1.8502033948898315,39633019090240603,M,3550.6,5.1332,0.4158
4712.000000000253,2.525289535522461,0.39251428842544556,1.9339523315429688,39633019090240603,M,3550.6,5.1332,0.4158
4712.800000000253,1.703310251235962,0.355090856552124,1.974740982055664,39633019090240603,M,3550.6,5.1332,0.4158
4713.600000000253,0.2313767820596695,0.41822633147239685,1.891677737236023,39633019090240603,M,3550.6,5.1332,0.4158
4714.400000000253,1.145850658416748,0.3867003619670868,1.7201614379882812,39633019090240603,M,3550.6,5.1332,0.4158
4715.200000000254,-1.6550160646438599,0.39017096161842346,1.6055644750595093,39633019090240603,M,3550.6,5.1332,0.4158
4716.000000000254,-0.2787203788757324,0.37741562724113464,1.570742130279541,39633019090240603,M,3550.6,5.1332,0.4158
4716.800000000254,1.7862095832824707,0.40566378831863403,1.6110399961471558,39633019090240603,M,3550.6,5.1332,0.4158
4717.600000000254,3.0191268920898438,0.39692774415016174,1.6538363695144653,39633019090240603,M,3550.6,5.1332,0.4158
4718.400000000254,1.6036148071289062,0.38806474208831787,1.6191389560699463,39633019090240603,M,3550.6,5.1332,0.4158
4719.2000000002545,-0.534323513507843,0.3643304109573364,1.621871829032898,39633019090240603,M,3550.6,5.1332,0.4158
4720.000000000255,2.5800437927246094,0.35392656922340393,1.694286584854126,39633019090240603,M,3550.6,5.1332,0.4158
4720.800000000255,3.206310749053955,0.3665507733821869,1.6920442581176758,39633019090240603,M,3550.6,5.1332,0.4158
4721.600000000255,-0.05415661633014679,0.3810522258281708,1.6645630598068237,39633019090240603,M,3550.6,5.1332,0.4158
4722.400000000255,4.032717704772949,0.3776143491268158,1.6170426607131958,39633019090240603,M,3550.6,5.1332,0.4158
4723.200000000255,-1.3291707038879395,0.377183198928833,1.5002394914627075,39633019090240603,M,3550.6,5.1332,0.4158
4724.000000000256,0.13929736614227295,0.39112919569015503,1.4313703775405884,39633019090240603,M,3550.6,5.1332,0.4158
4724.800000000256,1.1107906103134155,0.40295854210853577,1.5749276876449585,39633019090240603,M,3550.6,5.1332,0.4158
4725.600000000256,-0.14167724549770355,0.38648080825805664,1.7646666765213013,39633019090240603,M,3550.6,5.1332,0.4158
4726.400000000256,1.0639772415161133,0.3581727147102356,1.8154791593551636,39633019090240603,M,3550.6,5.1332,0.4158
4727.200000000256,2.086529493331909,0.3672312796115875,1.8258494138717651,39633019090240603,M,3550.6,5.1332,0.4158
4728.0000000002565,-0.8357964158058167,0.3741198182106018,1.7780165672302246,39633019090240603,M,3550.6,5.1332,0.4158
4728.800000000257,2.6162359714508057,0.3844705820083618,1.7432767152786255,39633019090240603,M,3550.6,5.1332,0.4158
4729.600000000257,3.0622401237487793,0.4092923104763031,1.7975965738296509,39633019090240603,M,3550.6,5.1332,0.4158
4730.400000000257,6.2469353675842285,0.3762858211994171,1.830669641494751,39633019090240603,M,3550.6,5.1332,0.4158
4731.200000000257,1.5531270503997803,0.40530169010162354,1.7820806503295898,39633019090240603,M,3550.6,5.1332,0.4158
4732.000000000257,1.324779987335205,0.4124928116798401,1.7354192733764648,39633019090240603,M,3550.6,5.1332,0.4158
4732.800000000258,2.7510488033294678,0.3676908612251282,1.828513264656067,39633019090240603,M,3550.6,5.1332,0.4158
4733.600000000258,-0.13764867186546326,0.36381202936172485,1.8824794292449951,39633019090240603,M,3550.6,5.1332,0.4158
4734.400000000258,1.9266146421432495,0.37731921672821045,1.7616020441055298,39633019090240603,M,3550.6,5.1332,0.4158
4735.200000000258,0.7531782388687134,0.3959280252456665,1.7942924499511719,39633019090240603,M,3550.6,5.1332,0.4158
4736.000000000258,2.1334009170532227,0.4025241732597351,1.875819206237793,39633019090240603,M,3550.6,5.1332,0.4158
4736.8000000002585,2.720857620239258,0.40867266058921814,1.8041481971740723,39633019090240603,M,3550.6,5.1332,0.4158
4737.600000000259,3.3882029056549072,0.42317819595336914,1.6976680755615234,39633019090240603,M,3550.6,5.1332,0.4158
4738.400000000259,-0.01148091722279787,0.4063863158226013,1.6593670845031738,39633019090240603,M,3550.6,5.1332,0.4158
4739.200000000259,4.3209052085876465,0.37368425726890564,1.6771538257598877,39633019090240603,M,3550.6,5.1332,0.4158
4740.000000000259,3.304079294204712,0.41210997104644775,1.7403079271316528,39633019090240603,M,3550.6,5.1332,0.4158
4740.800000000259,1.6197915077209473,0.3646277189254761,1.879661202430725,39633019090240603,M,3550.6,5.1332,0.4158
4741.60000000026,-0.845292866230011,0.397163987159729,1.9542818069458008,39633019090240603,M,3550.6,5.1332,0.4158
4742.40000000026,2.219951868057251,0.3957962393760681,1.818087100982666,39633019090240603,M,3550.6,5.1332,0.4158
4743.20000000026,-0.308920681476593,0.3850555717945099,1.7334572076797485,39633019090240603,M,3550.6,5.1332,0.4158
4744.00000000026,4.61729097366333,0.3932610750198364,1.793789267539978,39633019090240603,M,3550.6,5.1332,0.4158
4744.80000000026,1.5990018844604492,0.3687106966972351,1.8566715717315674,39633019090240603,M,3550.6,5.1332,0.4158
4745.6000000002605,-0.24951958656311035,0.3886300027370453,1.883507251739502,39633019090240603,M,3550.6,5.1332,0.4158
4746.400000000261,6.454764366149902,0.3856199383735657,1.9964616298675537,39633019090240603,M,3550.6,5.1332,0.4158
4747.200000000261,2.285125255584717,0.3879023790359497,2.0938847064971924,39633019090240603,M,3550.6,5.1332,0.4158
4748.000000000261,1.9080239534378052,0.3672577142715454,2.0431275367736816,39633019090240603,M,3550.6,5.1332,0.4158
4748.800000000261,0.45415517687797546,0.38423728942871094,2.0117406845092773,39633019090240603,M,3550.6,5.1332,0.4158
4749.600000000261,2.6114392280578613,0.3920878469944,2.0672767162323,39633019090240603,M,3550.6,5.1332,0.4158
4750.400000000262,-0.21405622363090515,0.395199179649353,2.015303134918213,39633019090240603,M,3550.6,5.1332,0.4158
4751.200000000262,2.187401056289673,0.3882470726966858,1.8779497146606445,39633019090240603,M,3550.6,5.1332,0.4158
4752.000000000262,1.9313541650772095,0.3773461580276489,1.8649165630340576,39633019090240603,M,3550.6,5.1332,0.4158
4752.800000000262,-0.17880575358867645,0.4082573354244232,1.924917221069336,39633019090240603,M,3550.6,5.1332,0.4158
4753.600000000262,0.8772115707397461,0.42083653807640076,1.877819299697876,39633019090240603,M,3550.6,5.1332,0.4158
4754.4000000002625,1.8624485731124878,0.40335556864738464,1.809648036956787,39633019090240603,M,3550.6,5.1332,0.4158
4755.200000000263,2.153538465499878,0.4002349376678467,1.7967764139175415,39633019090240603,M,3550.6,5.1332,0.4158
4756.000000000263,-0.40357640385627747,0.3731306493282318,1.9430917501449585,39633019090240603,M,3550.6,5.1332,0.4158
4756.800000000263,3.1318840980529785,0.39346450567245483,2.034301280975342,39633019090240603,M,3550.6,5.1332,0.4158
4757.600000000263,4.356109142303467,0.39477604627609253,1.8916056156158447,39633019090240603,M,3550.6,5.1332,0.4158
4758.400000000263,2.8944947719573975,0.41762012243270874,1.7102104425430298,39633019090240603,M,3550.6,5.1332,0.4158
4759.200000000264,2.310194730758667,0.4053686857223511,1.5894790887832642,39633019090240603,M,3550.6,5.1332,0.4158
4760.000000000264,1.353261947631836,0.4081380367279053,1.4369884729385376,39633019090240603,M,3550.6,5.1332,0.4158
4760.800000000264,2.6995553970336914,0.40816009044647217,1.3190786838531494,39633019090240603,M,3550.6,5.1332,0.4158
4761.600000000264,0.39739301800727844,0.38523027300834656,1.2955470085144043,39633019090240603,M,3550.6,5.1332,0.4158
4762.400000000264,3.1082425117492676,0.40190476179122925,1.2250864505767822,39633019090240603,M,3550.6,5.1332,0.4158
4763.2000000002645,-3.78987455368042,0.41175004839897156,1.090985894203186,39633019090240603,M,3550.6,5.1332,0.4158
4764.000000000265,-1.996711015701294,0.4289196729660034,1.0165632963180542,39633019090240603,M,3550.6,5.1332,0.4158
4764.800000000265,1.2856162786483765,0.4018452763557434,1.0576115846633911,39633019090240603,M,3550.6,5.1332,0.4158
4765.600000000265,0.28984755277633667,0.4077605903148651,1.1150028705596924,39633019090240603,M,3550.6,5.1332,0.4158
4766.400000000265,1.5948940515518188,0.4153999984264374,1.1134058237075806,39633019090240603,M,3550.6,5.1332,0.4158
4767.200000000265,-0.7370550632476807,0.45718076825141907,1.0502508878707886,39633019090240603,M,3550.6,5.1332,0.4158
4768.000000000266,3.939438581466675,0.41955262422561646,1.0643055438995361,39633019090240603,M,3550.6,5.1332,0.4158
4768.800000000266,4.1239142417907715,0.42565885186195374,1.118661880493164,39633019090240603,M,3550.6,5.1332,0.4158
4769.600000000266,-1.0695329904556274,0.4208899736404419,1.1044018268585205,39633019090240603,M,3550.6,5.1332,0.4158
4770.400000000266,1.6558644771575928,0.41365858912467957,1.0797642469406128,39633019090240603,M,3550.6,5.1332,0.4158
4771.200000000266,-0.9262081980705261,0.42949792742729187,1.0992658138275146,39633019090240603,M,3550.6,5.1332,0.4158
4772.0000000002665,1.6437747478485107,0.4044892489910126,1.0854345560073853,39633019090240603,M,3550.6,5.1332,0.4158
4772.800000000267,0.49378517270088196,0.41243210434913635,1.0751965045928955,39633019090240603,M,3550.6,5.1332,0.4158
4773.600000000267,1.3918001651763916,0.3977653384208679,1.1504236459732056,39633019090240603,M,3550.6,5.1332,0.4158
4774.400000000267,2.4669699668884277,0.4071764051914215,1.2460800409317017,39633019090240603,M,3550.6,5.1332,0.4158
4775.200000000267,1.802941918373108,0.39918920397758484,1.2712153196334839,39633019090240603,M,3550.6,5.1332,0.4158
4776.000000000267,1.0799611806869507,0.4075750410556793,1.3102885484695435,39633019090240603,M,3550.6,5.1332,0.4158
4776.800000000268,1.3644284009933472,0.39572858810424805,1.3042268753051758,39633019090240603,M,3550.6,5.1332,0.4158
4777.600000000268,2.941408157348633,0.38852155208587646,1.3451935052871704,39633019090240603,M,3550.6,5.1332,0.4158
4778.400000000268,3.047302007675171,0.40016746520996094,1.4000039100646973,39633019090240603,M,3550.6,5.1332,0.4158
4779.200000000268,1.8535435199737549,0.37953758239746094,1.3419760465621948,39633019090240603,M,3550.6,5.1332,0.4158
4780.000000000268,0.6957679390907288,0.39966028928756714,1.2796275615692139,39633019090240603,M,3550.6,5.1332,0.4158
4780.8000000002685,2.3476741313934326,0.4123882055282593,1.2526090145111084,39633019090240603,M,3550.6,5.1332,0.4158
4781.600000000269,2.876540422439575,0.42602646350860596,1.2701934576034546,39633019090240603,M,3550.6,5.1332,0.4158
4782.400000000269,1.1917214393615723,0.45282214879989624,1.2351192235946655,39633019090240603,M,3550.6,5.1332,0.4158
4783.200000000269,1.279329538345337,0.3952636122703552,1.1897051334381104,39633019090240603,M,3550.6,5.1332,0.4158
4784.000000000269,1.9467006921768188,0.44938233494758606,1.2025760412216187,39633019090240603,M,3550.6,5.1332,0.4158
4784.800000000269,-1.5039570331573486,0.45304781198501587,1.2290915250778198,39633019090240603,M,3550.6,5.1332,0.4158
4785.60000000027,1.507845163345337,0.49084895849227905,1.2396496534347534,39633019090240603,M,3550.6,5.1332,0.4158
4786.40000000027,0.6138769388198853,0.4713328182697296,1.323047161102295,39633019090240603,M,3550.6,5.1332,0.4158
4787.20000000027,3.19858455657959,0.43544620275497437,1.4100844860076904,39633019090240603,M,3550.6,5.1332,0.4158
4788.00000000027,2.1762752532958984,0.4607073962688446,1.3503848314285278,39633019090240603,M,3550.6,5.1332,0.4158
4788.80000000027,2.4691896438598633,0.45101088285446167,1.283921241760254,39633019090240603,M,3550.6,5.1332,0.4158
4789.6000000002705,2.2055094242095947,0.46819841861724854,1.268677830696106,39633019090240603,M,3550.6,5.1332,0.4158
4790.400000000271,0.6428207755088806,0.45763063430786133,1.2132617235183716,39633019090240603,M,3550.6,5.1332,0.4158
4791.200000000271,-0.4694058895111084,0.47311586141586304,1.1997705698013306,39633019090240603,M,3550.6,5.1332,0.4158
4792.000000000271,1.8322570323944092,0.4521598219871521,1.2965275049209595,39633019090240603,M,3550.6,5.1332,0.4158
4792.800000000271,4.264228343963623,0.4572894871234894,1.3085030317306519,39633019090240603,M,3550.6,5.1332,0.4158
4793.600000000271,4.196826457977295,0.4597710967063904,1.2702964544296265,39633019090240603,M,3550.6,5.1332,0.4158
4794.400000000272,2.9933249950408936,0.42928701639175415,1.2641079425811768,39633019090240603,M,3550.6,5.1332,0.4158
4795.200000000272,1.0020064115524292,0.4166942834854126,1.282382845878601,39633019090240603,M,3550.6,5.1332,0.4158
4796.000000000272,0.39732012152671814,0.43948131799697876,1.3462573289871216,39633019090240603,M,3550.6,5.1332,0.4158
4796.800000000272,1.5406486988067627,0.4272918403148651,1.416892647743225,39633019090240603,M,3550.6,5.1332,0.4158
4797.600000000272,1.154244065284729,0.4118631184101105,1.4200254678726196,39633019090240603,M,3550.6,5.1332,0.4158
4798.4000000002725,2.8428401947021484,0.4794597029685974,1.421694040298462,39633019090240603,M,3550.6,5.1332,0.4158
4799.200000000273,0.1467512995004654,0.4257563352584839,1.3122587203979492,39633019090240603,M,3550.6,5.1332,0.4158
4800.000000000273,0.8171901702880859,0.43432652950286865,1.150496482849121,39633019090240603,M,3550.6,5.1332,0.4158
4800.800000000273,1.4200012683868408,0.4856071472167969,1.1180410385131836,39633019090240603,M,3550.6,5.1332,0.4158
4801.600000000273,2.7690846920013428,0.4714343547821045,1.181512713432312,39633019090240603,M,3550.6,5.1332,0.4158
4802.400000000273,1.255405306816101,0.46663057804107666,1.2069063186645508,39633019090240603,M,3550.6,5.1332,0.4158
4803.200000000274,2.350548267364502,0.464143842458725,1.1489009857177734,39633019090240603,M,3550.6,5.1332,0.4158
4804.000000000274,2.8308117389678955,0.4324894845485687,1.0901167392730713,39633019090240603,M,3550.6,5.1332,0.4158
4804.800000000274,0.08869147300720215,0.43268680572509766,0.9962688088417053,39633019090240603,M,3550.6,5.1332,0.4158
4805.600000000274,2.5648388862609863,0.4713897705078125,0.867418646812439,39633019090240603,M,3550.6,5.1332,0.4158
4806.400000000274,2.241204261779785,0.455006867647171,0.7655559778213501,39633019090240603,M,3550.6,5.1332,0.4158
4807.2000000002745,0.7140446305274963,0.4387724697589874,0.7445327043533325,39633019090240603,M,3550.6,5.1332,0.4158
4808.000000000275,0.647366464138031,0.4489688277244568,0.7392874956130981,39633019090240603,M,3550.6,5.1332,0.4158
4808.800000000275,2.56937837600708,0.4594515562057495,0.6902093291282654,39633019090240603,M,3550.6,5.1332,0.4158
4809.600000000275,-0.9478799104690552,0.4559209942817688,0.6550545692443848,39633019090240603,M,3550.6,5.1332,0.4158
4810.400000000275,2.506765365600586,0.4724670350551605,0.6601220369338989,39633019090240603,M,3550.6,5.1332,0.4158
4811.200000000275,0.030306681990623474,0.46305227279663086,0.6608486175537109,39633019090240603,M,3550.6,5.1332,0.4158
4812.000000000276,1.9639554023742676,0.43673959374427795,0.6368096470832825,39633019090240603,M,3550.6,5.1332,0.4158
4812.800000000276,0.7497485280036926,0.4598095417022705,0.6280877590179443,39633019090240603,M,3550.6,5.1332,0.4158
4813.600000000276,0.8184754848480225,0.45066773891448975,0.6688564419746399,39633019090240603,M,3550.6,5.1332,0.4158
4814.400000000276,-0.7288363575935364,0.44346511363983154,0.7625091671943665,39633019090240603,M,3550.6,5.1332,0.4158
4815.200000000276,2.0098962783813477,0.4375138282775879,0.8308036923408508,39633019090240603,M,3550.6,5.1332,0.4158
4816.0000000002765,0.12027650326490402,0.44298768043518066,0.9045209884643555,39633019090240603,M,3550.6,5.1332,0.4158
4816.800000000277,1.527762532234192,0.4324371814727783,1.0095913410186768,39633019090240603,M,3550.6,5.1332,0.4158
4817.600000000277,0.9294727444648743,0.47533953189849854,1.0577666759490967,39633019090240603,M,3550.6,5.1332,0.4158
4818.400000000277,-0.052050478756427765,0.43580901622772217,0.9566540122032166,39633019090240603,M,3550.6,5.1332,0.4158
4819.200000000277,2.4399161338806152,0.45740807056427,0.8685745596885681,39633019090240603,M,3550.6,5.1332,0.4158
4820.000000000277,1.8278162479400635,0.4500766694545746,0.8945596218109131,39633019090240603,M,3550.6,5.1332,0.4158
4820.800000000278,2.7336044311523438,0.4495810568332672,0.9051051735877991,39633019090240603,M,3550.6,5.1332,0.4158
4821.600000000278,4.884162425994873,0.4272959232330322,0.9094721674919128,39633019090240603,M,3550.6,5.1332,0.4158
4822.400000000278,-0.056446947157382965,0.45966577529907227,1.051248550415039,39633019090240603,M,3550.6,5.1332,0.4158
4823.200000000278,3.4326765537261963,0.4011037349700928,1.1934359073638916,39633019090240603,M,3550.6,5.1332,0.4158
4824.000000000278,2.12058424949646,0.4802999198436737,1.1807069778442383,39633019090240603,M,3550.6,5.1332,0.4158
4824.8000000002785,-0.15199102461338043,0.42894309759140015,1.1589429378509521,39633019090240603,M,3550.6,5.1332,0.4158
4825.600000000279,0.602648138999939,0.4611459970474243,1.1846598386764526,39633019090240603,M,3550.6,5.1332,0.4158
4826.400000000279,1.3042495250701904,0.455105185508728,1.149187445640564,39633019090240603,M,3550.6,5.1332,0.4158
4827.200000000279,1.6603670120239258,0.4498344659805298,1.1050020456314087,39633019090240603,M,3550.6,5.1332,0.4158
4828.000000000279,5.60490083694458,0.4534693956375122,1.0261085033416748,39633019090240603,M,3550.6,5.1332,0.4158
4828.800000000279,1.2033402919769287,0.46098899841308594,0.9982412457466125,39633019090240603,M,3550.6,5.1332,0.4158
4829.60000000028,1.3101959228515625,0.4449704885482788,1.11408531665802,39633019090240603,M,3550.6,5.1332,0.4158
4830.40000000028,1.4291555881500244,0.46526122093200684,1.1836764812469482,39633019090240603,M,3550.6,5.1332,0.4158
4831.20000000028,1.6619476079940796,0.4332752227783203,1.196690320968628,39633019090240603,M,3550.6,5.1332,0.4158
4832.00000000028,1.2728968858718872,0.47469499707221985,1.2117360830307007,39633019090240603,M,3550.6,5.1332,0.4158
4832.80000000028,-0.6890237927436829,0.4775340259075165,1.1661376953125,39633019090240603,M,3550.6,5.1332,0.4158
4833.6000000002805,1.6593695878982544,0.4672892689704895,1.2846218347549438,39633019090240603,M,3550.6,5.1332,0.4158
4834.400000000281,1.8116085529327393,0.4558507800102234,1.5643240213394165,39633019090240603,M,3550.6,5.1332,0.4158
4835.200000000281,1.8856502771377563,0.42722809314727783,1.5669777393341064,39633019090240603,M,3550.6,5.1332,0.4158
4836.000000000281,0.6738166213035583,0.46863165497779846,1.5251367092132568,39633019090240603,M,3550.6,5.1332,0.4158
4836.800000000281,1.8829288482666016,0.4628817141056061,1.532723069190979,39633019090240603,M,3550.6,5.1332,0.4158
4837.600000000281,3.3399298191070557,0.43375498056411743,1.5377752780914307,39633019090240603,M,3550.6,5.1332,0.4158
4838.400000000282,1.827307105064392,0.45129624009132385,1.638832926750183,39633019090240603,M,3550.6,5.1332,0.4158
4839.200000000282,1.9069801568984985,0.42929962277412415,1.6194663047790527,39633019090240603,M,3550.6,5.1332,0.4158
4840.000000000282,2.1571109294891357,0.4683394432067871,1.5189809799194336,39633019090240603,M,3550.6,5.1332,0.4158
4840.800000000282,0.20108669996261597,0.45343682169914246,1.419716477394104,39633019090240603,M,3550.6,5.1332,0.4158
4841.600000000282,0.719368040561676,0.44797608256340027,1.2828755378723145,39633019090240603,M,3550.6,5.1332,0.4158
4842.4000000002825,2.3960325717926025,0.4384784400463104,1.2721352577209473,39633019090240603,M,3550.6,5.1332,0.4158
4843.200000000283,-0.10030503571033478,0.4487956762313843,1.3631621599197388,39633019090240603,M,3550.6,5.1332,0.4158
4844.000000000283,3.09018611907959,0.4650287330150604,1.455328345298767,39633019090240603,M,3550.6,5.1332,0.4158
4844.800000000283,2.1674046516418457,0.4425017237663269,1.4477951526641846,39633019090240603,M,3550.6,5.1332,0.4158
4845.600000000283,3.062669038772583,0.4425105154514313,1.4843721389770508,39633019090240603,M,3550.6,5.1332,0.4158
4846.400000000283,1.1236214637756348,0.46347323060035706,1.6096376180648804,39633019090240603,M,3550.6,5.1332,0.4158
4847.200000000284,2.3955957889556885,0.42443835735321045,1.5509833097457886,39633019090240603,M,3550.6,5.1332,0.4158
4848.000000000284,1.984507441520691,0.4448564648628235,1.5171152353286743,39633019090240603,M,3550.6,5.1332,0.4158
4848.800000000284,1.3496071100234985,0.48435503244400024,1.4012198448181152,39633019090240603,M,3550.6,5.1332,0.4158
4849.600000000284,1.8570636510849,0.44354772567749023,1.2655444145202637,39633019090240603,M,3550.6,5.1332,0.4158
4850.400000000284,2.1694753170013428,0.4769872725009918,1.1773178577423096,39633019090240603,M,3550.6,5.1332,0.4158
4851.2000000002845,0.6178213357925415,0.46285393834114075,1.1129876375198364,39633019090240603,M,3550.6,5.1332,0.4158
4852.000000000285,1.055647373199463,0.4532996416091919,1.0228344202041626,39633019090240603,M,3550.6,5.1332,0.4158
4852.800000000285,-0.08065313845872879,0.453912615776062,0.992767333984375,39633019090240603,M,3550.6,5.1332,0.4158
4853.600000000285,0.1724008023738861,0.45015662908554077,1.064711332321167,39633019090240603,M,3550.6,5.1332,0.4158
4854.400000000285,-2.0783307552337646,0.49956363439559937,1.1467044353485107,39633019090240603,M,3550.6,5.1332,0.4158
4855.200000000285,2.288792848587036,0.4577387273311615,1.1831308603286743,39633019090240603,M,3550.6,5.1332,0.4158
4856.000000000286,3.3480987548828125,0.4989117383956909,1.2020206451416016,39633019090240603,M,3550.6,5.1332,0.4158
4856.800000000286,3.4863667488098145,0.49965301156044006,1.1956597566604614,39633019090240603,M,3550.6,5.1332,0.4158
4857.600000000286,1.4460082054138184,0.519805371761322,1.2249257564544678,39633019090240603,M,3550.6,5.1332,0.4158
4858.400000000286,2.198444128036499,0.49077802896499634,1.2785935401916504,39633019090240603,M,3550.6,5.1332,0.4158
4859.200000000286,1.9534441232681274,0.5124609470367432,1.3092200756072998,39633019090240603,M,3550.6,5.1332,0.4158
4860.0000000002865,0.4808516502380371,0.5605934858322144,1.2995364665985107,39633019090240603,M,3550.6,5.1332,0.4158
4860.800000000287,0.511103630065918,0.5524989366531372,1.2698919773101807,39633019090240603,M,3550.6,5.1332,0.4158
4861.600000000287,0.5839236974716187,0.6335999369621277,1.3134232759475708,39633019090240603,M,3550.6,5.1332,0.4158
4862.400000000287,-0.2966481149196625,0.5293804407119751,1.3802202939987183,39633019090240603,M,3550.6,5.1332,0.4158
4863.200000000287,3.446317434310913,0.5001407861709595,1.3829854726791382,39633019090240603,M,3550.6,5.1332,0.4158
4864.000000000287,1.5599679946899414,0.5106379389762878,1.370694637298584,39633019090240603,M,3550.6,5.1332,0.4158
4864.800000000288,3.0248360633850098,0.5457663536071777,1.3051903247833252,39633019090240603,M,3550.6,5.1332,0.4158
4865.600000000288,0.40129953622817993,0.5404538512229919,1.250508189201355,39633019090240603,M,3550.6,5.1332,0.4158
4866.400000000288,0.28718021512031555,0.5654433965682983,1.3060290813446045,39633019090240603,M,3550.6,5.1332,0.4158
4867.200000000288,1.9464448690414429,0.5586230754852295,1.3880441188812256,39633019090240603,M,3550.6,5.1332,0.4158
4868.000000000288,0.3126213550567627,0.506008505821228,1.4394603967666626,39633019090240603,M,3550.6,5.1332,0.4158
4868.8000000002885,0.6649402379989624,0.5306487679481506,1.3961139917373657,39633019090240603,M,3550.6,5.1332,0.4158
4869.600000000289,0.5600699782371521,0.48586273193359375,1.4223744869232178,39633019090240603,M,3550.6,5.1332,0.4158
4870.400000000289,1.3744120597839355,0.4894051253795624,1.5079034566879272,39633019090240603,M,3550.6,5.1332,0.4158
4871.200000000289,0.3769308924674988,0.4906688332557678,1.5254626274108887,39633019090240603,M,3550.6,5.1332,0.4158
4872.000000000289,1.6356661319732666,0.5457820892333984,1.5099486112594604,39633019090240603,M,3550.6,5.1332,0.4158
4872.800000000289,0.7427663803100586,0.5612558126449585,1.5339486598968506,39633019090240603,M,3550.6,5.1332,0.4158
4873.60000000029,-0.24654017388820648,0.5367653965950012,1.5763076543807983,39633019090240603,M,3550.6,5.1332,0.4158
4874.40000000029,2.6507210731506348,0.5387182831764221,1.6330816745758057,39633019090240603,M,3550.6,5.1332,0.4158
4875.20000000029,-0.37559184432029724,0.481822669506073,1.6048616170883179,39633019090240603,M,3550.6,5.1332,0.4158
4876.00000000029,-0.6943657398223877,0.4932880699634552,1.4852828979492188,39633019090240603,M,3550.6,5.1332,0.4158
4876.80000000029,0.7867732048034668,0.5120550394058228,1.3782824277877808,39633019090240603,M,3550.6,5.1332,0.4158
4877.6000000002905,0.1706160455942154,0.48960942029953003,1.418939232826233,39633019090240603,M,3550.6,5.1332,0.4158
4878.400000000291,1.180284857749939,0.4779367744922638,1.357924222946167,39633019090240603,M,3550.6,5.1332,0.4158
4879.200000000291,1.3009861707687378,0.5249861478805542,1.202860713005066,39633019090240603,M,3550.6,5.1332,0.4158
4880.000000000291,-1.1331608295440674,0.48059871792793274,1.344857096672058,39633019090240603,M,3550.6,5.1332,0.4158
4880.800000000291,3.502626895904541,0.4358208179473877,1.6397430896759033,39633019090240603,M,3550.6,5.1332,0.4158
4881.600000000291,-0.3139156103134155,0.4663958251476288,1.6888046264648438,39633019090240603,M,3550.6,5.1332,0.4158
4882.400000000292,-0.7711998820304871,0.4901700019836426,1.58475923538208,39633019090240603,M,3550.6,5.1332,0.4158
4883.200000000292,1.991965889930725,0.5115922093391418,1.6445413827896118,39633019090240603,M,3550.6,5.1332,0.4158
4884.000000000292,2.4793033599853516,0.4845026135444641,1.795127034187317,39633019090240603,M,3550.6,5.1332,0.4158
4884.800000000292,2.6700122356414795,0.49299585819244385,1.97306227684021,39633019090240603,M,3550.6,5.1332,0.4158
4885.600000000292,0.9293363690376282,0.4670623242855072,2.02405047416687,39633019090240603,M,3550.6,5.1332,0.4158
4886.4000000002925,-0.9539881944656372,0.498910129070282,2.043546199798584,39633019090240603,M,3550.6,5.1332,0.4158
4887.200000000293,1.5689762830734253,0.5079756379127502,2.1626038551330566,39633019090240603,M,3550.6,5.1332,0.4158
4888.000000000293,2.51914119720459,0.5027347803115845,2.1466686725616455,39633019090240603,M,3550.6,5.1332,0.4158
4888.800000000293,0.8888561725616455,0.5081958174705505,2.1042795181274414,39633019090240603,M,3550.6,5.1332,0.4158
4889.600000000293,2.861786127090454,0.48631131649017334,2.187812089920044,39633019090240603,M,3550.6,5.1332,0.4158
4890.400000000293,1.6617909669876099,0.5068318843841553,2.2549021244049072,39633019090240603,M,3550.6,5.1332,0.4158
4891.200000000294,1.8855326175689697,0.5111758708953857,2.1874072551727295,39633019090240603,M,3550.6,5.1332,0.4158
4892.000000000294,-0.32494986057281494,0.5274639129638672,1.937422752380371,39633019090240603,M,3550.6,5.1332,0.4158
4892.800000000294,1.3355525732040405,0.5017833709716797,1.8800508975982666,39633019090240603,M,3550.6,5.1332,0.4158
4893.600000000294,3.4338417053222656,0.47183412313461304,2.019829750061035,39633019090240603,M,3550.6,5.1332,0.4158
4894.400000000294,-1.6316213607788086,0.48340147733688354,2.074770927429199,39633019090240603,M,3550.6,5.1332,0.4158
4895.2000000002945,-0.09897928684949875,0.5056414008140564,2.1412389278411865,39633019090240603,M,3550.6,5.1332,0.4158
4896.000000000295,2.38714861869812,0.48478490114212036,2.2885501384735107,39633019090240603,M,3550.6,5.1332,0.4158
4896.800000000295,-1.027925729751587,0.4722306430339813,2.3645355701446533,39633019090240603,M,3550.6,5.1332,0.4158
4897.600000000295,4.458651065826416,0.45814600586891174,2.401540756225586,39633019090240603,M,3550.6,5.1332,0.4158
4898.400000000295,2.636996269226074,0.44743794202804565,2.3594303131103516,39633019090240603,M,3550.6,5.1332,0.4158
4899.200000000295,0.5290172100067139,0.4805307686328888,2.310687303543091,39633019090240603,M,3550.6,5.1332,0.4158
4900.000000000296,1.3220980167388916,0.49452900886535645,2.2705609798431396,39633019090240603,M,3550.6,5.1332,0.4158
4900.800000000296,1.927725076675415,0.4853954315185547,2.1291825771331787,39633019090240603,M,3550.6,5.1332,0.4158
4901.600000000296,1.3602631092071533,0.4786771535873413,2.150754928588867,39633019090240603,M,3550.6,5.1332,0.4158
4902.400000000296,2.2597203254699707,0.46893247961997986,2.351531744003296,39633019090240603,M,3550.6,5.1332,0.4158
4903.200000000296,2.8276116847991943,0.4823779761791229,2.427243709564209,39633019090240603,M,3550.6,5.1332,0.4158
4904.0000000002965,1.656798243522644,0.48738205432891846,2.3054685592651367,39633019090240603,M,3550.6,5.1332,0.4158
4904.800000000297,1.8624649047851562,0.49367421865463257,2.2292397022247314,39633019090240603,M,3550.6,5.1332,0.4158
4905.600000000297,4.006356239318848,0.47707027196884155,2.331209182739258,39633019090240603,M,3550.6,5.1332,0.4158
4906.400000000297,0.6761096715927124,0.4706761837005615,2.3829736709594727,39633019090240603,M,3550.6,5.1332,0.4158
4907.200000000297,2.8485162258148193,0.47423648834228516,2.2654831409454346,39633019090240603,M,3550.6,5.1332,0.4158
4908.000000000297,2.1853675842285156,0.45506811141967773,2.1838836669921875,39633019090240603,M,3550.6,5.1332,0.4158
4908.800000000298,2.697187662124634,0.47671350836753845,2.2069568634033203,39633019090240603,M,3550.6,5.1332,0.4158
4909.600000000298,1.2475874423980713,0.5089514255523682,2.206144094467163,39633019090240603,M,3550.6,5.1332,0.4158
4910.400000000298,1.3510137796401978,0.4604676067829132,2.291316032409668,39633019090240603,M,3550.6,5.1332,0.4158
4911.200000000298,1.910178303718567,0.5014510154724121,2.4332258701324463,39633019090240603,M,3550.6,5.1332,0.4158
4912.000000000298,1.3233940601348877,0.5129837989807129,2.554692506790161,39633019090240603,M,3550.6,5.1332,0.4158
4912.8000000002985,2.6203560829162598,0.4954097867012024,2.648285388946533,39633019090240603,M,3550.6,5.1332,0.4158
4913.600000000299,0.028772855177521706,0.4780679941177368,2.613161563873291,39633019090240603,M,3550.6,5.1332,0.4158
4914.400000000299,2.2313156127929688,0.49638378620147705,2.3582043647766113,39633019090240603,M,3550.6,5.1332,0.4158
4915.200000000299,0.9661498665809631,0.49789920449256897,2.2742919921875,39633019090240603,M,3550.6,5.1332,0.4158
4916.000000000299,3.381408452987671,0.4716658294200897,2.4812474250793457,39633019090240603,M,3550.6,5.1332,0.4158
4916.800000000299,4.672399997711182,0.46402937173843384,2.6945912837982178,39633019090240603,M,3550.6,5.1332,0.4158
4917.6000000003,2.187537670135498,0.47623950242996216,2.7602553367614746,39633019090240603,M,3550.6,5.1332,0.4158
4918.4000000003,3.5177860260009766,0.4858117699623108,2.752497434616089,39633019090240603,M,3550.6,5.1332,0.4158
4919.2000000003,2.196803092956543,0.45865148305892944,2.69311785697937,39633019090240603,M,3550.6,5.1332,0.4158
4920.0000000003,4.042755126953125,0.5361648797988892,2.483510732650757,39633019090240603,M,3550.6,5.1332,0.4158
4920.8000000003,2.716445207595825,0.5412377715110779,2.294064521789551,39633019090240603,M,3550.6,5.1332,0.4158
4921.6000000003005,4.755067825317383,0.5648950338363647,2.2161455154418945,39633019090240603,M,3550.6,5.1332,0.4158
4922.400000000301,2.5816593170166016,0.514732301235199,2.4073824882507324,39633019090240603,M,3550.6,5.1332,0.4158
4923.200000000301,0.8811432123184204,0.4874374270439148,2.585409641265869,39633019090240603,M,3550.6,5.1332,0.4158
4924.000000000301,4.072103977203369,0.4923352003097534,2.6889567375183105,39633019090240603,M,3550.6,5.1332,0.4158
4924.800000000301,2.553858995437622,0.48688361048698425,2.6684319972991943,39633019090240603,M,3550.6,5.1332,0.4158
4925.600000000301,0.7924891710281372,0.48424965143203735,2.430680751800537,39633019090240603,M,3550.6,5.1332,0.4158
4926.400000000302,1.4098434448242188,0.48869588971138,2.311413288116455,39633019090240603,M,3550.6,5.1332,0.4158
4927.200000000302,3.5910112857818604,0.4940691590309143,2.408416748046875,39633019090240603,M,3550.6,5.1332,0.4158
4928.000000000302,1.5036002397537231,0.4886578321456909,2.6217257976531982,39633019090240603,M,3550.6,5.1332,0.4158
4928.800000000302,2.8042023181915283,0.4953325390815735,2.7527544498443604,39633019090240603,M,3550.6,5.1332,0.4158
4929.600000000302,2.4250121116638184,0.4750427007675171,2.6820743083953857,39633019090240603,M,3550.6,5.1332,0.4158
4930.4000000003025,3.543872833251953,0.47247639298439026,2.602384328842163,39633019090240603,M,3550.6,5.1332,0.4158
4931.200000000303,2.5502545833587646,0.48056989908218384,2.670621156692505,39633019090240603,M,3550.6,5.1332,0.4158
4932.000000000303,-0.8842267394065857,0.4780227243900299,2.7971105575561523,39633019090240603,M,3550.6,5.1332,0.4158
4932.800000000303,5.460559844970703,0.4739406406879425,2.9561192989349365,39633019090240603,M,3550.6,5.1332,0.4158
4933.600000000303,2.828618288040161,0.4991047978401184,2.9184789657592773,39633019090240603,M,3550.6,5.1332,0.4158
4934.400000000303,1.8016242980957031,0.4919503629207611,2.6450443267822266,39633019090240603,M,3550.6,5.1332,0.4158
4935.200000000304,4.203076362609863,0.4803469479084015,2.5253794193267822,39633019090240603,M,3550.6,5.1332,0.4158
4936.000000000304,2.5642974376678467,0.49817875027656555,2.816845417022705,39633019090240603,M,3550.6,5.1332,0.4158
4936.800000000304,1.6143989562988281,0.49289804697036743,3.085413694381714,39633019090240603,M,3550.6,5.1332,0.4158
4937.600000000304,4.317013740539551,0.5248377323150635,3.0778777599334717,39633019090240603,M,3550.6,5.1332,0.4158
4938.400000000304,1.5214331150054932,0.49446916580200195,2.8169901371002197,39633019090240603,M,3550.6,5.1332,0.4158
4939.2000000003045,3.919546365737915,0.5094570517539978,2.368474245071411,39633019090240603,M,3550.6,5.1332,0.4158
4940.000000000305,4.565251350402832,0.5020785927772522,1.927064061164856,39633019090240603,M,3550.6,5.1332,0.4158
4940.800000000305,1.9441250562667847,0.502774715423584,1.7201980352401733,39633019090240603,M,3550.6,5.1332,0.4158
4941.600000000305,2.2082910537719727,0.5170859098434448,1.9542875289916992,39633019090240603,M,3550.6,5.1332,0.4158
4942.400000000305,2.9915080070495605,0.5205422043800354,2.3089466094970703,39633019090240603,M,3550.6,5.1332,0.4158
4943.200000000305,1.4249367713928223,0.4758601784706116,2.503164052963257,39633019090240603,M,3550.6,5.1332,0.4158
4944.000000000306,1.5235122442245483,0.48645979166030884,2.5820815563201904,39633019090240603,M,3550.6,5.1332,0.4158
4944.800000000306,4.637518882751465,0.5097078084945679,2.73954439163208,39633019090240603,M,3550.6,5.1332,0.4158
4945.600000000306,1.3591551780700684,0.518021285533905,2.9088997840881348,39633019090240603,M,3550.6,5.1332,0.4158
4946.400000000306,1.1549166440963745,0.5328018665313721,3.0646770000457764,39633019090240603,M,3550.6,5.1332,0.4158
4947.200000000306,1.7507028579711914,0.5139179229736328,3.133315324783325,39633019090240603,M,3550.6,5.1332,0.4158
4948.0000000003065,0.9791790843009949,0.4743748903274536,3.043085813522339,39633019090240603,M,3550.6,5.1332,0.4158
4948.800000000307,1.6748684644699097,0.5097517967224121,2.7096774578094482,39633019090240603,M,3550.6,5.1332,0.4158
4949.600000000307,4.760322093963623,0.48766589164733887,2.631063938140869,39633019090240603,M,3550.6,5.1332,0.4158
4950.400000000307,1.6484829187393188,0.5299822688102722,2.905024766921997,39633019090240603,M,3550.6,5.1332,0.4158
4951.200000000307,1.835572600364685,0.4889610707759857,3.08296537399292,39633019090240603,M,3550.6,5.1332,0.4158
4952.000000000307,3.143442153930664,0.4845113158226013,3.0583202838897705,39633019090240603,M,3550.6,5.1332,0.4158
4952.800000000308,3.032186269760132,0.5172982215881348,3.1062095165252686,39633019090240603,M,3550.6,5.1332,0.4158
4953.600000000308,2.5549967288970947,0.4857821464538574,3.1815598011016846,39633019090240603,M,3550.6,5.1332,0.4158
4954.400000000308,0.9051023721694946,0.4904100298881531,2.8194479942321777,39633019090240603,M,3550.6,5.1332,0.4158
4955.200000000308,0.9216731786727905,0.4950401186943054,2.0653016567230225,39633019090240603,M,3550.6,5.1332,0.4158
4956.000000000308,4.4184465408325195,0.4515956938266754,1.477920413017273,39633019090240603,M,3550.6,5.1332,0.4158
4956.8000000003085,0.6941171288490295,0.5151552557945251,1.216776967048645,39633019090240603,M,3550.6,5.1332,0.4158
4957.600000000309,-1.0373739004135132,0.5754849910736084,1.0792943239212036,39633019090240603,M,3550.6,5.1332,0.4158
4958.400000000309,-0.3984939455986023,0.5700699687004089,0.9871572852134705,39633019090240603,M,3550.6,5.1332,0.4158
4959.200000000309,-1.461849570274353,0.5534870028495789,1.0608633756637573,39633019090240603,M,3550.6,5.1332,0.4158
4960.000000000309,-0.6151825785636902,0.5377955436706543,1.1926630735397339,39633019090240603,M,3550.6,5.1332,0.4158
4960.800000000309,1.2181392908096313,0.4946463406085968,1.21338951587677,39633019090240603,M,3550.6,5.1332,0.4158
4961.60000000031,1.4109739065170288,0.520929217338562,1.2617859840393066,39633019090240603,M,3550.6,5.1332,0.4158
4962.40000000031,1.7361109256744385,0.48560789227485657,1.3220772743225098,39633019090240603,M,3550.6,5.1332,0.4158
4963.20000000031,2.3232979774475098,0.5049380660057068,1.3162318468093872,39633019090240603,M,3550.6,5.1332,0.4158
4964.00000000031,1.7605243921279907,0.49352699518203735,1.3278486728668213,39633019090240603,M,3550.6,5.1332,0.4158
4964.80000000031,3.718857526779175,0.4803280830383301,1.3812856674194336,39633019090240603,M,3550.6,5.1332,0.4158
4965.6000000003105,1.3947288990020752,0.5460762977600098,1.337546706199646,39633019090240603,M,3550.6,5.1332,0.4158
4966.400000000311,-0.42991581559181213,0.4939090609550476,1.2647271156311035,39633019090240603,M,3550.6,5.1332,0.4158
4967.200000000311,3.421752691268921,0.5315532684326172,1.246196985244751,39633019090240603,M,3550.6,5.1332,0.4158
4968.000000000311,-0.22075092792510986,0.4959412217140198,1.3274126052856445,39633019090240603,M,3550.6,5.1332,0.4158
4968.800000000311,1.3356058597564697,0.521594226360321,1.4292339086532593,39633019090240603,M,3550.6,5.1332,0.4158
4969.600000000311,1.099036693572998,0.4817841053009033,1.5123450756072998,39633019090240603,M,3550.6,5.1332,0.4158
4970.400000000312,2.341634750366211,0.5147864818572998,1.631292700767517,39633019090240603,M,3550.6,5.1332,0.4158
4971.200000000312,4.468182563781738,0.5444375872612,1.7141194343566895,39633019090240603,M,3550.6,5.1332,0.4158
4972.000000000312,5.531851768493652,0.5237309336662292,1.5928930044174194,39633019090240603,M,3550.6,5.1332,0.4158
4972.800000000312,2.8980038166046143,0.49809813499450684,1.3488777875900269,39633019090240603,M,3550.6,5.1332,0.4158
4973.600000000312,1.4918931722640991,0.4932437539100647,1.363641619682312,39633019090240603,M,3550.6,5.1332,0.4158
4974.4000000003125,2.3500216007232666,0.494843065738678,1.5707833766937256,39633019090240603,M,3550.6,5.1332,0.4158
4975.200000000313,1.0294352769851685,0.5551087260246277,1.701771855354309,39633019090240603,M,3550.6,5.1332,0.4158
4976.000000000313,-0.7416702508926392,0.48253145813941956,1.715025782585144,39633019090240603,M,3550.6,5.1332,0.4158
4976.800000000313,0.6732230186462402,0.5246303081512451,1.7277179956436157,39633019090240603,M,3550.6,5.1332,0.4158
4977.600000000313,2.74642276763916,0.5027249455451965,1.6491923332214355,39633019090240603,M,3550.6,5.1332,0.4158
4978.400000000313,1.7167574167251587,0.47968095541000366,1.4250636100769043,39633019090240603,M,3550.6,5.1332,0.4158
4979.200000000314,2.104559898376465,0.5265693068504333,1.2792437076568604,39633019090240603,M,3550.6,5.1332,0.4158
4980.000000000314,2.6362030506134033,0.49268823862075806,1.32057523727417,39633019090240603,M,3550.6,5.1332,0.4158
4980.800000000314,2.209892988204956,0.5380315184593201,1.389503836631775,39633019090240603,M,3550.6,5.1332,0.4158
4981.600000000314,1.165446162223816,0.5470373630523682,1.3503717184066772,39633019090240603,M,3550.6,5.1332,0.4158
4982.400000000314,0.3749910891056061,0.5263277292251587,1.1281700134277344,39633019090240603,M,3550.6,5.1332,0.4158
4983.2000000003145,0.8818479776382446,0.5570194721221924,0.9969558715820312,39633019090240603,M,3550.6,5.1332,0.4158
4984.000000000315,1.5343871116638184,0.6077098846435547,1.1373437643051147,39633019090240603,M,3550.6,5.1332,0.4158
4984.800000000315,0.222786545753479,0.5420621037483215,1.3749281167984009,39633019090240603,M,3550.6,5.1332,0.4158
4985.600000000315,2.3744778633117676,0.583086371421814,1.5687052011489868,39633019090240603,M,3550.6,5.1332,0.4158
4986.400000000315,1.9808534383773804,0.5367512106895447,1.664872646331787,39633019090240603,M,3550.6,5.1332,0.4158
4987.200000000315,-0.4346030056476593,0.5119575262069702,1.7492189407348633,39633019090240603,M,3550.6,5.1332,0.4158
4988.000000000316,1.8943663835525513,0.5057262778282166,1.712339997291565,39633019090240603,M,3550.6,5.1332,0.4158
4988.800000000316,0.6417149901390076,0.5343151092529297,1.5688446760177612,39633019090240603,M,3550.6,5.1332,0.4158
4989.600000000316,1.2927031517028809,0.5005047917366028,1.4930481910705566,39633019090240603,M,3550.6,5.1332,0.4158
4990.400000000316,0.8227937817573547,0.5286704897880554,1.4105714559555054,39633019090240603,M,3550.6,5.1332,0.4158
4991.200000000316,1.95124351978302,0.4999231696128845,1.2503589391708374,39633019090240603,M,3550.6,5.1332,0.4158
4992.0000000003165,1.4018770456314087,0.5215041041374207,1.1037733554840088,39633019090240603,M,3550.6,5.1332,0.4158
4992.800000000317,3.371990203857422,0.5269246101379395,1.1931681632995605,39633019090240603,M,3550.6,5.1332,0.4158
4993.600000000317,0.8049740791320801,0.5542228817939758,1.3582814931869507,39633019090240603,M,3550.6,5.1332,0.4158
4994.400000000317,1.2628098726272583,0.5085601806640625,1.3573700189590454,39633019090240603,M,3550.6,5.1332,0.4158
4995.200000000317,2.092522621154785,0.5450975894927979,1.3129806518554688,39633019090240603,M,3550.6,5.1332,0.4158
4996.000000000317,0.06334182620048523,0.5322790741920471,1.4810717105865479,39633019090240603,M,3550.6,5.1332,0.4158
4996.800000000318,4.514106750488281,0.5288443565368652,1.5543416738510132,39633019090240603,M,3550.6,5.1332,0.4158
4997.600000000318,2.401864767074585,0.4981624186038971,1.44436514377594,39633019090240603,M,3550.6,5.1332,0.4158
4998.400000000318,1.600564956665039,0.518858790397644,1.3606986999511719,39633019090240603,M,3550.6,5.1332,0.4158
4999.200000000318,0.7384462356567383,0.5377016663551331,1.3382189273834229,39633019090240603,M,3550.6,5.1332,0.4158
